 t x y vx vy
 0.000010000 1.000000000 0.000005000 -0.000010000 0.500000000
 0.002720000 0.999996314 0.001359998 -0.002720004 0.499998157
 0.005430000 0.999985285 0.002714987 -0.005430033 0.499992642
 0.008140000 0.999966911 0.004069955 -0.008140112 0.499983455
 0.010850000 0.999941192 0.005424894 -0.010850265 0.499970595
 0.013560000 0.999908129 0.006779793 -0.013560518 0.499954061
 0.016270000 0.999867721 0.008134642 -0.016270895 0.499933854
 0.018980000 0.999819968 0.009489431 -0.018981422 0.499909972
 0.021690000 0.999764869 0.010844151 -0.021692122 0.499882414
 0.024400000 0.999702424 0.012198791 -0.024403022 0.499851179
 0.027110000 0.999632631 0.013553341 -0.027114146 0.499816265
 0.029820000 0.999555492 0.014907792 -0.029825519 0.499777672
 0.032530000 0.999471004 0.016262133 -0.032537165 0.499735397
 0.035240000 0.999379167 0.017616355 -0.035249111 0.499689439
 0.037950000 0.999279981 0.018970447 -0.037961380 0.499639796
 0.040660000 0.999173443 0.020324400 -0.040673999 0.499586465
 0.043370000 0.999059554 0.021678203 -0.043386991 0.499529445
 0.046080000 0.998938313 0.023031847 -0.046100381 0.499468733
 0.048790000 0.998809717 0.024385321 -0.048814196 0.499404327
 0.051500000 0.998673766 0.025738615 -0.051528460 0.499336223
 0.054210000 0.998530459 0.027091720 -0.054243198 0.499264419
 0.056920000 0.998379795 0.028444626 -0.056958435 0.499188912
 0.059630000 0.998221771 0.029797322 -0.059674196 0.499109698
 0.062340000 0.998056387 0.031149798 -0.062390507 0.499026775
 0.065050000 0.997883642 0.032502044 -0.065107392 0.498940139
 0.067760000 0.997703532 0.033854051 -0.067824877 0.498849785
 0.070470000 0.997516057 0.035205808 -0.070542988 0.498755711
 0.073180000 0.997321216 0.036557305 -0.073261748 0.498657912
 0.075890000 0.997119005 0.037908531 -0.075981185 0.498556383
 0.078600000 0.996909424 0.039259478 -0.078701322 0.498451122
 0.081310000 0.996692471 0.040610134 -0.081422186 0.498342123
 0.084020000 0.996468142 0.041960490 -0.084143801 0.498229381
 0.086730000 0.996236438 0.043310535 -0.086866194 0.498112892
 0.089440000 0.995997354 0.044660260 -0.089589390 0.497992651
 0.092150000 0.995750890 0.046009653 -0.092313414 0.497868653
 0.094860000 0.995497042 0.047358705 -0.095038291 0.497740892
 0.097570000 0.995235809 0.048707407 -0.097764049 0.497609363
 0.100280000 0.994967187 0.050055746 -0.100490711 0.497474060
 0.102990000 0.994691175 0.051403714 -0.103218304 0.497334977
 0.105700000 0.994407770 0.052751300 -0.105946854 0.497192109
 0.108410000 0.994116970 0.054098493 -0.108676386 0.497045449
 0.111120000 0.993818771 0.055445284 -0.111406926 0.496894991
 0.113830000 0.993513171 0.056791662 -0.114138500 0.496740729
 0.116540000 0.993200167 0.058137617 -0.116871134 0.496582656
 0.119250000 0.992879755 0.059483138 -0.119604855 0.496420765
 0.121960000 0.992551935 0.060828216 -0.122339687 0.496255048
 0.124670000 0.992216701 0.062172839 -0.125075657 0.496085500
 0.127380000 0.991874051 0.063516997 -0.127812792 0.495912113
 0.130090000 0.991523982 0.064860681 -0.130551117 0.495734878
 0.132800000 0.991166490 0.066203879 -0.133290659 0.495553789
 0.135510000 0.990801573 0.067546581 -0.136031445 0.495368838
 0.138220000 0.990429226 0.068888776 -0.138773500 0.495180016
 0.140930000 0.990049446 0.070230455 -0.141516850 0.494987315
 0.143640000 0.989662231 0.071571606 -0.144261524 0.494790727
 0.146350000 0.989267575 0.072912219 -0.147007546 0.494590244
 0.149060000 0.988865476 0.074252283 -0.149754945 0.494385856
 0.151770000 0.988455930 0.075591789 -0.152503746 0.494177555
 0.154480000 0.988038932 0.076930724 -0.155253976 0.493965331
 0.157190000 0.987614479 0.078269080 -0.158005662 0.493749176
 0.159900000 0.987182568 0.079606844 -0.160758832 0.493529080
 0.162610000 0.986743193 0.080944006 -0.163513512 0.493305032
 0.165320000 0.986296350 0.082280556 -0.166269729 0.493077024
 0.168030000 0.985842037 0.083616482 -0.169027511 0.492845045
 0.170740000 0.985380247 0.084951774 -0.171786884 0.492609085
 0.173450000 0.984910978 0.086286422 -0.174547877 0.492369134
 0.176160000 0.984434224 0.087620414 -0.177310516 0.492125181
 0.178870000 0.983949981 0.088953739 -0.180074829 0.491877214
 0.181580000 0.983458245 0.090286387 -0.182840844 0.491625224
 0.184290000 0.982959010 0.091618347 -0.185608588 0.491369199
 0.187000000 0.982452272 0.092949607 -0.188378089 0.491109127
 0.189710000 0.981938027 0.094280157 -0.191149375 0.490844998
 0.192420000 0.981416269 0.095609986 -0.193922473 0.490576798
 0.195130000 0.980886993 0.096939083 -0.196697413 0.490304517
 0.197840000 0.980350195 0.098267436 -0.199474222 0.490028141
 0.200550000 0.979805869 0.099595034 -0.202252928 0.489747659
 0.203260000 0.979254010 0.100921867 -0.205033560 0.489463058
 0.205970000 0.978694613 0.102247923 -0.207816146 0.489174326
 0.208680000 0.978127673 0.103573191 -0.210600714 0.488881448
 0.211390000 0.977553183 0.104897660 -0.213387294 0.488584412
 0.214100000 0.976971139 0.106221318 -0.216175913 0.488283205
 0.216810000 0.976381536 0.107544154 -0.218966602 0.487977812
 0.219520000 0.975784366 0.108866157 -0.221759388 0.487668220
 0.222230000 0.975179626 0.110187315 -0.224554301 0.487354416
 0.224940000 0.974567308 0.111507617 -0.227351370 0.487036383
 0.227650000 0.973947407 0.112827052 -0.230150624 0.486714109
 0.230360000 0.973319918 0.114145607 -0.232952094 0.486387578
 0.233070000 0.972684833 0.115463272 -0.235755807 0.486056775
 0.235780000 0.972042147 0.116780034 -0.238561794 0.485721685
 0.238490000 0.971391854 0.118095883 -0.241370085 0.485382293
 0.241200000 0.970733947 0.119410806 -0.244180710 0.485038582
 0.243910000 0.970068421 0.120724791 -0.246993698 0.484690538
 0.246620000 0.969395268 0.122037828 -0.249809079 0.484338144
 0.249330000 0.968714481 0.123349904 -0.252626885 0.483981383
 0.252040000 0.968026056 0.124661007 -0.255447145 0.483620239
 0.254750000 0.967329984 0.125971125 -0.258269890 0.483254696
 0.257460000 0.966626259 0.127280247 -0.261095150 0.482884735
 0.260170000 0.965914874 0.128588360 -0.263922957 0.482510340
 0.262880000 0.965195823 0.129895453 -0.266753341 0.482131494
 0.265590000 0.964469097 0.131201513 -0.269586333 0.481748177
 0.268300000 0.963734691 0.132506528 -0.272421964 0.481360373
 0.271010000 0.962992596 0.133810486 -0.275260267 0.480968063
 0.273720000 0.962242806 0.135113374 -0.278101272 0.480571228
 0.276430000 0.961485313 0.136415182 -0.280945010 0.480169850
 0.279140000 0.960720110 0.137715895 -0.283791515 0.479763909
 0.281850000 0.959947189 0.139015502 -0.286640817 0.479353387
 0.284560000 0.959166543 0.140313990 -0.289492949 0.478938262
 0.287270000 0.958378163 0.141611347 -0.292347943 0.478518516
 0.289980000 0.957582043 0.142907561 -0.295205832 0.478094129
 0.292690000 0.956778173 0.144202617 -0.298066648 0.477665079
 0.295400000 0.955966547 0.145496505 -0.300930423 0.477231347
 0.298110000 0.955147156 0.146789211 -0.303797191 0.476792910
 0.300820000 0.954319993 0.148080723 -0.306666985 0.476349749
 0.303530000 0.953485047 0.149371027 -0.309539837 0.475901841
 0.306240000 0.952642313 0.150660111 -0.312415782 0.475449164
 0.308950000 0.951791780 0.151947962 -0.315294853 0.474991697
 0.311660000 0.950933440 0.153234566 -0.318177084 0.474529416
 0.314370000 0.950067286 0.154519912 -0.321062508 0.474062300
 0.317080000 0.949193308 0.155803984 -0.323951160 0.473590325
 0.319790000 0.948311497 0.157086772 -0.326843073 0.473113467
 0.322500000 0.947421844 0.158368260 -0.329738284 0.472631704
 0.325210000 0.946524341 0.159648436 -0.332636825 0.472145011
 0.327920000 0.945618978 0.160927286 -0.335538732 0.471653364
 0.330630000 0.944705747 0.162204798 -0.338444040 0.471156738
 0.333340000 0.943784638 0.163480956 -0.341352784 0.470655108
 0.336050000 0.942855641 0.164755749 -0.344265000 0.470148450
 0.338760000 0.941918747 0.166029161 -0.347180723 0.469636737
 0.341470000 0.940973947 0.167301180 -0.350099990 0.469119944
 0.344180000 0.940021231 0.168571792 -0.353022835 0.468598044
 0.346890000 0.939060590 0.169840982 -0.355949296 0.468071011
 0.349600000 0.938092012 0.171108738 -0.358879408 0.467538818
 0.352310000 0.937115489 0.172375043 -0.361813209 0.467001438
 0.355020000 0.936131011 0.173639886 -0.364750735 0.466458844
 0.357730000 0.935138566 0.174903251 -0.367692024 0.465911006
 0.360440000 0.934138146 0.176165124 -0.370637112 0.465357897
 0.363150000 0.933129739 0.177425492 -0.373586038 0.464799489
 0.365860000 0.932113336 0.178684338 -0.376538839 0.464235751
 0.368570000 0.931088925 0.179941650 -0.379495553 0.463666656
 0.371280000 0.930056496 0.181197413 -0.382456218 0.463092172
 0.373990000 0.929016038 0.182451611 -0.385420873 0.462512270
 0.376700000 0.927967541 0.183704230 -0.388389556 0.461926919
 0.379410000 0.926910993 0.184955256 -0.391362307 0.461336089
 0.382120000 0.925846383 0.186204673 -0.394339164 0.460739748
 0.384830000 0.924773700 0.187452466 -0.397320167 0.460137863
 0.387540000 0.923692934 0.188698621 -0.400305356 0.459530404
 0.390250000 0.922604071 0.189943122 -0.403294771 0.458917338
 0.392960000 0.921507102 0.191185954 -0.406288451 0.458298631
 0.395670000 0.920402014 0.192427101 -0.409286438 0.457674250
 0.398380000 0.919288796 0.193666549 -0.412288772 0.457044162
 0.401090000 0.918167435 0.194904282 -0.415295493 0.456408332
 0.403800000 0.917037920 0.196140284 -0.418306644 0.455766725
 0.406510000 0.915900239 0.197374539 -0.421322266 0.455119307
 0.409220000 0.914754380 0.198607032 -0.424342400 0.454466042
 0.411930000 0.913600329 0.199837746 -0.427367089 0.453806894
 0.414640000 0.912438076 0.201066666 -0.430396375 0.453141826
 0.417350000 0.911267607 0.202293776 -0.433430301 0.452470801
 0.420060000 0.910088910 0.203519059 -0.436468909 0.451793783
 0.422770000 0.908901972 0.204742500 -0.439512243 0.451110733
 0.425480000 0.907706780 0.205964081 -0.442560346 0.450421613
 0.428190000 0.906503321 0.207183786 -0.445613263 0.449726384
 0.430900000 0.905291582 0.208401599 -0.448671037 0.449025007
 0.433610000 0.904071550 0.209617503 -0.451733713 0.448317441
 0.436320000 0.902843212 0.210831481 -0.454801336 0.447603648
 0.439030000 0.901606553 0.212043516 -0.457873950 0.446883585
 0.441740000 0.900361561 0.213253592 -0.460951602 0.446157212
 0.444450000 0.899108222 0.214461690 -0.464034336 0.445424486
 0.447160000 0.897846521 0.215667794 -0.467122199 0.444685365
 0.449870000 0.896576445 0.216871886 -0.470215238 0.443939807
 0.452580000 0.895297981 0.218073949 -0.473313499 0.443187767
 0.455290000 0.894011113 0.219273966 -0.476417028 0.442429202
 0.458000000 0.892715827 0.220471917 -0.479525874 0.441664067
 0.460710000 0.891412109 0.221667787 -0.482640085 0.440892317
 0.463420000 0.890099944 0.222861556 -0.485759708 0.440113906
 0.466130000 0.888779317 0.224053206 -0.488884792 0.439328787
 0.468840000 0.887450214 0.225242719 -0.492015386 0.438536914
 0.471550000 0.886112620 0.226430078 -0.495151538 0.437738240
 0.474260000 0.884766519 0.227615262 -0.498293300 0.436932715
 0.476970000 0.883411897 0.228798255 -0.501440720 0.436120291
 0.479680000 0.882048737 0.229979036 -0.504593848 0.435300919
 0.482390000 0.880677025 0.231157588 -0.507752737 0.434474549
 0.485100000 0.879296744 0.232333890 -0.510917436 0.433641130
 0.487810000 0.877907878 0.233507925 -0.514087998 0.432800610
 0.490520000 0.876510413 0.234679672 -0.517264473 0.431952938
 0.493230000 0.875104331 0.235849112 -0.520446916 0.431098061
 0.495940000 0.873689617 0.237016225 -0.523635378 0.430235926
 0.498650000 0.872266254 0.238180992 -0.526829912 0.429366477
 0.501360000 0.870834225 0.239343393 -0.530030572 0.428489662
 0.504070000 0.869393515 0.240503408 -0.533237413 0.427605423
 0.506780000 0.867944105 0.241661017 -0.536450488 0.426713705
 0.509490000 0.866485980 0.242816199 -0.539669852 0.425814451
 0.512200000 0.865019121 0.243968933 -0.542895562 0.424907603
 0.514910000 0.863543512 0.245119200 -0.546127672 0.423993103
 0.517620000 0.862059136 0.246266978 -0.549366238 0.423070891
 0.520330000 0.860565974 0.247412247 -0.552611319 0.422140907
 0.523040000 0.859064009 0.248554984 -0.555862970 0.421203091
 0.525750000 0.857553223 0.249695170 -0.559121249 0.420257381
 0.528460000 0.856033598 0.250832782 -0.562386215 0.419303714
 0.531170000 0.854505116 0.251967798 -0.565657926 0.418342027
 0.533880000 0.852967759 0.253100198 -0.568936442 0.417372256
 0.536590000 0.851421507 0.254229958 -0.572221821 0.416394337
 0.539300000 0.849866343 0.255357057 -0.575514124 0.415408202
 0.542010000 0.848302247 0.256481473 -0.578813411 0.414413786
 0.544720000 0.846729201 0.257603183 -0.582119745 0.413411020
 0.547430000 0.845147185 0.258722163 -0.585433185 0.412399836
 0.550140000 0.843556180 0.259838392 -0.588753796 0.411380166
 0.552850000 0.841956166 0.260951846 -0.592081638 0.410351937
 0.555560000 0.840347124 0.262062502 -0.595416777 0.409315080
 0.558270000 0.838729034 0.263170337 -0.598759274 0.408269520
 0.560980000 0.837101876 0.264275326 -0.602109196 0.407215187
 0.563690000 0.835465629 0.265377445 -0.605466606 0.406152004
 0.566400000 0.833820274 0.266476672 -0.608831570 0.405079896
 0.569110000 0.832165789 0.267572981 -0.612204155 0.403998788
 0.571820000 0.830502154 0.268666348 -0.615584427 0.402908601
 0.574530000 0.828829348 0.269756748 -0.618972454 0.401809258
 0.577240000 0.827147350 0.270844157 -0.622368302 0.400700678
 0.579950000 0.825456139 0.271928549 -0.625772042 0.399582781
 0.582660000 0.823755692 0.273009898 -0.629183742 0.398455485
 0.585370000 0.822045990 0.274088180 -0.632603471 0.397318707
 0.588080000 0.820327008 0.275163369 -0.636031301 0.396172363
 0.590790000 0.818598727 0.276235437 -0.639467301 0.395016368
 0.593500000 0.816861123 0.277304360 -0.642911545 0.393850636
 0.596210000 0.815114173 0.278370111 -0.646364104 0.392675077
 0.598920000 0.813357856 0.279432662 -0.649825051 0.391489605
 0.601630000 0.811592149 0.280491987 -0.653294461 0.390294127
 0.604340000 0.809817027 0.281548059 -0.656772406 0.389088554
 0.607050000 0.808032469 0.282600850 -0.660258964 0.387872791
 0.609760000 0.806238451 0.283650332 -0.663754208 0.386646746
 0.612470000 0.804434948 0.284696478 -0.667258217 0.385410322
 0.615180000 0.802621938 0.285739259 -0.670771067 0.384163423
 0.617890000 0.800799396 0.286778647 -0.674292836 0.382905950
 0.620600000 0.798967298 0.287814613 -0.677823602 0.381637804
 0.623310000 0.797125620 0.288847127 -0.681363447 0.380358884
 0.626020000 0.795274336 0.289876161 -0.684912448 0.379069087
 0.628730000 0.793413421 0.290901684 -0.688470689 0.377768309
 0.631440000 0.791542852 0.291923668 -0.692038250 0.376456445
 0.634150000 0.789662601 0.292942081 -0.695615214 0.375133387
 0.636860000 0.787772644 0.293956894 -0.699201665 0.373799027
 0.639570000 0.785872955 0.294968075 -0.702797686 0.372453254
 0.642280000 0.783963508 0.295975594 -0.706403364 0.371095957
 0.644990000 0.782044277 0.296979418 -0.710018783 0.369727022
 0.647700000 0.780115234 0.297979517 -0.713644031 0.368346333
 0.650410000 0.778176353 0.298975859 -0.717279195 0.366953774
 0.653120000 0.776227608 0.299968410 -0.720924363 0.365549226
 0.655830000 0.774268971 0.300957139 -0.724579626 0.364132569
 0.658540000 0.772300414 0.301942012 -0.728245074 0.362703679
 0.661250000 0.770321910 0.302922996 -0.731920797 0.361262433
 0.663960000 0.768333430 0.303900057 -0.735606887 0.359808705
 0.666670000 0.766334948 0.304873162 -0.739303439 0.358342366
 0.669380000 0.764326433 0.305842276 -0.743010545 0.356863287
 0.672090000 0.762307858 0.306807364 -0.746728302 0.355371336
 0.674800000 0.760279193 0.307768392 -0.750456804 0.353866379
 0.677510000 0.758240410 0.308725323 -0.754196149 0.352348279
 0.680220000 0.756191478 0.309678123 -0.757946435 0.350816899
 0.682930000 0.754132368 0.310626754 -0.761707760 0.349272097
 0.685640000 0.752063049 0.311571181 -0.765480226 0.347713733
 0.688350000 0.749983493 0.312511366 -0.769263932 0.346141660
 0.691060000 0.747893667 0.313447272 -0.773058981 0.344555732
 0.693770000 0.745793541 0.314378861 -0.776865476 0.342955800
 0.696480000 0.743683083 0.315306096 -0.780683521 0.341341712
 0.699190000 0.741562264 0.316228937 -0.784513222 0.339713313
 0.701900000 0.739431049 0.317147345 -0.788354686 0.338070448
 0.704610000 0.737289409 0.318061282 -0.792208019 0.336412956
 0.707320000 0.735137310 0.318970707 -0.796073331 0.334740677
 0.710030000 0.732974719 0.319875580 -0.799950731 0.333053446
 0.712740000 0.730801605 0.320775860 -0.803840332 0.331351097
 0.715450000 0.728617933 0.321671506 -0.807742244 0.329633459
 0.718160000 0.726423669 0.322562476 -0.811656582 0.327900361
 0.720870000 0.724218782 0.323448729 -0.815583461 0.326151627
 0.723580000 0.722003235 0.324330221 -0.819522996 0.324387079
 0.726290000 0.719776995 0.325206910 -0.823475304 0.322606536
 0.729000000 0.717540027 0.326078752 -0.827440505 0.320809814
 0.731710000 0.715292295 0.326945703 -0.831418718 0.318996726
 0.734420000 0.713033765 0.327807718 -0.835410065 0.317167082
 0.737130000 0.710764401 0.328664752 -0.839414668 0.315320689
 0.739840000 0.708484166 0.329516759 -0.843432651 0.313457349
 0.742550000 0.706193024 0.330363694 -0.847464139 0.311576863
 0.745260000 0.703890938 0.331205509 -0.851509258 0.309679029
 0.747970000 0.701577872 0.332042157 -0.855568138 0.307763637
 0.750680000 0.699253787 0.332873591 -0.859640908 0.305830480
 0.753390000 0.696918646 0.333699762 -0.863727697 0.303879342
 0.756100000 0.694572411 0.334520620 -0.867828640 0.301910006
 0.758810000 0.692215043 0.335336117 -0.871943870 0.299922251
 0.761520000 0.689846504 0.336146202 -0.876073523 0.297915851
 0.764230000 0.687466753 0.336950824 -0.880217735 0.295890577
 0.766940000 0.685075752 0.337749932 -0.884376645 0.293846197
 0.769650000 0.682673460 0.338543473 -0.888550394 0.291782472
 0.772360000 0.680259837 0.339331396 -0.892739122 0.289699162
 0.775070000 0.677834842 0.340113646 -0.896942975 0.287596020
 0.777780000 0.675398434 0.340890169 -0.901162095 0.285472797
 0.780490000 0.672950572 0.341660911 -0.905396631 0.283329237
 0.783200000 0.670491213 0.342425817 -0.909646731 0.281165083
 0.785910000 0.668020315 0.343184829 -0.913912545 0.278980069
 0.788620000 0.665537835 0.343937892 -0.918194224 0.276773928
 0.791330000 0.663043731 0.344684947 -0.922491923 0.274546385
 0.794040000 0.660537957 0.345425936 -0.926805797 0.272297162
 0.796750000 0.658020472 0.346160800 -0.931136003 0.270025976
 0.799460000 0.655491229 0.346889479 -0.935482701 0.267732538
 0.802170000 0.652950184 0.347611913 -0.939846051 0.265416553
 0.804880000 0.650397292 0.348328040 -0.944226215 0.263077721
 0.807590000 0.647832506 0.349037797 -0.948623360 0.260715738
 0.810300000 0.645255782 0.349741121 -0.953037652 0.258330292
 0.813010000 0.642667071 0.350437950 -0.957469259 0.255921067
 0.815720000 0.640066327 0.351128216 -0.961918352 0.253487739
 0.818430000 0.637453502 0.351811855 -0.966385104 0.251029979
 0.821140000 0.634828548 0.352488801 -0.970869690 0.248547452
 0.823850000 0.632191417 0.353158985 -0.975372286 0.246039817
 0.826560000 0.629542059 0.353822339 -0.979893072 0.243506723
 0.829270000 0.626880425 0.354478793 -0.984432228 0.240947817
 0.831980000 0.624206465 0.355128278 -0.988989939 0.238362736
 0.834690000 0.621520129 0.355770722 -0.993566388 0.235751111
 0.837400000 0.618821364 0.356406051 -0.998161765 0.233112566
 0.840110000 0.616110121 0.357034193 -1.002776259 0.230446715
 0.842820000 0.613386346 0.357655074 -1.007410061 0.227753169
 0.845530000 0.610649987 0.358268617 -1.012063368 0.225031526
 0.848240000 0.607900991 0.358874747 -1.016736375 0.222281381
 0.850950000 0.605139305 0.359473384 -1.021429281 0.219502316
 0.853660000 0.602364873 0.360064451 -1.026142289 0.216693908
 0.856370000 0.599577642 0.360647866 -1.030875602 0.213855725
 0.859080000 0.596777556 0.361223550 -1.035629427 0.210987323
 0.861790000 0.593964560 0.361791419 -1.040403973 0.208088254
 0.864500000 0.591138596 0.362351389 -1.045199451 0.205158056
 0.867210000 0.588299608 0.362903376 -1.050016075 0.202196259
 0.869920000 0.585447538 0.363447294 -1.054854061 0.199202385
 0.872630000 0.582582328 0.363983054 -1.059713630 0.196175944
 0.875340000 0.579703919 0.364510568 -1.064595002 0.193116436
 0.878050000 0.576812252 0.365029745 -1.069498403 0.190023350
 0.880760000 0.573907266 0.365540495 -1.074424059 0.186896164
 0.883470000 0.570988902 0.366042723 -1.079372199 0.183734347
 0.886180000 0.568057098 0.366536335 -1.084343058 0.180537354
 0.888890000 0.565111792 0.367021235 -1.089336869 0.177304629
 0.891600000 0.562152922 0.367497326 -1.094353872 0.174035603
 0.894310000 0.559180423 0.367964508 -1.099394306 0.170729698
 0.897020000 0.556194233 0.368422680 -1.104458417 0.167386318
 0.899730000 0.553194288 0.368871741 -1.109546449 0.164004857
 0.902440000 0.550180521 0.369311585 -1.114658654 0.160584696
 0.905150000 0.547152867 0.369742109 -1.119795283 0.157125201
 0.907860000 0.544111260 0.370163203 -1.124956592 0.153625723
 0.910570000 0.541055632 0.370574759 -1.130142840 0.150085599
 0.913280000 0.537985915 0.370976665 -1.135354286 0.146504152
 0.915990000 0.534902041 0.371368809 -1.140591197 0.142880687
 0.918700000 0.531803940 0.371751076 -1.145853839 0.139214496
 0.921410000 0.528691542 0.372123349 -1.151142482 0.135504852
 0.924120000 0.525564777 0.372485510 -1.156457400 0.131751011
 0.926830000 0.522423572 0.372837437 -1.161798870 0.127952215
 0.929540000 0.519267856 0.373179008 -1.167167171 0.124107684
 0.932250000 0.516097555 0.373510097 -1.172562585 0.120216622
 0.934960000 0.512912596 0.373830578 -1.177985398 0.116278213
 0.937670000 0.509712904 0.374140321 -1.183435899 0.112291622
 0.940380000 0.506498403 0.374439195 -1.188914379 0.108255992
 0.943090000 0.503269017 0.374727064 -1.194421135 0.104170448
 0.945800000 0.500024670 0.375003794 -1.199956463 0.100034092
 0.948510000 0.496765283 0.375269244 -1.205520664 0.095846004
 0.951220000 0.493490777 0.375523274 -1.211114043 0.091605242
 0.953930000 0.490201074 0.375765739 -1.216736906 0.087310838
 0.956640000 0.486896093 0.375996492 -1.222389565 0.082961805
 0.959350000 0.483575752 0.376215385 -1.228072331 0.078557125
 0.962060000 0.480239970 0.376422265 -1.233785520 0.074095758
 0.964770000 0.476888664 0.376616977 -1.239529452 0.069576638
 0.967480000 0.473521750 0.376799363 -1.245304449 0.064998668
 0.970190000 0.470139144 0.376969261 -1.251110833 0.060360726
 0.972900000 0.466740759 0.377126509 -1.256948934 0.055661660
 0.975610000 0.463326510 0.377270939 -1.262819081 0.050900287
 0.978320000 0.459896309 0.377402379 -1.268721606 0.046075394
 0.981030000 0.456450068 0.377520657 -1.274656844 0.041185735
 0.983740000 0.452987699 0.377625596 -1.280625132 0.036230031
 0.986450000 0.449509110 0.377717013 -1.286626811 0.031206970
 0.989160000 0.446014211 0.377794726 -1.292662221 0.026115202
 0.991870000 0.442502910 0.377858546 -1.298731708 0.020953342
 0.994580000 0.438975115 0.377908280 -1.304835616 0.015719968
 0.997290000 0.435430731 0.377943735 -1.310974293 0.010413616
 1.000000000 0.431869664 0.377964708 -1.317148088 0.005032784
 1.002710000 0.428291818 0.377970998 -1.323357352 -0.000424073
 1.005420000 0.424697097 0.377962395 -1.329602437 -0.005958543
 1.008130000 0.421085403 0.377938687 -1.335883694 -0.011572259
 1.010840000 0.417456638 0.377899656 -1.342201477 -0.017266901
 1.013550000 0.413810701 0.377845083 -1.348556140 -0.023044197
 1.016260000 0.410147494 0.377774739 -1.354948037 -0.028905924
 1.018970000 0.406466913 0.377688394 -1.361377522 -0.034853912
 1.021680000 0.402768858 0.377585811 -1.367844946 -0.040890043
 1.024390000 0.399053224 0.377466749 -1.374350664 -0.047016256
 1.027100000 0.395319907 0.377330961 -1.380895025 -0.053234548
 1.029810000 0.391568803 0.377178195 -1.387478378 -0.059546972
 1.032520000 0.387799805 0.377008193 -1.394101072 -0.065955647
 1.035230000 0.384012806 0.376820692 -1.400763449 -0.072462754
 1.037940000 0.380207698 0.376615420 -1.407465851 -0.079070542
 1.040650000 0.376384372 0.376392103 -1.414208614 -0.085781328
 1.043360000 0.372542718 0.376150458 -1.420992071 -0.092597500
 1.046070000 0.368682626 0.375890196 -1.427816549 -0.099521523
 1.048780000 0.364803983 0.375611021 -1.434682369 -0.106555937
 1.051490000 0.360906678 0.375312631 -1.441589844 -0.113703364
 1.054200000 0.356990598 0.374994716 -1.448539282 -0.120966509
 1.056910000 0.353055627 0.374656959 -1.455530980 -0.128348163
 1.059620000 0.349101652 0.374299034 -1.462565225 -0.135851209
 1.062330000 0.345128555 0.373920609 -1.469642294 -0.143478622
 1.065040000 0.341136222 0.373521342 -1.476762452 -0.151233478
 1.067750000 0.337124535 0.373100883 -1.483925950 -0.159118950
 1.070460000 0.333093376 0.372658876 -1.491133024 -0.167138321
 1.073170000 0.329042627 0.372194951 -1.498383893 -0.175294982
 1.075880000 0.324972169 0.371708732 -1.505678760 -0.183592439
 1.078590000 0.320881881 0.371199833 -1.513017806 -0.192034319
 1.081300000 0.316771646 0.370667857 -1.520401190 -0.200624371
 1.084010000 0.312641341 0.370112398 -1.527829049 -0.209366477
 1.086720000 0.308490846 0.369533038 -1.535301491 -0.218264652
 1.089430000 0.304320041 0.368929349 -1.542818598 -0.227323053
 1.092140000 0.300128805 0.368300890 -1.550380419 -0.236545983
 1.094850000 0.295917015 0.367647210 -1.557986969 -0.245937901
 1.097560000 0.291684551 0.366967844 -1.565638226 -0.255503426
 1.100270000 0.287431292 0.366262317 -1.573334126 -0.265247342
 1.102980000 0.283157117 0.365530137 -1.581074563 -0.275174611
 1.105690000 0.278861905 0.364770800 -1.588859380 -0.285290375
 1.108400000 0.274545537 0.363983790 -1.596688369 -0.295599969
 1.111110000 0.270207893 0.363168572 -1.604561265 -0.306108927
 1.113820000 0.265848855 0.362324600 -1.612477740 -0.316822990
 1.116530000 0.261468304 0.361451309 -1.620437399 -0.327748120
 1.119240000 0.257066125 0.360548120 -1.628439772 -0.338890504
 1.121950000 0.252642203 0.359614433 -1.636484312 -0.350256571
 1.124660000 0.248196424 0.358649636 -1.644570382 -0.361852999
 1.127370000 0.243728676 0.357653093 -1.652697252 -0.373686725
 1.130080000 0.239238850 0.356624152 -1.660864091 -0.385764963
 1.132790000 0.234726839 0.355562141 -1.669069955 -0.398095215
 1.135500000 0.230192539 0.354466366 -1.677313779 -0.410685280
 1.138210000 0.225635848 0.353336112 -1.685594367 -0.423543274
 1.140920000 0.221056668 0.352170642 -1.693910381 -0.436677646
 1.143630000 0.216454906 0.350969195 -1.702260327 -0.450097187
 1.146340000 0.211830472 0.349730985 -1.710642544 -0.463811055
 1.149050000 0.207183280 0.348455203 -1.719055186 -0.477828788
 1.151760000 0.202513251 0.347141011 -1.727496210 -0.492160322
 1.154470000 0.197820311 0.345787546 -1.735963353 -0.506816016
 1.157180000 0.193104393 0.344393914 -1.744454121 -0.521806668
 1.159890000 0.188365436 0.342959193 -1.752965762 -0.537143537
 1.162600000 0.183603388 0.341482428 -1.761495245 -0.552838370
 1.165310000 0.178818204 0.339962633 -1.770039236 -0.568903421
 1.168020000 0.174009851 0.338398788 -1.778594071 -0.585351483
 1.170730000 0.169178304 0.336789837 -1.787155727 -0.602195907
 1.173440000 0.164323550 0.335134686 -1.795719789 -0.619450637
 1.176150000 0.159445590 0.333432205 -1.804281416 -0.637130236
 1.178860000 0.154544438 0.331681222 -1.812835299 -0.655249917
 1.181570000 0.149620121 0.329880522 -1.821375624 -0.673825578
 1.184280000 0.144672685 0.328028848 -1.829896023 -0.692873832
 1.186990000 0.139702194 0.326124896 -1.838389521 -0.712412049
 1.189700000 0.134708730 0.324167314 -1.846848485 -0.732458384
 1.192410000 0.129692398 0.322154699 -1.855264560 -0.753031825
 1.195120000 0.124653327 0.320085596 -1.863628602 -0.774152226
 1.197830000 0.119591670 0.317958495 -1.871930606 -0.795840352
 1.200540000 0.114507611 0.315771828 -1.880159622 -0.818117920
 1.203250000 0.109401364 0.313523969 -1.888303667 -0.841007646
 1.205960000 0.104273175 0.311213225 -1.896349631 -0.864533287
 1.208670000 0.099123330 0.308837840 -1.904283161 -0.888719687
 1.211380000 0.093952155 0.306395989 -1.912088548 -0.913592825
 1.214090000 0.088760019 0.303885774 -1.919748596 -0.939179859
 1.216800000 0.083547341 0.301305223 -1.927244474 -0.965509177
 1.219510000 0.078314595 0.298652284 -1.934555559 -0.992610432
 1.222220000 0.073062310 0.295924824 -1.941659262 -1.020514595
 1.224930000 0.067791081 0.293120624 -1.948530830 -1.049253990
 1.227640000 0.062501574 0.290237375 -1.955143140 -1.078862327
 1.230350000 0.057194531 0.287272674 -1.961466456 -1.109374739
 1.233060000 0.051870778 0.284224024 -1.967468179 -1.140827799
 1.235770000 0.046531234 0.281088823 -1.973112552 -1.173259534
 1.238480000 0.041176920 0.277864367 -1.978360355 -1.206709427
 1.241190000 0.035808968 0.274547841 -1.983168553 -1.241218402
 1.243900000 0.030428632 0.271136319 -1.987489919 -1.276828787
 1.246610000 0.025037300 0.267626756 -1.991272618 -1.313584259
 1.249320000 0.019636507 0.264015991 -1.994459749 -1.351529752
 1.252030000 0.014227951 0.260300734 -1.996988845 -1.390711335
 1.254740000 0.008813506 0.256477574 -1.998791327 -1.431176041
 1.257450000 0.003395240 0.252542969 -1.999791910 -1.472971647
 1.260160000 -0.002024562 0.248493247 -1.999907962 -1.516146383
 1.262870000 -0.007443384 0.244324605 -1.999048805 -1.560748571
 1.265580000 -0.012858450 0.240033110 -1.997114971 -1.606826166
 1.268290000 -0.018266703 0.235614700 -1.993997403 -1.654426183
 1.271000000 -0.023664777 0.231065188 -1.989576616 -1.703594006
 1.273710000 -0.029048965 0.226380265 -1.983721813 -1.754372526
 1.276420000 -0.034415191 0.221555514 -1.976289975 -1.806801111
 1.279130000 -0.039758974 0.216586414 -1.967124937 -1.860914357
 1.281840000 -0.045075391 0.211468360 -1.956056475 -1.916740600
 1.284550000 -0.050359035 0.206196681 -1.942899431 -1.974300144
 1.287260000 -0.055603981 0.200766663 -1.927452922 -2.033603174
 1.289970000 -0.060803733 0.195173580 -1.909499674 -2.094647312
 1.292680000 -0.065951187 0.189412736 -1.888805573 -2.157414778
 1.295390000 -0.071038579 0.183479504 -1.865119497 -2.221869123
 1.298100000 -0.076057444 0.177369386 -1.838173543 -2.287951518
 1.300810000 -0.080998566 0.171078081 -1.807683791 -2.355576570
 1.303520000 -0.085851943 0.164601555 -1.773351742 -2.424627703
 1.306230000 -0.090606745 0.157936144 -1.734866622 -2.494952122
 1.308940000 -0.095251287 0.151078648 -1.691908743 -2.566355469
 1.311650000 -0.099773011 0.144026457 -1.644154142 -2.638596307
 1.314360000 -0.104158482 0.136777688 -1.591280706 -2.711380651
 1.317070000 -0.108393402 0.129331328 -1.532975988 -2.784356851
 1.319780000 -0.112462651 0.121687401 -1.468946861 -2.857111232
 1.322490000 -0.116350355 0.113847140 -1.398931090 -2.929164994
 1.325200000 -0.120039982 0.105813164 -1.322710755 -2.999972976
 1.327910000 -0.123514491 0.097589660 -1.240127305 -3.068924951
 1.330620000 -0.126756504 0.089182549 -1.151097770 -3.135350168
 1.333330000 -0.129748545 0.080599644 -1.055631413 -3.198525780
 1.336040000 -0.132473301 0.071850774 -0.953845786 -3.257689686
 1.338750000 -0.134913942 0.062947866 -0.845980930 -3.312058027
 1.341460000 -0.137054466 0.053904976 -0.732410203 -3.360847205
 1.344170000 -0.138880071 0.044738256 -0.613646215 -3.403299783
 1.346880000 -0.140377532 0.035465842 -0.490340426 -3.438713089
 1.349590000 -0.141535569 0.026107668 -0.363275341 -3.466468768
 1.352300000 -0.142345182 0.016685196 -0.233348807 -3.486061141
 1.355010000 -0.142799935 0.007221081 -0.101550670 -3.497121991
 1.357720000 -0.142896167 -0.002261235 0.031067068 -3.499439499
 1.360430000 -0.142633112 -0.011737958 0.163424716 -3.492969468
 1.363140000 -0.142012926 -0.021185408 0.294451457 -3.477837696
 1.365850000 -0.141040615 -0.030580464 0.423121237 -3.454333231
 1.368560000 -0.139723868 -0.039900996 0.548485273 -3.422893235
 1.371270000 -0.138072811 -0.049126234 0.669698952 -3.384080952
 1.373980000 -0.136099692 -0.058237073 0.786041563 -3.338558908
 1.376690000 -0.133818534 -0.067216308 0.896928160 -3.287059680
 1.379400000 -0.131244756 -0.076048777 1.001913693 -3.230356567
 1.382110000 -0.128394794 -0.084721439 1.100690184 -3.169236110
 1.384820000 -0.125285745 -0.093223377 1.193078238 -3.104473959
 1.387530000 -0.121935033 -0.101545735 1.279014394 -3.036814991
 1.390240000 -0.118360112 -0.109681618 1.358535862 -2.966958081
 1.392950000 -0.114578219 -0.117625951 1.431764030 -2.895545441
 1.395660000 -0.110606168 -0.125375313 1.498887924 -2.823156143
 1.398370000 -0.106460186 -0.132927766 1.560148485 -2.750303237
 1.401080000 -0.102155794 -0.140282672 1.615824267 -2.677433759
 1.403790000 -0.097707720 -0.147440517 1.666218886 -2.604930946
 1.406500000 -0.093129850 -0.154402744 1.711650391 -2.533118015
 1.409210000 -0.088435197 -0.161171597 1.752442505 -2.462262939
 1.411920000 -0.083635897 -0.167749976 1.788917655 -2.392583778
 1.414630000 -0.078743222 -0.174141311 1.821391590 -2.324254195
 1.417340000 -0.073767600 -0.180349451 1.850169388 -2.257408916
 1.420050000 -0.068718650 -0.186378561 1.875542631 -2.192148930
 1.422760000 -0.063605222 -0.192233041 1.897787542 -2.128546336
 1.425470000 -0.058435440 -0.197917451 1.917163894 -2.066648749
 1.428180000 -0.053216746 -0.203436452 1.933914525 -2.006483252
 1.430890000 -0.047955946 -0.208794757 1.948265309 -1.948059898
 1.433600000 -0.042659259 -0.213997083 1.960425477 -1.891374755
 1.436310000 -0.037332356 -0.219048123 1.970588179 -1.836412556
 1.439020000 -0.031980407 -0.223952515 1.978931215 -1.783148962
 1.441730000 -0.026608120 -0.228714821 1.985617874 -1.731552494
 1.444440000 -0.021219778 -0.233339510 1.990797826 -1.681586158
 1.447150000 -0.015819277 -0.237830945 1.994608053 -1.633208818
 1.449860000 -0.010410158 -0.242193373 1.997173755 -1.586376335
 1.452570000 -0.004995636 -0.246430919 1.998609261 -1.541042510
 1.455280000 0.000421368 -0.250547581 1.999018883 -1.497159858
 1.457990000 0.005838206 -0.254547225 1.998497738 -1.454680246
 1.460700000 0.011252473 -0.258433590 1.997132525 -1.413555405
 1.463410000 0.016661991 -0.262210281 1.995002240 -1.373737337
 1.466120000 0.022064784 -0.265880775 1.992178849 -1.335178645
 1.468830000 0.027459065 -0.269448424 1.988727911 -1.297832787
 1.471540000 0.032843214 -0.272916451 1.984709140 -1.261654270
 1.474250000 0.038215768 -0.276287961 1.980176934 -1.226598797
 1.476960000 0.043575402 -0.279565937 1.975180853 -1.192623374
 1.479670000 0.048920922 -0.282753252 1.969766052 -1.159686385
 1.482380000 0.054251249 -0.285852664 1.963973686 -1.127747634
 1.485090000 0.059565412 -0.288866825 1.957841265 -1.096768376
 1.487800000 0.064862535 -0.291798287 1.951402992 -1.066711317
 1.490510000 0.070141834 -0.294649498 1.944690056 -1.037540613
 1.493220000 0.075402601 -0.297422814 1.937730906 -1.009221850
 1.495930000 0.080644207 -0.300120499 1.930551500 -0.981722017
 1.498640000 0.085866086 -0.302744729 1.923175528 -0.955009475
 1.501350000 0.091067735 -0.305297597 1.915624614 -0.929053918
 1.504060000 0.096248707 -0.307781115 1.907918502 -0.903826330
 1.506770000 0.101408607 -0.310197217 1.900075221 -0.879298945
 1.509480000 0.106547085 -0.312547766 1.892111241 -0.855445201
 1.512190000 0.111663835 -0.314834551 1.884041606 -0.832239689
 1.514900000 0.116758589 -0.317059297 1.875880063 -0.809658115
 1.517610000 0.121831115 -0.319223663 1.867639172 -0.787677246
 1.520320000 0.126881215 -0.321329247 1.859330412 -0.766274871
 1.523030000 0.131908717 -0.323377588 1.850964272 -0.745429752
 1.525740000 0.136913482 -0.325370167 1.842550341 -0.725121583
 1.528450000 0.141895389 -0.327308415 1.834097377 -0.705330948
 1.531160000 0.146854346 -0.329193707 1.825613387 -0.686039276
 1.533870000 0.151790278 -0.331027373 1.817105685 -0.667228811
 1.536580000 0.156703129 -0.332810693 1.808580951 -0.648882562
 1.539290000 0.161592862 -0.334544902 1.800045287 -0.630984276
 1.542000000 0.166459455 -0.336231195 1.791504263 -0.613518402
 1.544710000 0.171302900 -0.337870722 1.782962963 -0.596470053
 1.547420000 0.176123203 -0.339464595 1.774426023 -0.579824979
 1.550130000 0.180920382 -0.341013889 1.765897670 -0.563569532
 1.552840000 0.185694465 -0.342519643 1.757381757 -0.547690645
 1.555550000 0.190445491 -0.343982859 1.748881788 -0.532175795
 1.558260000 0.195173507 -0.345404507 1.740400953 -0.517012983
 1.560970000 0.199878569 -0.346785526 1.731942151 -0.502190709
 1.563680000 0.204560740 -0.348126825 1.723508011 -0.487697944
 1.566390000 0.209220091 -0.349429281 1.715100919 -0.473524113
 1.569100000 0.213856697 -0.350693745 1.706723032 -0.459659070
 1.571810000 0.218470641 -0.351921040 1.698376301 -0.446093077
 1.574520000 0.223062010 -0.353111965 1.690062485 -0.432816789
 1.577230000 0.227630894 -0.354267292 1.681783167 -0.419821233
 1.579940000 0.232177390 -0.355387771 1.673539769 -0.407097789
 1.582650000 0.236701595 -0.356474126 1.665333562 -0.394638178
 1.585360000 0.241203614 -0.357527064 1.657165682 -0.382434440
 1.588070000 0.245683550 -0.358547266 1.649037137 -0.370478928
 1.590780000 0.250141513 -0.359535396 1.640948818 -0.358764284
 1.593490000 0.254577611 -0.360492096 1.632901513 -0.347283435
 1.596200000 0.258991957 -0.361417991 1.624895907 -0.336029571
 1.598910000 0.263384665 -0.362313687 1.616932596 -0.324996142
 1.601620000 0.267755850 -0.363179772 1.609012093 -0.314176840
 1.604330000 0.272105628 -0.364016820 1.601134835 -0.303565592
 1.607040000 0.276434118 -0.364825386 1.593301185 -0.293156546
 1.609750000 0.280741438 -0.365606009 1.585511444 -0.282944066
 1.612460000 0.285027708 -0.366359216 1.577765853 -0.272922717
 1.615170000 0.289293047 -0.367085518 1.570064596 -0.263087263
 1.617880000 0.293537575 -0.367785410 1.562407808 -0.253432651
 1.620590000 0.297761414 -0.368459377 1.554795577 -0.243954010
 1.623300000 0.301964683 -0.369107889 1.547227949 -0.234646637
 1.626010000 0.306147505 -0.369731405 1.539704931 -0.225505995
 1.628720000 0.310309999 -0.370330369 1.532226492 -0.216527704
 1.631430000 0.314452287 -0.370905217 1.524792570 -0.207707534
 1.634140000 0.318574489 -0.371456371 1.517403073 -0.199041398
 1.636850000 0.322676725 -0.371984243 1.510057881 -0.190525350
 1.639560000 0.326759116 -0.372489235 1.502756847 -0.182155573
 1.642270000 0.330821780 -0.372971738 1.495499805 -0.173928382
 1.644980000 0.334864837 -0.373432133 1.488286564 -0.165840209
 1.647690000 0.338888405 -0.373870794 1.481116916 -0.157887606
 1.650400000 0.342892601 -0.374288083 1.473990635 -0.150067237
 1.653110000 0.346877544 -0.374684353 1.466907480 -0.142375874
 1.655820000 0.350843349 -0.375059950 1.459867194 -0.134810392
 1.658530000 0.354790133 -0.375415211 1.452869510 -0.127367768
 1.661240000 0.358718010 -0.375750465 1.445914146 -0.120045072
 1.663950000 0.362627095 -0.376066034 1.439000812 -0.112839467
 1.666660000 0.366517501 -0.376362230 1.432129208 -0.105748206
 1.669370000 0.370389341 -0.376639360 1.425299025 -0.098768626
 1.672080000 0.374242727 -0.376897724 1.418509947 -0.091898145
 1.674790000 0.378077769 -0.377137613 1.411761653 -0.085134261
 1.677500000 0.381894579 -0.377359313 1.405053813 -0.078474550
 1.680210000 0.385693264 -0.377563103 1.398386095 -0.071916657
 1.682920000 0.389473934 -0.377749256 1.391758162 -0.065458300
 1.685630000 0.393236695 -0.377918039 1.385169672 -0.059097265
 1.688340000 0.396981654 -0.378069712 1.378620282 -0.052831403
 1.691050000 0.400708917 -0.378204531 1.372109644 -0.046658626
 1.693760000 0.404418588 -0.378322746 1.365637411 -0.040576910
 1.696470000 0.408110771 -0.378424599 1.359203231 -0.034584288
 1.699180000 0.411785568 -0.378510331 1.352806753 -0.028678850
 1.701890000 0.415443081 -0.378580174 1.346447626 -0.022858739
 1.704600000 0.419083411 -0.378634358 1.340125497 -0.017122151
 1.707310000 0.422706657 -0.378673107 1.333840013 -0.011467336
 1.710020000 0.426312919 -0.378696640 1.327590821 -0.005892589
 1.712730000 0.429902295 -0.378705171 1.321377571 -0.000396254
 1.715440000 0.433474880 -0.378698911 1.315199911 0.005023280
 1.718150000 0.437030771 -0.378678067 1.309057491 0.010367579
 1.720860000 0.440570064 -0.378642839 1.302949962 0.015638167
 1.723570000 0.444092852 -0.378593425 1.296876978 0.020836525
 1.726280000 0.447599229 -0.378530020 1.290838192 0.025964097
 1.728990000 0.451089286 -0.378452814 1.284833261 0.031022287
 1.731700000 0.454563115 -0.378361991 1.278861842 0.036012461
 1.734410000 0.458020807 -0.378257736 1.272923597 0.040935951
 1.737120000 0.461462450 -0.378140226 1.267018187 0.045794051
 1.739830000 0.464888134 -0.378009638 1.261145277 0.050588025
 1.742540000 0.468297945 -0.377866144 1.255304535 0.055319101
 1.745250000 0.471691971 -0.377709911 1.249495630 0.059988478
 1.747960000 0.475070298 -0.377541107 1.243718234 0.064597322
 1.750670000 0.478433010 -0.377359893 1.237972022 0.069146771
 1.753380000 0.481780191 -0.377166430 1.232256673 0.073637935
 1.756090000 0.485111926 -0.376960872 1.226571866 0.078071893
 1.758800000 0.488428295 -0.376743375 1.220917286 0.082449700
 1.761510000 0.491729381 -0.376514088 1.215292617 0.086772384
 1.764220000 0.495015264 -0.376273160 1.209697550 0.091040948
 1.766930000 0.498286024 -0.376020736 1.204131777 0.095256369
 1.769640000 0.501541740 -0.375756960 1.198594993 0.099419602
 1.772350000 0.504782490 -0.375481970 1.193086896 0.103531577
 1.775060000 0.508008351 -0.375195905 1.187607187 0.107593204
 1.777770000 0.511219401 -0.374898900 1.182155570 0.111605370
 1.780480000 0.514415714 -0.374591088 1.176731754 0.115568939
 1.783190000 0.517597366 -0.374272599 1.171335448 0.119484758
 1.785900000 0.520764430 -0.373943561 1.165966365 0.123353653
 1.788610000 0.523916981 -0.373604102 1.160624223 0.127176429
 1.791320000 0.527055091 -0.373254344 1.155308740 0.130953873
 1.794030000 0.530178832 -0.372894410 1.150019640 0.134686756
 1.796740000 0.533288274 -0.372524419 1.144756647 0.138375828
 1.799450000 0.536383488 -0.372144488 1.139519492 0.142021825
 1.802160000 0.539464545 -0.371754735 1.134307905 0.145625463
 1.804870000 0.542531512 -0.371355272 1.129121621 0.149187445
 1.807580000 0.545584458 -0.370946211 1.123960379 0.152708455
 1.810290000 0.548623451 -0.370527663 1.118823918 0.156189165
 1.813000000 0.551648557 -0.370099736 1.113711982 0.159630231
 1.815710000 0.554659843 -0.369662537 1.108624318 0.163032292
 1.818420000 0.557657374 -0.369216170 1.103560676 0.166395976
 1.821130000 0.560641214 -0.368760738 1.098520808 0.169721896
 1.823840000 0.563611428 -0.368296344 1.093504469 0.173010652
 1.826550000 0.566568079 -0.367823086 1.088511417 0.176262832
 1.829260000 0.569511231 -0.367341064 1.083541413 0.179479008
 1.831970000 0.572440944 -0.366850374 1.078594222 0.182659744
 1.834680000 0.575357281 -0.366351112 1.073669609 0.185805589
 1.837390000 0.578260303 -0.365843370 1.068767344 0.188917081
 1.840100000 0.581150069 -0.365327243 1.063887199 0.191994748
 1.842810000 0.584026640 -0.364802819 1.059028948 0.195039105
 1.845520000 0.586890074 -0.364270190 1.054192369 0.198050658
 1.848230000 0.589740430 -0.363729444 1.049377242 0.201029902
 1.850940000 0.592577766 -0.363180667 1.044583350 0.203977320
 1.853650000 0.595402139 -0.362623945 1.039810477 0.206893388
 1.856360000 0.598213605 -0.362059362 1.035058411 0.209778571
 1.859070000 0.601012221 -0.361487001 1.030326942 0.212633323
 1.861780000 0.603798043 -0.360906944 1.025615864 0.215458090
 1.864490000 0.606571124 -0.360319273 1.020924971 0.218253312
 1.867200000 0.609331521 -0.359724066 1.016254060 0.221019414
 1.869910000 0.612079286 -0.359121401 1.011602933 0.223756818
 1.872620000 0.614814473 -0.358511356 1.006971391 0.226465935
 1.875330000 0.617537135 -0.357894008 1.002359239 0.229147169
 1.878040000 0.620247323 -0.357269430 0.997766283 0.231800915
 1.880750000 0.622945091 -0.356637698 0.993192334 0.234427560
 1.883460000 0.625630488 -0.355998883 0.988637203 0.237027486
 1.886170000 0.628303567 -0.355353058 0.984100704 0.239601064
 1.888880000 0.630964376 -0.354700294 0.979582652 0.242148661
 1.891590000 0.633612966 -0.354040661 0.975082866 0.244670635
 1.894300000 0.636249386 -0.353374228 0.970601165 0.247167339
 1.897010000 0.638873685 -0.352701062 0.966137374 0.249639116
 1.899720000 0.641485912 -0.352021230 0.961691315 0.252086307
 1.902430000 0.644086113 -0.351334800 0.957262816 0.254509243
 1.905140000 0.646674336 -0.350641836 0.952851706 0.256908250
 1.907850000 0.649250628 -0.349942403 0.948457814 0.259283648
 1.910560000 0.651815037 -0.349236563 0.944080973 0.261635751
 1.913270000 0.654367606 -0.348524381 0.939721018 0.263964867
 1.915980000 0.656908383 -0.347805917 0.935377786 0.266271299
 1.918690000 0.659437412 -0.347081234 0.931051115 0.268555343
 1.921400000 0.661954738 -0.346350390 0.926740845 0.270817292
 1.924110000 0.664460405 -0.345613446 0.922446818 0.273057432
 1.926820000 0.666954457 -0.344870461 0.918168878 0.275276043
 1.929530000 0.669436938 -0.344121491 0.913906870 0.277473401
 1.932240000 0.671907889 -0.343366596 0.909660644 0.279649779
 1.934950000 0.674367355 -0.342605830 0.905430047 0.281805441
 1.937660000 0.676815376 -0.341839250 0.901214930 0.283940650
 1.940370000 0.679251996 -0.341066911 0.897015147 0.286055662
 1.943080000 0.681677254 -0.340288867 0.892830551 0.288150730
 1.945790000 0.684091193 -0.339505173 0.888661000 0.290226101
 1.948500000 0.686493852 -0.338715880 0.884506349 0.292282020
 1.951210000 0.688885272 -0.337921042 0.880366460 0.294318725
 1.953920000 0.691265493 -0.337120710 0.876241192 0.296336452
 1.956630000 0.693634553 -0.336314935 0.872130408 0.298335432
 1.959340000 0.695992493 -0.335503769 0.868033972 0.300315892
 1.962050000 0.698339351 -0.334687260 0.863951750 0.302278056
 1.964760000 0.700675165 -0.333865457 0.859883608 0.304222142
 1.967470000 0.702999974 -0.333038411 0.855829415 0.306148367
 1.970180000 0.705313814 -0.332206168 0.851789042 0.308056943
 1.972890000 0.707616723 -0.331368777 0.847762359 0.309948079
 1.975600000 0.709908738 -0.330526284 0.843749240 0.311821978
 1.978310000 0.712189896 -0.329678736 0.839749558 0.313678844
 1.981020000 0.714460233 -0.328826179 0.835763189 0.315518875
 1.983730000 0.716719784 -0.327968657 0.831790011 0.317342264
 1.986440000 0.718968586 -0.327106216 0.827829902 0.319149205
 1.989150000 0.721206674 -0.326238901 0.823882741 0.320939885
 1.991860000 0.723434082 -0.325366755 0.819948409 0.322714491
 1.994570000 0.725650845 -0.324489821 0.816026789 0.324473205
 1.997280000 0.727856997 -0.323608142 0.812117764 0.326216206
 1.999990000 0.730052573 -0.322721760 0.808221219 0.327943671
 2.002700000 0.732237606 -0.321830718 0.804337040 0.329655774
 2.005410000 0.734412130 -0.320935057 0.800465115 0.331352685
 2.008120000 0.736576177 -0.320034817 0.796605331 0.333034574
 2.010830000 0.738729780 -0.319130039 0.792757579 0.334701605
 2.013540000 0.740872972 -0.318220764 0.788921750 0.336353941
 2.016250000 0.743005785 -0.317307031 0.785097735 0.337991744
 2.018960000 0.745128251 -0.316388878 0.781285427 0.339615171
 2.021670000 0.747240401 -0.315466345 0.777484722 0.341224376
 2.024380000 0.749342266 -0.314539471 0.773695513 0.342819514
 2.027090000 0.751433878 -0.313608292 0.769917699 0.344400734
 2.029800000 0.753515268 -0.312672847 0.766151175 0.345968185
 2.032510000 0.755586465 -0.311733172 0.762395842 0.347522013
 2.035220000 0.757647501 -0.310789305 0.758651598 0.349062361
 2.037930000 0.759698404 -0.309841282 0.754918345 0.350589371
 2.040640000 0.761739206 -0.308889138 0.751195983 0.352103182
 2.043350000 0.763769934 -0.307932909 0.747484417 0.353603931
 2.046060000 0.765790618 -0.306972631 0.743783549 0.355091753
 2.048770000 0.767801287 -0.306008338 0.740093284 0.356566782
 2.051480000 0.769801970 -0.305040065 0.736413529 0.358029148
 2.054190000 0.771792694 -0.304067846 0.732744189 0.359478980
 2.056900000 0.773773489 -0.303091715 0.729085172 0.360916406
 2.059610000 0.775744382 -0.302111705 0.725436387 0.362341550
 2.062320000 0.777705400 -0.301127849 0.721797743 0.363754536
 2.065030000 0.779656571 -0.300140180 0.718169151 0.365155485
 2.067740000 0.781597922 -0.299148731 0.714550522 0.366544518
 2.070450000 0.783529480 -0.298153533 0.710941767 0.367921751
 2.073160000 0.785451271 -0.297154619 0.707342801 0.369287301
 2.075870000 0.787363323 -0.296152020 0.703753536 0.370641283
 2.078580000 0.789265660 -0.295145767 0.700173888 0.371983810
 2.081290000 0.791158309 -0.294135892 0.696603772 0.373314992
 2.084000000 0.793041297 -0.293122424 0.693043104 0.374634939
 2.086710000 0.794914647 -0.292105393 0.689491801 0.375943759
 2.089420000 0.796778386 -0.291084831 0.685949782 0.377241558
 2.092130000 0.798632539 -0.290060767 0.682416966 0.378528441
 2.094840000 0.800477130 -0.289033230 0.678893271 0.379804512
 2.097550000 0.802312183 -0.288002249 0.675378618 0.381069873
 2.100260000 0.804137725 -0.286967853 0.671872928 0.382324623
 2.102970000 0.805953778 -0.285930071 0.668376124 0.383568862
 2.105680000 0.807760366 -0.284888932 0.664888126 0.384802687
 2.108390000 0.809557514 -0.283844463 0.661408860 0.386026195
 2.111100000 0.811345245 -0.282796691 0.657938249 0.387239480
 2.113810000 0.813123582 -0.281745646 0.654476217 0.388442636
 2.116520000 0.814892548 -0.280691353 0.651022690 0.389635755
 2.119230000 0.816652167 -0.279633841 0.647577594 0.390818928
 2.121940000 0.818402461 -0.278573135 0.644140856 0.391992245
 2.124650000 0.820143452 -0.277509263 0.640712403 0.393155793
 2.127360000 0.821875164 -0.276442251 0.637292164 0.394309660
 2.130070000 0.823597617 -0.275372125 0.633880067 0.395453933
 2.132780000 0.825310835 -0.274298911 0.630476042 0.396588695
 2.135490000 0.827014839 -0.273222634 0.627080019 0.397714030
 2.138200000 0.828709650 -0.272143321 0.623691929 0.398830021
 2.140910000 0.830395290 -0.271060995 0.620311702 0.399936749
 2.143620000 0.832071780 -0.269975683 0.616939271 0.401034294
 2.146330000 0.833739141 -0.268887408 0.613574569 0.402122736
 2.149040000 0.835397395 -0.267796196 0.610217529 0.403202152
 2.151750000 0.837046561 -0.266702072 0.606868084 0.404272619
 2.154460000 0.838686660 -0.265605058 0.603526168 0.405334214
 2.157170000 0.840317713 -0.264505179 0.600191718 0.406387010
 2.159880000 0.841939739 -0.263402458 0.596864667 0.407431083
 2.162590000 0.843552759 -0.262296920 0.593544953 0.408466504
 2.165300000 0.845156792 -0.261188588 0.590232512 0.409493346
 2.168010000 0.846751859 -0.260077484 0.586927281 0.410511680
 2.170720000 0.848337978 -0.258963632 0.583629197 0.411521576
 2.173430000 0.849915168 -0.257847055 0.580338200 0.412523103
 2.176140000 0.851483450 -0.256727775 0.577054227 0.413516328
 2.178850000 0.853042841 -0.255605814 0.573777218 0.414501320
 2.181560000 0.854593362 -0.254481195 0.570507113 0.415478144
 2.184270000 0.856135029 -0.253353939 0.567243853 0.416446867
 2.186980000 0.857667862 -0.252224070 0.563987377 0.417407552
 2.189690000 0.859191879 -0.251091607 0.560737627 0.418360263
 2.192400000 0.860707098 -0.249956574 0.557494546 0.419305064
 2.195110000 0.862213538 -0.248818990 0.554258075 0.420242016
 2.197820000 0.863711215 -0.247678878 0.551028157 0.421171182
 2.200530000 0.865200149 -0.246536259 0.547804736 0.422092620
 2.203240000 0.866680355 -0.245391152 0.544587755 0.423006392
 2.205950000 0.868151852 -0.244243580 0.541377157 0.423912555
 2.208660000 0.869614657 -0.243093562 0.538172889 0.424811169
 2.211370000 0.871068787 -0.241941119 0.534974895 0.425702290
 2.214080000 0.872514259 -0.240786271 0.531783119 0.426585975
 2.216790000 0.873951089 -0.239629039 0.528597510 0.427462280
 2.219500000 0.875379294 -0.238469441 0.525418011 0.428331261
 2.222210000 0.876798892 -0.237307498 0.522244572 0.429192971
 2.224920000 0.878209897 -0.236143230 0.519077138 0.430047466
 2.227630000 0.879612327 -0.234976656 0.515915657 0.430894797
 2.230340000 0.881006197 -0.233807795 0.512760077 0.431735017
 2.233050000 0.882391523 -0.232636667 0.509610348 0.432568178
 2.235760000 0.883768322 -0.231463290 0.506466417 0.433394331
 2.238470000 0.885136608 -0.230287684 0.503328233 0.434213527
 2.241180000 0.886496397 -0.229109868 0.500195748 0.435025816
 2.243890000 0.887847705 -0.227929859 0.497068909 0.435831245
 2.246600000 0.889190547 -0.226747676 0.493947669 0.436629865
 2.249310000 0.890524938 -0.225563339 0.490831977 0.437421723
 2.252020000 0.891850892 -0.224376865 0.487721785 0.438206867
 2.254730000 0.893168426 -0.223188271 0.484617044 0.438985342
 2.257440000 0.894477553 -0.221997578 0.481517706 0.439757196
 2.260150000 0.895778288 -0.220804801 0.478423723 0.440522473
 2.262860000 0.897070645 -0.219609959 0.475335049 0.441281220
 2.265570000 0.898354639 -0.218413070 0.472251635 0.442033479
 2.268280000 0.899630284 -0.217214151 0.469173435 0.442779296
 2.270990000 0.900897595 -0.216013220 0.466100403 0.443518713
 2.273700000 0.902156584 -0.214810293 0.463032493 0.444251773
 2.276410000 0.903407266 -0.213605388 0.459969659 0.444978519
 2.279120000 0.904649655 -0.212398522 0.456911855 0.445698991
 2.281830000 0.905883763 -0.211189712 0.453859036 0.446413232
 2.284540000 0.907109606 -0.209978975 0.450811158 0.447121282
 2.287250000 0.908327195 -0.208766328 0.447768177 0.447823181
 2.289960000 0.909536544 -0.207551786 0.444730047 0.448518969
 2.292670000 0.910737666 -0.206335367 0.441696726 0.449208685
 2.295380000 0.911930575 -0.205117087 0.438668169 0.449892367
 2.298090000 0.913115282 -0.203896963 0.435644335 0.450570054
 2.300800000 0.914291801 -0.202675010 0.432625178 0.451241783
 2.303510000 0.915460145 -0.201451244 0.429610658 0.451907592
 2.306220000 0.916620325 -0.200225683 0.426600731 0.452567518
 2.308930000 0.917772355 -0.198998340 0.423595356 0.453221596
 2.311640000 0.918916246 -0.197769233 0.420594491 0.453869863
 2.314350000 0.920052011 -0.196538377 0.417598094 0.454512354
 2.317060000 0.921179662 -0.195305788 0.414606125 0.455149104
 2.319770000 0.922299210 -0.194071481 0.411618541 0.455780147
 2.322480000 0.923410668 -0.192835471 0.408635303 0.456405518
 2.325190000 0.924514047 -0.191597774 0.405656370 0.457025251
 2.327900000 0.925609359 -0.190358405 0.402681702 0.457639378
 2.330610000 0.926696616 -0.189117380 0.399711259 0.458247932
 2.333320000 0.927775828 -0.187874713 0.396745002 0.458850946
 2.336030000 0.928847007 -0.186630419 0.393782890 0.459448453
 2.338740000 0.929910165 -0.185384513 0.390824886 0.460040482
 2.341450000 0.930965311 -0.184137010 0.387870949 0.460627067
 2.344160000 0.932012458 -0.182887925 0.384921042 0.461208237
 2.346870000 0.933051616 -0.181637272 0.381975126 0.461784023
 2.349580000 0.934082796 -0.180385066 0.379033163 0.462354456
 2.352290000 0.935106009 -0.179131321 0.376095114 0.462919564
 2.355000000 0.936121265 -0.177876052 0.373160943 0.463479377
 2.357710000 0.937128574 -0.176619274 0.370230611 0.464033925
 2.360420000 0.938127947 -0.175360999 0.367304082 0.464583235
 2.363130000 0.939119395 -0.174101243 0.364381318 0.465127337
 2.365840000 0.940102927 -0.172840019 0.361462283 0.465666257
 2.368550000 0.941078553 -0.171577341 0.358546940 0.466200024
 2.371260000 0.942046284 -0.170313225 0.355635253 0.466728664
 2.373970000 0.943006128 -0.169047682 0.352727185 0.467252204
 2.376680000 0.943958097 -0.167780727 0.349822701 0.467770672
 2.379390000 0.944902200 -0.166512375 0.346921764 0.468284093
 2.382100000 0.945838445 -0.165242637 0.344024340 0.468792492
 2.384810000 0.946766844 -0.163971529 0.341130393 0.469295896
 2.387520000 0.947687404 -0.162699063 0.338239887 0.469794330
 2.390230000 0.948600136 -0.161425253 0.335352789 0.470287818
 2.392940000 0.949505048 -0.160150112 0.332469062 0.470776386
 2.395650000 0.950402150 -0.158873654 0.329588673 0.471260056
 2.398360000 0.951291451 -0.157595892 0.326711587 0.471738854
 2.401070000 0.952172959 -0.156316839 0.323837770 0.472212802
 2.403780000 0.953046683 -0.155036508 0.320967189 0.472681925
 2.406490000 0.953912632 -0.153754912 0.318099808 0.473146245
 2.409200000 0.954770815 -0.152472064 0.315235595 0.473605785
 2.411910000 0.955621241 -0.151187977 0.312374516 0.474060566
 2.414620000 0.956463917 -0.149902665 0.309516537 0.474510613
 2.417330000 0.957298852 -0.148616139 0.306661626 0.474955945
 2.420040000 0.958126054 -0.147328412 0.303809750 0.475396586
 2.422750000 0.958945532 -0.146039498 0.300960876 0.475832555
 2.425460000 0.959757293 -0.144749408 0.298114971 0.476263874
 2.428170000 0.960561346 -0.143458156 0.295272003 0.476690564
 2.430880000 0.961357698 -0.142165754 0.292431940 0.477112646
 2.433590000 0.962146358 -0.140872214 0.289594749 0.477530138
 2.436300000 0.962927333 -0.139577549 0.286760399 0.477943062
 2.439010000 0.963700630 -0.138281771 0.283928857 0.478351437
 2.441720000 0.964466258 -0.136984892 0.281100092 0.478755282
 2.444430000 0.965224224 -0.135686925 0.278274073 0.479154616
 2.447140000 0.965974534 -0.134387882 0.275450767 0.479549459
 2.449850000 0.966717197 -0.133087775 0.272630145 0.479939828
 2.452560000 0.967452220 -0.131786616 0.269812175 0.480325742
 2.455270000 0.968179610 -0.130484417 0.266996825 0.480707220
 2.457980000 0.968899373 -0.129181191 0.264184066 0.481084279
 2.460690000 0.969611518 -0.127876948 0.261373866 0.481456936
 2.463400000 0.970316050 -0.126571702 0.258566194 0.481825209
 2.466110000 0.971012977 -0.125265463 0.255761022 0.482189116
 2.468820000 0.971702305 -0.123958244 0.252958318 0.482548672
 2.471530000 0.972384041 -0.122650057 0.250158052 0.482903895
 2.474240000 0.973058192 -0.121340913 0.247360194 0.483254801
 2.476950000 0.973724764 -0.120030823 0.244564715 0.483601407
 2.479660000 0.974383763 -0.118719800 0.241771584 0.483943727
 2.482370000 0.975035196 -0.117407856 0.238980772 0.484281778
 2.485080000 0.975679069 -0.116095000 0.236192250 0.484615575
 2.487790000 0.976315388 -0.114781246 0.233405988 0.484945134
 2.490500000 0.976944159 -0.113466605 0.230621957 0.485270469
 2.493210000 0.977565388 -0.112151087 0.227840128 0.485591596
 2.495920000 0.978179082 -0.110834705 0.225060471 0.485908528
 2.498630000 0.978785246 -0.109517470 0.222282959 0.486221281
 2.501340000 0.979383885 -0.108199393 0.219507561 0.486529868
 2.504050000 0.979975006 -0.106880485 0.216734250 0.486834304
 2.506760000 0.980558615 -0.105560758 0.213962997 0.487134601
 2.509470000 0.981134715 -0.104240222 0.211193774 0.487430775
 2.512180000 0.981703314 -0.102918890 0.208426551 0.487722837
 2.514890000 0.982264417 -0.101596771 0.205661301 0.488010800
 2.517600000 0.982818028 -0.100273878 0.202897996 0.488294679
 2.520310000 0.983364153 -0.098950220 0.200136607 0.488574485
 2.523020000 0.983902798 -0.097625810 0.197377107 0.488850232
 2.525730000 0.984433966 -0.096300658 0.194619468 0.489121930
 2.528440000 0.984957665 -0.094974776 0.191863661 0.489389593
 2.531150000 0.985473897 -0.093648173 0.189109660 0.489653232
 2.533860000 0.985982668 -0.092320861 0.186357437 0.489912859
 2.536570000 0.986483983 -0.090992852 0.183606964 0.490168485
 2.539280000 0.986977847 -0.089664154 0.180858214 0.490420121
 2.541990000 0.987464264 -0.088334781 0.178111160 0.490667780
 2.544700000 0.987943238 -0.087004741 0.175365774 0.490911471
 2.547410000 0.988414775 -0.085674046 0.172622029 0.491151206
 2.550120000 0.988878879 -0.084342707 0.169879898 0.491386994
 2.552830000 0.989335553 -0.083010735 0.167139355 0.491618846
 2.555540000 0.989784803 -0.081678139 0.164400372 0.491846773
 2.558250000 0.990226632 -0.080344931 0.161662922 0.492070784
 2.560960000 0.990661044 -0.079011121 0.158926979 0.492290889
 2.563670000 0.991088045 -0.077676720 0.156192516 0.492507098
 2.566380000 0.991507637 -0.076341738 0.153459507 0.492719420
 2.569090000 0.991919824 -0.075006187 0.150727924 0.492927864
 2.571800000 0.992324610 -0.073670075 0.147997743 0.493132439
 2.574510000 0.992722000 -0.072333414 0.145268935 0.493333155
 2.577220000 0.993111997 -0.070996215 0.142541475 0.493530019
 2.579930000 0.993494603 -0.069658487 0.139815337 0.493723041
 2.582640000 0.993869824 -0.068320241 0.137090494 0.493912229
 2.585350000 0.994237662 -0.066981488 0.134366921 0.494097590
 2.588060000 0.994598121 -0.065642238 0.131644591 0.494279133
 2.590770000 0.994951204 -0.064302500 0.128923478 0.494456866
 2.593480000 0.995296915 -0.062962287 0.126203557 0.494630796
 2.596190000 0.995635256 -0.061621607 0.123484801 0.494800932
 2.598900000 0.995966231 -0.060280471 0.120767185 0.494967279
 2.601610000 0.996289842 -0.058938889 0.118050683 0.495129845
 2.604320000 0.996606093 -0.057596872 0.115335270 0.495288637
 2.607030000 0.996914987 -0.056254430 0.112620919 0.495443663
 2.609740000 0.997216527 -0.054911572 0.109907605 0.495594928
 2.612450000 0.997510715 -0.053568310 0.107195303 0.495742439
 2.615160000 0.997797553 -0.052224653 0.104483987 0.495886202
 2.617870000 0.998077046 -0.050880612 0.101773631 0.496026224
 2.620580000 0.998349194 -0.049536196 0.099064211 0.496162510
 2.623290000 0.998614002 -0.048191415 0.096355700 0.496295066
 2.626000000 0.998871470 -0.046846281 0.093648075 0.496423899
 2.628710000 0.999121602 -0.045500803 0.090941308 0.496549012
 2.631420000 0.999364400 -0.044154990 0.088235376 0.496670412
 2.634130000 0.999599866 -0.042808853 0.085530253 0.496788104
 2.636840000 0.999828002 -0.041462403 0.082825914 0.496902093
 2.639550000 1.000048810 -0.040115649 0.080122333 0.497012383
 2.642260000 1.000262292 -0.038768600 0.077419486 0.497118979
 2.644970000 1.000468451 -0.037421268 0.074717348 0.497221886
 2.647680000 1.000667288 -0.036073662 0.072015893 0.497321108
 2.650390000 1.000858805 -0.034725792 0.069315098 0.497416650
 2.653100000 1.001043003 -0.033377668 0.066614936 0.497508514
 2.655810000 1.001219885 -0.032029300 0.063915383 0.497596706
 2.658520000 1.001389452 -0.030680698 0.061216414 0.497681229
 2.661230000 1.001551706 -0.029331872 0.058518004 0.497762086
 2.663940000 1.001706647 -0.027982832 0.055820129 0.497839281
 2.666650000 1.001854278 -0.026633587 0.053122764 0.497912817
 2.669360000 1.001994600 -0.025284148 0.050425883 0.497982698
 2.672070000 1.002127614 -0.023934525 0.047729463 0.498048925
 2.674780000 1.002253321 -0.022584727 0.045033478 0.498111503
 2.677490000 1.002371723 -0.021234764 0.042337904 0.498170432
 2.680200000 1.002482820 -0.019884647 0.039642716 0.498225717
 2.682910000 1.002586614 -0.018534385 0.036947889 0.498277359
 2.685620000 1.002683105 -0.017183988 0.034253400 0.498325361
 2.688330000 1.002772294 -0.015833465 0.031559222 0.498369724
 2.691040000 1.002854183 -0.014482827 0.028865333 0.498410451
 2.693750000 1.002928772 -0.013132084 0.026171706 0.498447543
 2.696460000 1.002996061 -0.011781245 0.023478318 0.498481001
 2.699170000 1.003056051 -0.010430321 0.020785144 0.498510827
 2.701880000 1.003108743 -0.009079320 0.018092159 0.498537023
 2.704590000 1.003154138 -0.007728254 0.015399339 0.498559589
 2.707300000 1.003192235 -0.006377131 0.012706660 0.498578526
 2.710010000 1.003223035 -0.005025961 0.010014096 0.498593835
 2.712720000 1.003246538 -0.003674756 0.007321623 0.498605518
