 t x y vx vy
 0.002000000 0.999998000 0.000999999 -0.002000002 0.499999000
 0.004000000 0.999992000 0.001999995 -0.004000012 0.499996000
 0.006000000 0.999982000 0.002999983 -0.006000043 0.499991000
 0.008000000 0.999968000 0.003999959 -0.008000104 0.499984000
 0.010000000 0.999950000 0.004999918 -0.010000204 0.499974999
 0.012000000 0.999927999 0.005999858 -0.012000355 0.499963998
 0.014000000 0.999901998 0.006999774 -0.014000565 0.499950996
 0.016000000 0.999871997 0.007999662 -0.016000846 0.499935992
 0.018000000 0.999837995 0.008999517 -0.018001207 0.499918988
 0.020000000 0.999799992 0.009999337 -0.020001658 0.499899981
 0.022000000 0.999757988 0.010999117 -0.022002208 0.499878972
 0.024000000 0.999711983 0.011998852 -0.024002869 0.499855961
 0.026000000 0.999661977 0.012998540 -0.026003650 0.499830946
 0.028000000 0.999607968 0.013998176 -0.028004561 0.499803927
 0.030000000 0.999549958 0.014997755 -0.030005612 0.499774903
 0.032000000 0.999487946 0.015997275 -0.032006813 0.499743875
 0.034000000 0.999421931 0.016996730 -0.034008175 0.499710840
 0.036000000 0.999351913 0.017996118 -0.036009706 0.499675799
 0.038000000 0.999277892 0.018995433 -0.038011418 0.499638751
 0.040000000 0.999199868 0.019994672 -0.040013321 0.499599694
 0.042000000 0.999117839 0.020993831 -0.042015423 0.499558628
 0.044000000 0.999031806 0.021992906 -0.044017736 0.499515552
 0.046000000 0.998941768 0.022991893 -0.046020270 0.499470464
 0.048000000 0.998847725 0.023990788 -0.048023034 0.499423365
 0.050000000 0.998749676 0.024989586 -0.050026038 0.499374252
 0.052000000 0.998647621 0.025988284 -0.052029293 0.499323124
 0.054000000 0.998541559 0.026986878 -0.054032810 0.499269981
 0.056000000 0.998431489 0.027985363 -0.056036597 0.499214822
 0.058000000 0.998317412 0.028983737 -0.058040664 0.499157644
 0.060000000 0.998199327 0.029981994 -0.060045023 0.499098447
 0.062000000 0.998077232 0.030980130 -0.062049684 0.499037229
 0.064000000 0.997951128 0.031978142 -0.064054655 0.498973988
 0.066000000 0.997821013 0.032976025 -0.066059948 0.498908724
 0.068000000 0.997686888 0.033973776 -0.068065573 0.498841435
 0.070000000 0.997548751 0.034971391 -0.070071539 0.498772119
 0.072000000 0.997406602 0.035968864 -0.072077857 0.498700775
 0.074000000 0.997260439 0.036966193 -0.074084538 0.498627401
 0.076000000 0.997110263 0.037963373 -0.076091590 0.498551995
 0.078000000 0.996956073 0.038960401 -0.078099025 0.498474555
 0.080000000 0.996797867 0.039957271 -0.080106853 0.498395081
 0.082000000 0.996635645 0.040953981 -0.082115084 0.498313569
 0.084000000 0.996469407 0.041950525 -0.084123727 0.498230018
 0.086000000 0.996299150 0.042946900 -0.086132794 0.498144427
 0.088000000 0.996124876 0.043943102 -0.088142294 0.498056792
 0.090000000 0.995946581 0.044939127 -0.090152239 0.497967112
 0.092000000 0.995764267 0.045934970 -0.092162637 0.497875386
 0.094000000 0.995577931 0.046930628 -0.094173500 0.497781610
 0.096000000 0.995387572 0.047926096 -0.096184837 0.497685783
 0.098000000 0.995193191 0.048921370 -0.098196659 0.497587902
 0.100000000 0.994994786 0.049916447 -0.100208976 0.497487965
 0.102000000 0.994792355 0.050911322 -0.102221800 0.497385970
 0.104000000 0.994585898 0.051905990 -0.104235138 0.497281915
 0.106000000 0.994375414 0.052900449 -0.106249004 0.497175796
 0.108000000 0.994160902 0.053894693 -0.108263406 0.497067612
 0.110000000 0.993942361 0.054888719 -0.110278355 0.496957360
 0.112000000 0.993719789 0.055882522 -0.112293861 0.496845037
 0.114000000 0.993493185 0.056876098 -0.114309935 0.496730641
 0.116000000 0.993262549 0.057869444 -0.116326588 0.496614169
 0.118000000 0.993027879 0.058862555 -0.118343829 0.496495618
 0.120000000 0.992789173 0.059855426 -0.120361670 0.496374986
 0.122000000 0.992546432 0.060848054 -0.122380120 0.496252269
 0.124000000 0.992299653 0.061840435 -0.124399190 0.496127465
 0.126000000 0.992048835 0.062832563 -0.126418891 0.496000571
 0.128000000 0.991793977 0.063824436 -0.128439233 0.495871584
 0.130000000 0.991535078 0.064816049 -0.130460227 0.495740501
 0.132000000 0.991272136 0.065807398 -0.132481884 0.495607318
 0.134000000 0.991005150 0.066798478 -0.134504213 0.495472033
 0.136000000 0.990734119 0.067789285 -0.136527226 0.495334643
 0.138000000 0.990459041 0.068779816 -0.138550933 0.495195143
 0.140000000 0.990179915 0.069770065 -0.140575344 0.495053531
 0.142000000 0.989896740 0.070760030 -0.142600472 0.494909804
 0.144000000 0.989609513 0.071749704 -0.144626325 0.494763958
 0.146000000 0.989318234 0.072739085 -0.146652915 0.494615989
 0.148000000 0.989022901 0.073728168 -0.148680253 0.494465895
 0.150000000 0.988723513 0.074716948 -0.150708348 0.494313671
 0.152000000 0.988420068 0.075705422 -0.152737213 0.494159313
 0.154000000 0.988112564 0.076693585 -0.154766858 0.494002819
 0.156000000 0.987801000 0.077681432 -0.156797293 0.493844185
 0.158000000 0.987485375 0.078668961 -0.158828530 0.493683406
 0.160000000 0.987165686 0.079656166 -0.160860579 0.493520479
 0.162000000 0.986841932 0.080643042 -0.162893451 0.493355400
 0.164000000 0.986514112 0.081629587 -0.164927158 0.493188165
 0.166000000 0.986182223 0.082615794 -0.166961709 0.493018770
 0.168000000 0.985846265 0.083601661 -0.168997116 0.492847210
 0.170000000 0.985506235 0.084587183 -0.171033390 0.492673483
 0.172000000 0.985162131 0.085572355 -0.173070542 0.492497583
 0.174000000 0.984813952 0.086557172 -0.175108583 0.492319506
 0.176000000 0.984461696 0.087541632 -0.177147523 0.492139249
 0.178000000 0.984105362 0.088525729 -0.179187375 0.491956806
 0.180000000 0.983744947 0.089509459 -0.181228148 0.491772174
 0.182000000 0.983380449 0.090492817 -0.183269855 0.491585347
 0.184000000 0.983011867 0.091475800 -0.185312506 0.491396322
 0.186000000 0.982639199 0.092458402 -0.187356112 0.491205093
 0.188000000 0.982262442 0.093440619 -0.189400685 0.491011657
 0.190000000 0.981881596 0.094422448 -0.191446236 0.490816007
 0.192000000 0.981496657 0.095403883 -0.193492776 0.490618141
 0.194000000 0.981107625 0.096384920 -0.195540316 0.490418052
 0.196000000 0.980714496 0.097365554 -0.197588868 0.490215737
 0.198000000 0.980317269 0.098345782 -0.199638443 0.490011189
 0.200000000 0.979915942 0.099325599 -0.201689053 0.489804404
 0.202000000 0.979510512 0.100304999 -0.203740708 0.489595377
 0.204000000 0.979100979 0.101283980 -0.205793420 0.489384103
 0.206000000 0.978687338 0.102262535 -0.207847201 0.489170577
 0.208000000 0.978269590 0.103240661 -0.209902062 0.488954793
 0.210000000 0.977847730 0.104218354 -0.211958014 0.488736746
 0.212000000 0.977421757 0.105195608 -0.214015070 0.488516431
 0.214000000 0.976991669 0.106172419 -0.216073240 0.488293842
 0.216000000 0.976557464 0.107148783 -0.218132537 0.488068974
 0.218000000 0.976119139 0.108124694 -0.220192971 0.487841821
 0.220000000 0.975676692 0.109100149 -0.222254555 0.487612377
 0.222000000 0.975230121 0.110075143 -0.224317301 0.487380638
 0.224000000 0.974779422 0.111049671 -0.226381219 0.487146596
 0.226000000 0.974324595 0.112023729 -0.228446322 0.486910247
 0.228000000 0.973865637 0.112997312 -0.230512622 0.486671584
 0.230000000 0.973402545 0.113970415 -0.232580130 0.486430602
 0.232000000 0.972935316 0.114943034 -0.234648859 0.486187294
 0.234000000 0.972463949 0.115915163 -0.236718819 0.485941655
 0.236000000 0.971988441 0.116886800 -0.238790024 0.485693678
 0.238000000 0.971508788 0.117857937 -0.240862485 0.485443356
 0.240000000 0.971024990 0.118828572 -0.242936214 0.485190685
 0.242000000 0.970537043 0.119798700 -0.245011223 0.484935657
 0.244000000 0.970044945 0.120768314 -0.247087524 0.484678265
 0.246000000 0.969548693 0.121737412 -0.249165130 0.484418504
 0.248000000 0.969048284 0.122705988 -0.251244052 0.484156367
 0.250000000 0.968543716 0.123674037 -0.253324303 0.483891847
 0.252000000 0.968034987 0.124641555 -0.255405894 0.483624938
 0.254000000 0.967522093 0.125608536 -0.257488839 0.483355632
 0.256000000 0.967005031 0.126574977 -0.259573150 0.483083924
 0.258000000 0.966483800 0.127540871 -0.261658838 0.482809805
 0.260000000 0.965958395 0.128506215 -0.263745917 0.482533269
 0.262000000 0.965428816 0.129471004 -0.265834399 0.482254309
 0.264000000 0.964895057 0.130435232 -0.267924295 0.481972917
 0.266000000 0.964357118 0.131398895 -0.270015619 0.481689087
 0.268000000 0.963814995 0.132361988 -0.272108384 0.481402812
 0.270000000 0.963268684 0.133324505 -0.274202601 0.481114083
 0.272000000 0.962718184 0.134286443 -0.276298284 0.480822893
 0.274000000 0.962163491 0.135247796 -0.278395446 0.480529236
 0.276000000 0.961604602 0.136208560 -0.280494098 0.480233103
 0.278000000 0.961041514 0.137168728 -0.282594254 0.479934486
 0.280000000 0.960474224 0.138128297 -0.284695926 0.479633378
 0.282000000 0.959902730 0.139087261 -0.286799128 0.479329771
 0.284000000 0.959327027 0.140045615 -0.288903872 0.479023658
 0.286000000 0.958747114 0.141003355 -0.291010171 0.478715029
 0.288000000 0.958162986 0.141960475 -0.293118039 0.478403877
 0.290000000 0.957574641 0.142916970 -0.295227488 0.478090195
 0.292000000 0.956982076 0.143872835 -0.297338531 0.477773973
 0.294000000 0.956385287 0.144828065 -0.299451182 0.477455203
 0.296000000 0.955784271 0.145782655 -0.301565454 0.477133877
 0.298000000 0.955179025 0.146736600 -0.303681360 0.476809987
 0.300000000 0.954569545 0.147689894 -0.305798913 0.476483524
 0.302000000 0.953955829 0.148642533 -0.307918127 0.476154479
 0.304000000 0.953337872 0.149594512 -0.310039015 0.475822843
 0.306000000 0.952715672 0.150545824 -0.312161590 0.475488608
 0.308000000 0.952089225 0.151496466 -0.314285866 0.475151765
 0.310000000 0.951458528 0.152446431 -0.316411857 0.474812305
 0.312000000 0.950823578 0.153395714 -0.318539576 0.474470218
 0.314000000 0.950184370 0.154344311 -0.320669037 0.474125496
 0.316000000 0.949540901 0.155292215 -0.322800254 0.473778129
 0.318000000 0.948893168 0.156239423 -0.324933239 0.473428108
 0.320000000 0.948241168 0.157185927 -0.327068008 0.473075424
 0.322000000 0.947584896 0.158131724 -0.329204574 0.472720066
 0.324000000 0.946924349 0.159076807 -0.331342950 0.472362026
 0.326000000 0.946259524 0.160021171 -0.333483152 0.472001293
 0.328000000 0.945590416 0.160964811 -0.335625192 0.471637859
 0.330000000 0.944917022 0.161907722 -0.337769085 0.471271712
 0.332000000 0.944239339 0.162849897 -0.339914846 0.470902843
 0.334000000 0.943557362 0.163791333 -0.342062488 0.470531242
 0.336000000 0.942871089 0.164732022 -0.344212025 0.470156898
 0.338000000 0.942180514 0.165671959 -0.346363473 0.469779802
 0.340000000 0.941485634 0.166611140 -0.348516844 0.469399942
 0.342000000 0.940786446 0.167549559 -0.350672155 0.469017310
 0.344000000 0.940082945 0.168487209 -0.352829419 0.468631893
 0.346000000 0.939375128 0.169424085 -0.354988651 0.468243681
 0.348000000 0.938662990 0.170360183 -0.357149865 0.467852663
 0.350000000 0.937946528 0.171295495 -0.359313077 0.467458829
 0.352000000 0.937225737 0.172230017 -0.361478300 0.467062168
 0.354000000 0.936500614 0.173163743 -0.363645551 0.466662668
 0.356000000 0.935771155 0.174096667 -0.365814843 0.466260318
 0.358000000 0.935037354 0.175028784 -0.367986192 0.465855107
 0.360000000 0.934299209 0.175960087 -0.370159612 0.465447024
 0.362000000 0.933556715 0.176890571 -0.372335119 0.465036056
 0.364000000 0.932809868 0.177820231 -0.374512729 0.464622193
 0.366000000 0.932058664 0.178749059 -0.376692455 0.464205422
 0.368000000 0.931303098 0.179677052 -0.378874313 0.463785732
 0.370000000 0.930543166 0.180604202 -0.381058320 0.463363111
 0.372000000 0.929778864 0.181530503 -0.383244490 0.462937547
 0.374000000 0.929010188 0.182455951 -0.385432838 0.462509027
 0.376000000 0.928237132 0.183380539 -0.387623381 0.462077539
 0.378000000 0.927459694 0.184304260 -0.389816134 0.461643071
 0.380000000 0.926677867 0.185227110 -0.392011112 0.461205611
 0.382000000 0.925891649 0.186149082 -0.394208332 0.460765145
 0.384000000 0.925101033 0.187070170 -0.396407809 0.460321660
 0.386000000 0.924306017 0.187990368 -0.398609559 0.459875145
 0.388000000 0.923506595 0.188909670 -0.400813598 0.459425586
 0.390000000 0.922702762 0.189828070 -0.403019943 0.458972969
 0.392000000 0.921894514 0.190745561 -0.405228609 0.458517282
 0.394000000 0.921081847 0.191662138 -0.407439614 0.458058511
 0.396000000 0.920264755 0.192577794 -0.409652972 0.457596643
 0.398000000 0.919443235 0.193492524 -0.411868700 0.457131664
 0.400000000 0.918617280 0.194406320 -0.414086815 0.456663560
 0.402000000 0.917786887 0.195319177 -0.416307334 0.456192318
 0.404000000 0.916952050 0.196231089 -0.418530273 0.455717923
 0.406000000 0.916112765 0.197142048 -0.420755649 0.455240361
 0.408000000 0.915269027 0.198052049 -0.422983478 0.454759618
 0.410000000 0.914420831 0.198961086 -0.425213778 0.454275680
 0.412000000 0.913568171 0.199869151 -0.427446566 0.453788531
 0.414000000 0.912711044 0.200776239 -0.429681857 0.453298158
 0.416000000 0.911849443 0.201682343 -0.431919671 0.452804546
 0.418000000 0.910983364 0.202587456 -0.434160023 0.452307679
 0.420000000 0.910112802 0.203491573 -0.436402932 0.451807542
 0.422000000 0.909237752 0.204394686 -0.438648414 0.451304121
 0.424000000 0.908358208 0.205296789 -0.440896487 0.450797399
 0.426000000 0.907474165 0.206197875 -0.443147168 0.450287362
 0.428000000 0.906585619 0.207097937 -0.445400476 0.449773993
 0.430000000 0.905692563 0.207996970 -0.447656428 0.449257277
 0.432000000 0.904794992 0.208894965 -0.449915042 0.448737198
 0.434000000 0.903892902 0.209791918 -0.452176336 0.448213740
 0.436000000 0.902986286 0.210687820 -0.454440327 0.447686886
 0.438000000 0.902075140 0.211582664 -0.456707035 0.447156621
 0.440000000 0.901159458 0.212476445 -0.458976477 0.446622926
 0.442000000 0.900239234 0.213369155 -0.461248671 0.446085787
 0.444000000 0.899314462 0.214260787 -0.463523636 0.445545185
 0.446000000 0.898385138 0.215151335 -0.465801390 0.445001104
 0.448000000 0.897451256 0.216040791 -0.468081953 0.444453527
 0.450000000 0.896512810 0.216929148 -0.470365342 0.443902436
 0.452000000 0.895569794 0.217816400 -0.472651577 0.443347814
 0.454000000 0.894622203 0.218702539 -0.474940677 0.442789642
 0.456000000 0.893670031 0.219587558 -0.477232659 0.442227904
 0.458000000 0.892713271 0.220471449 -0.479527545 0.441662581
 0.460000000 0.891751920 0.221354207 -0.481825352 0.441093655
 0.462000000 0.890785969 0.222235823 -0.484126101 0.440521108
 0.464000000 0.889815415 0.223116291 -0.486429810 0.439944920
 0.466000000 0.888840249 0.223995602 -0.488736499 0.439365074
 0.468000000 0.887860468 0.224873750 -0.491046188 0.438781551
 0.470000000 0.886876064 0.225750727 -0.493358896 0.438194330
 0.472000000 0.885887032 0.226626526 -0.495674644 0.437603394
 0.474000000 0.884893365 0.227501140 -0.497993452 0.437008722
 0.476000000 0.883895057 0.228374560 -0.500315338 0.436410295
 0.478000000 0.882892102 0.229246780 -0.502640325 0.435808094
 0.480000000 0.881884495 0.230117792 -0.504968431 0.435202098
 0.482000000 0.880872228 0.230987588 -0.507299678 0.434592287
 0.484000000 0.879855295 0.231856160 -0.509634086 0.433978640
 0.486000000 0.878833691 0.232723501 -0.511971676 0.433361137
 0.488000000 0.877807408 0.233589603 -0.514312468 0.432739758
 0.490000000 0.876776440 0.234454459 -0.516656483 0.432114481
 0.492000000 0.875740781 0.235318060 -0.519003743 0.431485286
 0.494000000 0.874700424 0.236180399 -0.521354268 0.430852150
 0.496000000 0.873655363 0.237041468 -0.523708080 0.430215052
 0.498000000 0.872605591 0.237901259 -0.526065201 0.429573970
 0.500000000 0.871551102 0.238759763 -0.528425651 0.428928883
 0.502000000 0.870491888 0.239616973 -0.530789452 0.428279769
 0.504000000 0.869427943 0.240472881 -0.533156627 0.427626604
 0.506000000 0.868359261 0.241327478 -0.535527196 0.426969366
 0.508000000 0.867285833 0.242180757 -0.537901183 0.426308032
 0.510000000 0.866207655 0.243032710 -0.540278609 0.425642580
 0.512000000 0.865124718 0.243883327 -0.542659497 0.424972985
 0.514000000 0.864037016 0.244732600 -0.545043869 0.424299225
 0.516000000 0.862944542 0.245580523 -0.547431747 0.423621276
 0.518000000 0.861847288 0.246427085 -0.549823155 0.422939113
 0.520000000 0.860745248 0.247272278 -0.552218114 0.422252713
 0.522000000 0.859638415 0.248116094 -0.554616649 0.421562050
 0.524000000 0.858526781 0.248958525 -0.557018782 0.420867101
 0.526000000 0.857410339 0.249799562 -0.559424537 0.420167840
 0.528000000 0.856289082 0.250639195 -0.561833937 0.419464243
 0.530000000 0.855163002 0.251477418 -0.564247005 0.418756283
 0.532000000 0.854032093 0.252314219 -0.566663765 0.418043935
 0.534000000 0.852896346 0.253149592 -0.569084241 0.417327173
 0.536000000 0.851755755 0.253983527 -0.571508458 0.416605971
 0.538000000 0.850610312 0.254816015 -0.573936438 0.415880303
 0.540000000 0.849460008 0.255647047 -0.576368207 0.415150141
 0.542000000 0.848304838 0.256476614 -0.578803789 0.414415459
 0.544000000 0.847144792 0.257304708 -0.581243209 0.413676230
 0.546000000 0.845979864 0.258131318 -0.583686490 0.412932426
 0.548000000 0.844810045 0.258956436 -0.586133659 0.412184019
 0.550000000 0.843635328 0.259780053 -0.588584740 0.411430981
 0.552000000 0.842455705 0.260602159 -0.591039759 0.410673284
 0.554000000 0.841271168 0.261422745 -0.593498741 0.409910899
 0.556000000 0.840081710 0.262241802 -0.595961711 0.409143798
 0.558000000 0.838887321 0.263059319 -0.598428695 0.408371951
 0.560000000 0.837687994 0.263875288 -0.600899720 0.407595329
 0.562000000 0.836483721 0.264689699 -0.603374810 0.406813901
 0.564000000 0.835274494 0.265502543 -0.605853993 0.406027638
 0.566000000 0.834060304 0.266313809 -0.608337295 0.405236510
 0.568000000 0.832841143 0.267123487 -0.610824742 0.404440485
 0.570000000 0.831617004 0.267931569 -0.613316361 0.403639533
 0.572000000 0.830387877 0.268738044 -0.615812179 0.402833623
 0.574000000 0.829153754 0.269542902 -0.618312224 0.402022722
 0.576000000 0.827914627 0.270346134 -0.620816522 0.401206798
 0.578000000 0.826670487 0.271147728 -0.623325100 0.400385821
 0.580000000 0.825421325 0.271947676 -0.625837987 0.399559756
 0.582000000 0.824167134 0.272745966 -0.628355211 0.398728571
 0.584000000 0.822907904 0.273542589 -0.630876799 0.397892233
 0.586000000 0.821643626 0.274337534 -0.633402779 0.397050707
 0.588000000 0.820374291 0.275130790 -0.635933180 0.396203961
 0.590000000 0.819099892 0.275922348 -0.638468031 0.395351959
 0.592000000 0.817820418 0.276712197 -0.641007360 0.394494667
 0.594000000 0.816535861 0.277500326 -0.643551197 0.393632050
 0.596000000 0.815246212 0.278286724 -0.646099570 0.392764073
 0.598000000 0.813951462 0.279071381 -0.648652509 0.391890699
 0.600000000 0.812651601 0.279854285 -0.651210043 0.391011893
 0.602000000 0.811346621 0.280635427 -0.653772203 0.390127617
 0.604000000 0.810036511 0.281414794 -0.656339018 0.389237836
 0.606000000 0.808721263 0.282192377 -0.658910518 0.388342512
 0.608000000 0.807400868 0.282968163 -0.661486734 0.387441607
 0.610000000 0.806075315 0.283742142 -0.664067696 0.386535083
 0.612000000 0.804744596 0.284514302 -0.666653436 0.385622901
 0.614000000 0.803408700 0.285284632 -0.669243983 0.384705023
 0.616000000 0.802067619 0.286053121 -0.671839371 0.383781409
 0.618000000 0.800721342 0.286819756 -0.674439629 0.382852020
 0.620000000 0.799369859 0.287584527 -0.677044791 0.381916815
 0.622000000 0.798013161 0.288347422 -0.679654886 0.380975754
 0.624000000 0.796651238 0.289108429 -0.682269949 0.380028796
 0.626000000 0.795284080 0.289867536 -0.684890011 0.379075900
 0.628000000 0.793911677 0.290624731 -0.687515104 0.378117023
 0.630000000 0.792534019 0.291380002 -0.690145263 0.377152123
 0.632000000 0.791151095 0.292133338 -0.692780519 0.376181157
 0.634000000 0.789762895 0.292884725 -0.695420906 0.375204082
 0.636000000 0.788369410 0.293634153 -0.698066458 0.374220855
 0.638000000 0.786970628 0.294381607 -0.700717208 0.373231430
 0.640000000 0.785566540 0.295127077 -0.703373190 0.372235764
 0.642000000 0.784157134 0.295870549 -0.706034440 0.371233812
 0.644000000 0.782742401 0.296612011 -0.708700991 0.370225527
 0.646000000 0.781322329 0.297351449 -0.711372877 0.369210863
 0.648000000 0.779896908 0.298088852 -0.714050136 0.368189774
 0.650000000 0.778466127 0.298824207 -0.716732800 0.367162212
 0.652000000 0.777029975 0.299557500 -0.719420907 0.366128130
 0.654000000 0.775588442 0.300288718 -0.722114491 0.365087479
 0.656000000 0.774141516 0.301017848 -0.724813590 0.364040212
 0.658000000 0.772689186 0.301744877 -0.727518239 0.362986277
 0.660000000 0.771231442 0.302469791 -0.730228475 0.361925626
 0.662000000 0.769768271 0.303192578 -0.732944335 0.360858208
 0.664000000 0.768299663 0.303913222 -0.735665856 0.359783972
 0.666000000 0.766825606 0.304631712 -0.738393075 0.358702867
 0.668000000 0.765346089 0.305348032 -0.741126031 0.357614840
 0.670000000 0.763861101 0.306062169 -0.743864762 0.356519839
 0.672000000 0.762370629 0.306774110 -0.746609305 0.355417810
 0.674000000 0.760874662 0.307483839 -0.749359699 0.354308699
 0.676000000 0.759373188 0.308191343 -0.752115984 0.353192451
 0.678000000 0.757866197 0.308896607 -0.754878198 0.352069013
 0.680000000 0.756353674 0.309599617 -0.757646381 0.350938327
 0.682000000 0.754835610 0.310300358 -0.760420573 0.349800337
 0.684000000 0.753311990 0.310998817 -0.763200814 0.348654987
 0.686000000 0.751782805 0.311694977 -0.765987144 0.347502218
 0.688000000 0.750248040 0.312388824 -0.768779604 0.346341972
 0.690000000 0.748707685 0.313080343 -0.771578235 0.345174190
 0.692000000 0.747161726 0.313769518 -0.774383078 0.343998813
 0.694000000 0.745610151 0.314456336 -0.777194176 0.342815778
 0.696000000 0.744052948 0.315140780 -0.780011569 0.341625027
 0.698000000 0.742490103 0.315822834 -0.782835302 0.340426495
 0.700000000 0.740921605 0.316502484 -0.785665415 0.339220122
 0.702000000 0.739347440 0.317179713 -0.788501953 0.338005844
 0.704000000 0.737767595 0.317854505 -0.791344958 0.336783595
 0.706000000 0.736182058 0.318526845 -0.794194474 0.335553313
 0.708000000 0.734590816 0.319196716 -0.797050546 0.334314930
 0.710000000 0.732993855 0.319864103 -0.799913217 0.333068381
 0.712000000 0.731391161 0.320528988 -0.802782532 0.331813598
 0.714000000 0.729782723 0.321191355 -0.805658537 0.330550513
 0.716000000 0.728168526 0.321851188 -0.808541277 0.329279058
 0.718000000 0.726548556 0.322508469 -0.811430797 0.327999162
 0.720000000 0.724922801 0.323163182 -0.814327144 0.326710756
 0.722000000 0.723291246 0.323815310 -0.817230365 0.325413768
 0.724000000 0.721653878 0.324464835 -0.820140506 0.324108125
 0.726000000 0.720010682 0.325111740 -0.823057615 0.322793755
 0.728000000 0.718361645 0.325756008 -0.825981739 0.321470583
 0.730000000 0.716706753 0.326397620 -0.828912926 0.320138536
 0.732000000 0.715045992 0.327036560 -0.831851225 0.318797536
 0.734000000 0.713379347 0.327672808 -0.834796685 0.317447507
 0.736000000 0.711706803 0.328306348 -0.837749355 0.316088372
 0.738000000 0.710028347 0.328937159 -0.840709285 0.314720051
 0.740000000 0.708343964 0.329565225 -0.843676524 0.313342466
 0.742000000 0.706653640 0.330190527 -0.846651123 0.311955535
 0.744000000 0.704957358 0.330813045 -0.849633134 0.310559177
 0.746000000 0.703255105 0.331432761 -0.852622606 0.309153309
 0.748000000 0.701546866 0.332049656 -0.855619593 0.307737848
 0.750000000 0.699832625 0.332663710 -0.858624146 0.306312708
 0.752000000 0.698112367 0.333274904 -0.861636318 0.304877805
 0.754000000 0.696386078 0.333883219 -0.864656162 0.303433050
 0.756000000 0.694653741 0.334488634 -0.867683731 0.301978357
 0.758000000 0.692915341 0.335091130 -0.870719079 0.300513635
 0.760000000 0.691170863 0.335690686 -0.873762261 0.299038795
 0.762000000 0.689420290 0.336287283 -0.876813332 0.297553746
 0.764000000 0.687663607 0.336880899 -0.879872346 0.296058394
 0.766000000 0.685900799 0.337471514 -0.882939359 0.294552645
 0.768000000 0.684131848 0.338059107 -0.886014428 0.293036406
 0.770000000 0.682356739 0.338643657 -0.889097610 0.291509579
 0.772000000 0.680575455 0.339225142 -0.892188961 0.289972067
 0.774000000 0.678787981 0.339803542 -0.895288539 0.288423772
 0.776000000 0.676994299 0.340378835 -0.898396402 0.286864592
 0.778000000 0.675194393 0.340950998 -0.901512609 0.285294428
 0.780000000 0.673388247 0.341520010 -0.904637220 0.283713175
 0.782000000 0.671575842 0.342085848 -0.907770293 0.282120730
 0.784000000 0.669757163 0.342648490 -0.910911889 0.280516988
 0.786000000 0.667932193 0.343207913 -0.914062068 0.278901842
 0.788000000 0.666100913 0.343764094 -0.917220892 0.277275182
 0.790000000 0.664263307 0.344317011 -0.920388423 0.275636901
 0.792000000 0.662419357 0.344866639 -0.923564722 0.273986885
 0.794000000 0.660569046 0.345412955 -0.926749853 0.272325024
 0.796000000 0.658712356 0.345955936 -0.929943878 0.270651201
 0.798000000 0.656849268 0.346495557 -0.933146862 0.268965302
 0.800000000 0.654979766 0.347031794 -0.936358868 0.267267209
 0.802000000 0.653103830 0.347564623 -0.939579963 0.265556803
 0.804000000 0.651221444 0.348094018 -0.942810211 0.263833964
 0.806000000 0.649332587 0.348619955 -0.946049679 0.262098569
 0.808000000 0.647437243 0.349142409 -0.949298432 0.260350494
 0.810000000 0.645535391 0.349661354 -0.952556540 0.258589613
 0.812000000 0.643627014 0.350176765 -0.955824068 0.256815800
 0.814000000 0.641712093 0.350688614 -0.959101087 0.255028924
 0.816000000 0.639790608 0.351196877 -0.962387664 0.253228855
 0.818000000 0.637862540 0.351701526 -0.965683870 0.251415460
 0.820000000 0.635927870 0.352202535 -0.968989774 0.249588604
 0.822000000 0.633986578 0.352699877 -0.972305447 0.247748150
 0.824000000 0.632038645 0.353193525 -0.975630962 0.245893960
 0.826000000 0.630084052 0.353683450 -0.978966390 0.244025894
 0.828000000 0.628122777 0.354169625 -0.982311803 0.242143808
 0.830000000 0.626154802 0.354652021 -0.985667276 0.240247558
 0.832000000 0.624180106 0.355130611 -0.989032882 0.238336998
 0.834000000 0.622198668 0.355605366 -0.992408696 0.236411978
 0.836000000 0.620210468 0.356076256 -0.995794793 0.234472347
 0.838000000 0.618215486 0.356543251 -0.999191250 0.232517953
 0.840000000 0.616213701 0.357006324 -1.002598142 0.230548640
 0.842000000 0.614205091 0.357465442 -1.006015548 0.228564250
 0.844000000 0.612189636 0.357920577 -1.009443545 0.226564623
 0.846000000 0.610167314 0.358371697 -1.012882211 0.224549596
 0.848000000 0.608138105 0.358818771 -1.016331628 0.222519006
 0.850000000 0.606101985 0.359261769 -1.019791874 0.220472684
 0.852000000 0.604058934 0.359700658 -1.023263030 0.218410461
 0.854000000 0.602008930 0.360135407 -1.026745178 0.216332165
 0.856000000 0.599951951 0.360565983 -1.030238400 0.214237620
 0.858000000 0.597887974 0.360992353 -1.033742780 0.212126650
 0.860000000 0.595816977 0.361414485 -1.037258401 0.209999073
 0.862000000 0.593738937 0.361832345 -1.040785346 0.207854708
 0.864000000 0.591653833 0.362245900 -1.044323703 0.205693368
 0.866000000 0.589561640 0.362655114 -1.047873556 0.203514864
 0.868000000 0.587462336 0.363059955 -1.051434993 0.201319006
 0.870000000 0.585355897 0.363460386 -1.055008100 0.199105598
 0.872000000 0.583242300 0.363856373 -1.058592966 0.196874444
 0.874000000 0.581121522 0.364247879 -1.062189681 0.194625343
 0.876000000 0.578993539 0.364634870 -1.065798333 0.192358090
 0.878000000 0.576858326 0.365017307 -1.069419014 0.190072480
 0.880000000 0.574715860 0.365395155 -1.073051815 0.187768302
 0.882000000 0.572566116 0.365768376 -1.076696829 0.185445342
 0.884000000 0.570409069 0.366136931 -1.080354147 0.183103384
 0.886000000 0.568244696 0.366500784 -1.084023865 0.180742208
 0.888000000 0.566072971 0.366859895 -1.087706077 0.178361590
 0.890000000 0.563893868 0.367214226 -1.091400878 0.175961302
 0.892000000 0.561707364 0.367563736 -1.095108364 0.173541113
 0.894000000 0.559513432 0.367908385 -1.098828634 0.171100789
 0.896000000 0.557312046 0.368248134 -1.102561784 0.168640090
 0.898000000 0.555103181 0.368582940 -1.106307914 0.166158775
 0.900000000 0.552886811 0.368912764 -1.110067124 0.163656597
 0.902000000 0.550662910 0.369237561 -1.113839514 0.161133305
 0.904000000 0.548431450 0.369557291 -1.117625185 0.158588645
 0.906000000 0.546192406 0.369871911 -1.121424240 0.156022358
 0.908000000 0.543945750 0.370181375 -1.125236782 0.153434181
 0.910000000 0.541691455 0.370485642 -1.129062915 0.150823845
 0.912000000 0.539429495 0.370784665 -1.132902744 0.148191080
 0.914000000 0.537159841 0.371078400 -1.136756375 0.145535608
 0.916000000 0.534882466 0.371366802 -1.140623915 0.142857148
 0.918000000 0.532597342 0.371649823 -1.144505471 0.140155414
 0.920000000 0.530304440 0.371927418 -1.148401152 0.137430115
 0.922000000 0.528003733 0.372199538 -1.152311067 0.134680955
 0.924000000 0.525695192 0.372466135 -1.156235327 0.131907633
 0.926000000 0.523378789 0.372727162 -1.160174043 0.129109842
 0.928000000 0.521054493 0.372982569 -1.164127327 0.126287272
 0.930000000 0.518722276 0.373232305 -1.168095291 0.123439604
 0.932000000 0.516382108 0.373476321 -1.172078051 0.120566516
 0.934000000 0.514033960 0.373714565 -1.176075721 0.117667681
 0.936000000 0.511677801 0.373946985 -1.180088416 0.114742764
 0.938000000 0.509313602 0.374173529 -1.184116254 0.111791425
 0.940000000 0.506941332 0.374394144 -1.188159352 0.108813318
 0.942000000 0.504560961 0.374608775 -1.192217829 0.105808091
 0.944000000 0.502172457 0.374817369 -1.196291803 0.102775386
 0.946000000 0.499775790 0.375019870 -1.200381396 0.099714837
 0.948000000 0.497370928 0.375216222 -1.204486729 0.096626073
 0.950000000 0.494957839 0.375406367 -1.208607924 0.093508715
 0.952000000 0.492536492 0.375590249 -1.212745103 0.090362378
 0.954000000 0.490106855 0.375767809 -1.216898392 0.087186671
 0.956000000 0.487668895 0.375938988 -1.221067914 0.083981192
 0.958000000 0.485222579 0.376103727 -1.225253795 0.080745535
 0.960000000 0.482767875 0.376261963 -1.229456163 0.077479287
 0.962000000 0.480304750 0.376413636 -1.233675144 0.074182023
 0.964000000 0.477833171 0.376558683 -1.237910866 0.070853314
 0.966000000 0.475353103 0.376697041 -1.242163460 0.067492722
 0.968000000 0.472864512 0.376828646 -1.246433055 0.064099800
 0.970000000 0.470367366 0.376953432 -1.250719781 0.060674093
 0.972000000 0.467861629 0.377071334 -1.255023770 0.057215136
 0.974000000 0.465347267 0.377182284 -1.259345156 0.053722457
 0.976000000 0.462824244 0.377286215 -1.263684070 0.050195574
 0.978000000 0.460292526 0.377383058 -1.268040647 0.046633996
 0.980000000 0.457752077 0.377472742 -1.272415022 0.043037222
 0.982000000 0.455202861 0.377555198 -1.276807330 0.039404740
 0.984000000 0.452644843 0.377630352 -1.281217706 0.035736031
 0.986000000 0.450077986 0.377698133 -1.285646289 0.032030563
 0.988000000 0.447502254 0.377758465 -1.290093214 0.028287794
 0.990000000 0.444917609 0.377811274 -1.294558621 0.024507173
 0.992000000 0.442324014 0.377856484 -1.299042648 0.020688135
 0.994000000 0.439721433 0.377894017 -1.303545433 0.016830106
 0.996000000 0.437109828 0.377923795 -1.308067117 0.012932500
 0.998000000 0.434489160 0.377945737 -1.312607840 0.008994717
 1.000000000 0.431859392 0.377959763 -1.317167742 0.005016147
 1.002000000 0.429220484 0.377965791 -1.321746964 0.000996167
 1.004000000 0.426572399 0.377963737 -1.326345648 -0.003065860
 1.006000000 0.423915097 0.377953517 -1.330963936 -0.007170582
 1.008000000 0.421248539 0.377935044 -1.335601968 -0.011318662
 1.010000000 0.418572684 0.377908231 -1.340259887 -0.015510778
 1.012000000 0.415887494 0.377872990 -1.344937836 -0.019747620
 1.014000000 0.413192928 0.377829229 -1.349635956 -0.024029895
 1.016000000 0.410488945 0.377776859 -1.354354391 -0.028358321
 1.018000000 0.407775505 0.377715784 -1.359093281 -0.032733637
 1.020000000 0.405052567 0.377645912 -1.363852769 -0.037156594
 1.022000000 0.402320089 0.377567146 -1.368632997 -0.041627959
 1.024000000 0.399578030 0.377479388 -1.373434107 -0.046148518
 1.026000000 0.396826347 0.377382539 -1.378256239 -0.050719073
 1.028000000 0.394064999 0.377276499 -1.383099534 -0.055340444
 1.030000000 0.391293944 0.377161165 -1.387964132 -0.060013468
 1.032000000 0.388513138 0.377036432 -1.392850173 -0.064739001
 1.034000000 0.385722538 0.376902195 -1.397757794 -0.069517919
 1.036000000 0.382922101 0.376758347 -1.402687134 -0.074351117
 1.038000000 0.380111784 0.376604777 -1.407638328 -0.079239511
 1.040000000 0.377291542 0.376441374 -1.412611513 -0.084184034
 1.042000000 0.374461332 0.376268026 -1.417606821 -0.089185646
 1.044000000 0.371621109 0.376084617 -1.422624386 -0.094245326
 1.046000000 0.368770829 0.375891030 -1.427664337 -0.099364074
 1.048000000 0.365910447 0.375687146 -1.432726804 -0.104542915
 1.050000000 0.363039916 0.375472843 -1.437811913 -0.109782899
 1.052000000 0.360159193 0.375247999 -1.442919789 -0.115085098
 1.054000000 0.357268231 0.375012487 -1.448050554 -0.120450611
 1.056000000 0.354366985 0.374766180 -1.453204327 -0.125880562
 1.058000000 0.351455408 0.374508948 -1.458381226 -0.131376102
 1.060000000 0.348533455 0.374240659 -1.463581363 -0.136938409
 1.062000000 0.345601077 0.373961177 -1.468804848 -0.142568691
 1.064000000 0.342658229 0.373670367 -1.474051788 -0.148268184
 1.066000000 0.339704864 0.373368087 -1.479322285 -0.154038153
 1.068000000 0.336740934 0.373054196 -1.484616438 -0.159879896
 1.070000000 0.333766393 0.372728549 -1.489934339 -0.165794742
 1.072000000 0.330781191 0.372390998 -1.495276079 -0.171784051
 1.074000000 0.327785282 0.372041394 -1.500641739 -0.177849220
 1.076000000 0.324778618 0.371679582 -1.506031398 -0.183991678
 1.078000000 0.321761151 0.371305407 -1.511445127 -0.190212893
 1.080000000 0.318732832 0.370918710 -1.516882992 -0.196514367
 1.082000000 0.315693613 0.370519329 -1.522345050 -0.202897642
 1.084000000 0.312643445 0.370107099 -1.527831353 -0.209364298
 1.086000000 0.309582281 0.369681851 -1.533341942 -0.215915957
 1.088000000 0.306510072 0.369243413 -1.538876852 -0.222554282
 1.090000000 0.303426768 0.368791611 -1.544436108 -0.229280980
 1.092000000 0.300332321 0.368326266 -1.550019726 -0.236097801
 1.094000000 0.297226683 0.367847197 -1.555627710 -0.243006543
 1.096000000 0.294109804 0.367354217 -1.561260055 -0.250009051
 1.098000000 0.290981637 0.366847137 -1.566916742 -0.257107217
 1.100000000 0.287842131 0.366325763 -1.572597742 -0.264302985
 1.102000000 0.284691240 0.365789899 -1.578303011 -0.271598354
 1.104000000 0.281528913 0.365239344 -1.584032490 -0.278995371
 1.106000000 0.278355104 0.364673892 -1.589786108 -0.286496145
 1.108000000 0.275169763 0.364093333 -1.595563774 -0.294102838
 1.110000000 0.271972843 0.363497453 -1.601365384 -0.301817673
 1.112000000 0.268764296 0.362886034 -1.607190811 -0.309642935
 1.114000000 0.265544074 0.362258853 -1.613039914 -0.317580973
 1.116000000 0.262312130 0.361615682 -1.618912526 -0.325634200
 1.118000000 0.259068418 0.360956287 -1.624808462 -0.333805098
 1.120000000 0.255812891 0.360280431 -1.630727513 -0.342096219
 1.122000000 0.252545502 0.359587871 -1.636669443 -0.350510187
 1.124000000 0.249266207 0.358878358 -1.642633993 -0.359049703
 1.126000000 0.245974961 0.358151640 -1.648620872 -0.367717543
 1.128000000 0.242671718 0.357407455 -1.654629764 -0.376516566
 1.130000000 0.239356436 0.356645540 -1.660660317 -0.385449713
 1.132000000 0.236029072 0.355865622 -1.666712148 -0.394520010
 1.134000000 0.232689583 0.355067424 -1.672784837 -0.403730574
 1.136000000 0.229337927 0.354250663 -1.678877927 -0.413084614
 1.138000000 0.225974066 0.353415049 -1.684990920 -0.422585433
 1.140000000 0.222597959 0.352560284 -1.691123274 -0.432236433
 1.142000000 0.219209568 0.351686064 -1.697274403 -0.442041122
 1.144000000 0.215808857 0.350792080 -1.703443672 -0.452003109
 1.146000000 0.212395790 0.349878011 -1.709630394 -0.462126116
 1.148000000 0.208970331 0.348943533 -1.715833828 -0.472413978
 1.150000000 0.205532450 0.347988313 -1.722053172 -0.482870648
 1.152000000 0.202082115 0.347012007 -1.728287565 -0.493500201
 1.154000000 0.198619297 0.346014267 -1.734536078 -0.504306839
 1.156000000 0.195143968 0.344994734 -1.740797713 -0.515294895
 1.158000000 0.191656103 0.343953041 -1.747071396 -0.526468838
 1.160000000 0.188155680 0.342888811 -1.753355974 -0.537833279
 1.162000000 0.184642677 0.341801658 -1.759650208 -0.549392973
 1.164000000 0.181117077 0.340691188 -1.765952772 -0.561152828
 1.166000000 0.177578864 0.339556995 -1.772262240 -0.573117910
 1.168000000 0.174028027 0.338398663 -1.778577087 -0.585293445
 1.170000000 0.170464555 0.337215767 -1.784895677 -0.597684831
 1.172000000 0.166888444 0.336007868 -1.791216257 -0.610297639
 1.174000000 0.163299691 0.334774519 -1.797536954 -0.623137622
 1.176000000 0.159698297 0.333515259 -1.803855761 -0.636210721
 1.178000000 0.156084269 0.332229616 -1.810170529 -0.649523073
 1.180000000 0.152457617 0.330917105 -1.816478961 -0.663081017
 1.182000000 0.148818356 0.329577228 -1.822778601 -0.676891100
 1.184000000 0.145166506 0.328209475 -1.829066822 -0.690960087
 1.186000000 0.141502092 0.326813320 -1.835340813 -0.705294970
 1.188000000 0.137825147 0.325388226 -1.841597572 -0.719902972
 1.190000000 0.134135708 0.323933637 -1.847833888 -0.734791558
 1.192000000 0.130433818 0.322448987 -1.854046330 -0.749968444
 1.194000000 0.126719530 0.320933689 -1.860231231 -0.765441604
 1.196000000 0.122992902 0.319387143 -1.866384670 -0.781219281
 1.198000000 0.119254001 0.317808733 -1.872502458 -0.797309995
 1.200000000 0.115502902 0.316197822 -1.878580119 -0.813722554
 1.202000000 0.111739692 0.314553759 -1.884612866 -0.830466062
 1.204000000 0.107964464 0.312875872 -1.890595585 -0.847549928
 1.206000000 0.104177324 0.311163470 -1.896522810 -0.864983879
 1.208000000 0.100378389 0.309415845 -1.902388697 -0.882777970
 1.210000000 0.096567787 0.307632265 -1.908187000 -0.900942590
 1.212000000 0.092745660 0.305811978 -1.913911041 -0.919488476
 1.214000000 0.088912164 0.303954211 -1.919553680 -0.938426723
 1.216000000 0.085067469 0.302058169 -1.925107283 -0.957768791
 1.218000000 0.081211761 0.300123031 -1.930563685 -0.977526519
 1.220000000 0.077345242 0.298147955 -1.935914155 -0.997712130
 1.222000000 0.073468134 0.296132071 -1.941149353 -1.018338243
 1.224000000 0.069580677 0.294074487 -1.946259288 -1.039417882
 1.226000000 0.065683132 0.291974281 -1.951233270 -1.060964482
 1.228000000 0.061775782 0.289830507 -1.956059859 -1.082991895
 1.230000000 0.057858934 0.287642188 -1.960726815 -1.105514398
 1.232000000 0.053932920 0.285408321 -1.965221032 -1.128546699
 1.234000000 0.049998099 0.283127869 -1.969528486 -1.152103934
 1.236000000 0.046054858 0.280799768 -1.973634159 -1.176201675
 1.238000000 0.042103618 0.278422921 -1.977521970 -1.200855923
 1.240000000 0.038144831 0.275996199 -1.981174701 -1.226083108
 1.242000000 0.034178985 0.273518439 -1.984573910 -1.251900079
 1.244000000 0.030206606 0.270988445 -1.987699843 -1.278324094
 1.246000000 0.026228262 0.268404985 -1.990531343 -1.305372806
 1.248000000 0.022244563 0.265766791 -1.993045742 -1.333064239
 1.250000000 0.018256168 0.263072561 -1.995218758 -1.361416766
 1.252000000 0.014263783 0.260320952 -1.997024376 -1.390449073
 1.254000000 0.010268172 0.257510588 -1.998434727 -1.420180120
 1.256000000 0.006270154 0.254640050 -1.999419954 -1.450629088
 1.258000000 0.002270611 0.251707885 -1.999948075 -1.481815322
 1.260000000 -0.001729511 0.248712598 -1.999984833 -1.513758255
 1.262000000 -0.005729192 0.245652656 -1.999493542 -1.546477327
 1.264000000 -0.009727338 0.242526487 -1.998434921 -1.579991878
 1.266000000 -0.013722774 0.239332483 -1.996766924 -1.614321032
 1.268000000 -0.017714237 0.236068993 -1.994444555 -1.649483557
 1.270000000 -0.021700371 0.232734333 -1.991419686 -1.685497705
 1.272000000 -0.025679721 0.229326783 -1.987640861 -1.722381022
 1.274000000 -0.029650725 0.225844586 -1.983053095 -1.760150132
 1.276000000 -0.033611709 0.222285956 -1.977597676 -1.798820491
 1.278000000 -0.037560876 0.218649074 -1.971211962 -1.838406102
 1.280000000 -0.041496299 0.214932098 -1.963829176 -1.878919190
 1.282000000 -0.045415917 0.211133162 -1.955378215 -1.920369832
 1.284000000 -0.049317517 0.207250382 -1.945783459 -1.962765542
 1.286000000 -0.053198735 0.203281862 -1.934964607 -2.006110802
 1.288000000 -0.057057038 0.199225701 -1.922836520 -2.050406527
 1.290000000 -0.060889720 0.195080000 -1.909309109 -2.095649480
 1.292000000 -0.064693889 0.190842870 -1.894287254 -2.141831609
 1.294000000 -0.068466458 0.186512444 -1.877670775 -2.188939322
 1.296000000 -0.072204134 0.182086889 -1.859354466 -2.236952681
 1.298000000 -0.075903410 0.177564418 -1.839228214 -2.285844529
 1.300000000 -0.079560552 0.172943305 -1.817177207 -2.335579537
 1.302000000 -0.083171593 0.168221906 -1.793082262 -2.386113176
 1.304000000 -0.086732324 0.163398674 -1.766820290 -2.437390632
 1.306000000 -0.090238285 0.158472182 -1.738264925 -2.489345658
 1.308000000 -0.093684762 0.153441151 -1.707287333 -2.541899374
 1.310000000 -0.097066780 0.148304470 -1.673757237 -2.594959063
 1.312000000 -0.100379104 0.143061229 -1.637544185 -2.648416949
 1.314000000 -0.103616238 0.137710750 -1.598519073 -2.702149025
 1.316000000 -0.106772431 0.132252618 -1.556555958 -2.756013951
 1.318000000 -0.109841683 0.126686721 -1.511534171 -2.809852087
 1.320000000 -0.112817761 0.121013284 -1.463340748 -2.863484716
 1.322000000 -0.115694215 0.115232908 -1.411873162 -2.916713520
 1.324000000 -0.118464402 0.109346612 -1.357042355 -2.969320401
 1.326000000 -0.121121516 0.103355871 -1.298776041 -3.021067714
 1.328000000 -0.123658628 0.097262653 -1.237022201 -3.071699014
 1.330000000 -0.126068723 0.091069457 -1.171752737 -3.120940377
 1.332000000 -0.128344760 0.084779348 -1.102967134 -3.168502398
 1.334000000 -0.130479724 0.078395981 -1.030696046 -3.214082901
 1.336000000 -0.132466697 0.071923629 -0.955004624 -3.257370409
 1.338000000 -0.134298926 0.065367192 -0.875995426 -3.298048378
 1.340000000 -0.135969903 0.058732207 -0.793810725 -3.335800158
 1.342000000 -0.137473444 0.052024840 -0.708634016 -3.370314593
 1.344000000 -0.138803775 0.045251871 -0.620690559 -3.401292138
 1.346000000 -0.139955615 0.038420662 -0.530246787 -3.428451296
 1.348000000 -0.140924252 0.031539117 -0.437608481 -3.451535162
 1.350000000 -0.141705629 0.024615626 -0.343117651 -3.470317789
 1.352000000 -0.142296401 0.017658993 -0.247148126 -3.484610109
 1.354000000 -0.142694002 0.010678364 -0.150099953 -3.494265100
 1.356000000 -0.142896689 0.003683131 -0.052392766 -3.499181952
 1.358000000 -0.142903571 -0.003317159 0.045541652 -3.499308987
 1.360000000 -0.142714630 -0.010312906 0.143267300 -3.494645175
 1.362000000 -0.142330718 -0.017294560 0.240352085 -3.485240168
 1.364000000 -0.141753541 -0.024252718 0.336375764 -3.471192833
 1.366000000 -0.140985632 -0.031178225 0.430937407 -3.452648384
 1.368000000 -0.140030299 -0.038062257 0.523662067 -3.429794264
 1.370000000 -0.138891573 -0.044896408 0.614206420 -3.402855008
 1.372000000 -0.137574135 -0.051672752 0.702263224 -3.372086346
 1.374000000 -0.136083244 -0.058383902 0.787564483 -3.337768850
 1.376000000 -0.134424653 -0.065023052 0.869883329 -3.300201391
 1.378000000 -0.132604527 -0.071584012 0.949034650 -3.259694691
 1.380000000 -0.130629361 -0.078061216 1.024874591 -3.216565196
 1.382000000 -0.128505897 -0.084449736 1.097299078 -3.171129448
 1.384000000 -0.126241045 -0.090745274 1.166241536 -3.123699103
 1.386000000 -0.123841814 -0.096944148 1.231670003 -3.074576668
 1.388000000 -0.121315245 -0.103043267 1.293583803 -3.024052003
 1.390000000 -0.118668349 -0.109040109 1.352009983 -2.972399582
 1.392000000 -0.115908059 -0.114932681 1.406999635 -2.919876473
 1.394000000 -0.113041183 -0.120719487 1.458624255 -2.866720989
 1.396000000 -0.110074370 -0.126399490 1.506972232 -2.813151928
 1.398000000 -0.107014076 -0.131972067 1.552145539 -2.759368314
 1.400000000 -0.103866540 -0.137436977 1.594256698 -2.705549571
 1.402000000 -0.100637770 -0.142794318 1.633426026 -2.651856031
 1.404000000 -0.097333525 -0.148044487 1.669779204 -2.598429698
 1.406000000 -0.093959309 -0.153188151 1.703445149 -2.545395219
 1.408000000 -0.090520368 -0.158226207 1.734554190 -2.492860971
 1.410000000 -0.087021683 -0.163159755 1.763236538 -2.440920241
 1.412000000 -0.083467980 -0.167990067 1.789621006 -2.389652433
 1.414000000 -0.079863726 -0.172718559 1.813833982 -2.339124285
 1.416000000 -0.076213141 -0.177346770 1.835998606 -2.289391061
 1.418000000 -0.072520200 -0.181876340 1.856234136 -2.240497700
 1.420000000 -0.068788644 -0.186308985 1.874655484 -2.192479911
 1.422000000 -0.065021990 -0.190646489 1.891372877 -2.145365193
 1.424000000 -0.061223539 -0.194890680 1.906491644 -2.099173794
 1.426000000 -0.057396385 -0.199043421 1.920112101 -2.053919588
 1.428000000 -0.053543429 -0.203106596 1.932329506 -2.009610878
 1.430000000 -0.049667384 -0.207082102 1.943234091 -1.966251131
 1.432000000 -0.045770789 -0.210971838 1.952911137 -1.923839635
 1.434000000 -0.041856017 -0.214777697 1.961441090 -1.882372091
 1.436000000 -0.037925283 -0.218501560 1.968899710 -1.841841150
 1.438000000 -0.033980659 -0.222145292 1.975358241 -1.802236879
 1.440000000 -0.030024075 -0.225710735 1.980883593 -1.763547183
 1.442000000 -0.026057334 -0.229199705 1.985538541 -1.725758176
 1.444000000 -0.022082117 -0.232613988 1.989381926 -1.688854504
 1.446000000 -0.018099989 -0.235955338 1.992468852 -1.652819633
 1.448000000 -0.014112411 -0.239225477 1.994850895 -1.617636097
 1.450000000 -0.010120743 -0.242426089 1.996576297 -1.583285716
 1.452000000 -0.006126253 -0.245558822 1.997690159 -1.549749786
 1.454000000 -0.002130120 -0.248625285 1.998234633 -1.517009236
 1.456000000 0.001866558 -0.251627051 1.998249097 -1.485044774
 1.458000000 0.005862758 -0.254565651 1.997770330 -1.453837004
 1.460000000 0.009857529 -0.257442581 1.996832679 -1.423366530
 1.462000000 0.013849986 -0.260259295 1.995468210 -1.393614039
 1.464000000 0.017839306 -0.263017210 1.993706860 -1.364560376
 1.466000000 0.021824725 -0.265717704 1.991576574 -1.336186609
 1.468000000 0.025805530 -0.268362119 1.989103440 -1.308474070
 1.470000000 0.029781062 -0.270951759 1.986311807 -1.281404406
 1.472000000 0.033750706 -0.273487891 1.983224408 -1.254959606
 1.474000000 0.037713894 -0.275971748 1.979862462 -1.229122032
 1.476000000 0.041670095 -0.278404525 1.976245781 -1.203874436
 1.478000000 0.045618820 -0.280787387 1.972392861 -1.179199978
 1.480000000 0.049559614 -0.283121462 1.968320974 -1.155082236
 1.482000000 0.053492055 -0.285407849 1.964046248 -1.131505214
 1.484000000 0.057415754 -0.287647613 1.959583749 -1.108453347
 1.486000000 0.061330349 -0.289841788 1.954947547 -1.085911500
 1.488000000 0.065235506 -0.291991381 1.950150786 -1.063864969
 1.490000000 0.069130917 -0.294097367 1.945205750 -1.042299480
 1.492000000 0.073016296 -0.296160694 1.940123914 -1.021201180
 1.494000000 0.076891382 -0.298182284 1.934916004 -1.000556634
 1.496000000 0.080755932 -0.300163029 1.929592045 -0.980352820
 1.498000000 0.084609725 -0.302103800 1.924161410 -0.960577117
 1.500000000 0.088452555 -0.304005441 1.918632861 -0.941217300
 1.502000000 0.092284235 -0.305868769 1.913014591 -0.922261531
 1.504000000 0.096104594 -0.307694584 1.907314261 -0.903698346
 1.506000000 0.099913474 -0.309483657 1.901539038 -0.885516649
 1.508000000 0.103710734 -0.311236742 1.895695625 -0.867705700
 1.510000000 0.107496242 -0.312954569 1.889790291 -0.850255108
 1.512000000 0.111269882 -0.314637849 1.883828902 -0.833154815
 1.514000000 0.115031546 -0.316287272 1.877816947 -0.816395091
 1.516000000 0.118781139 -0.317903511 1.871759559 -0.799966525
 1.518000000 0.122518575 -0.319487218 1.865661545 -0.783860008
 1.520000000 0.126243776 -0.321039028 1.859527399 -0.768066730
 1.522000000 0.129956677 -0.322559560 1.853361329 -0.752578169
 1.524000000 0.133657215 -0.324049414 1.847167270 -0.737386077
 1.526000000 0.137345340 -0.325509175 1.840948907 -0.722482477
 1.528000000 0.141021006 -0.326939413 1.834709687 -0.707859651
 1.530000000 0.144684175 -0.328340682 1.828452834 -0.693510129
 1.532000000 0.148334814 -0.329713520 1.822181365 -0.679426685
 1.534000000 0.151972898 -0.331058452 1.815898102 -0.665602325
 1.536000000 0.155598405 -0.332375991 1.809605687 -0.652030280
 1.538000000 0.159211319 -0.333666634 1.803306588 -0.638704000
 1.540000000 0.162811631 -0.334930866 1.797003113 -0.625617142
 1.542000000 0.166399332 -0.336169160 1.790697422 -0.612763567
 1.544000000 0.169974420 -0.337381977 1.784391532 -0.600137331
 1.546000000 0.173536899 -0.338569765 1.778087329 -0.587732677
 1.548000000 0.177086771 -0.339732961 1.771786572 -0.575544031
 1.550000000 0.180624046 -0.340871993 1.765490909 -0.563565993
 1.552000000 0.184148737 -0.341987276 1.759201873 -0.551793333
 1.554000000 0.187660856 -0.343079216 1.752920897 -0.540220982
 1.556000000 0.191160423 -0.344148208 1.746649318 -0.528844031
 1.558000000 0.194647456 -0.345194639 1.740388382 -0.517657721
 1.560000000 0.198121979 -0.346218885 1.734139250 -0.506657437
 1.562000000 0.201584017 -0.347221314 1.727903001 -0.495838709
 1.564000000 0.205033595 -0.348202284 1.721680643 -0.485197201
 1.566000000 0.208470743 -0.349162145 1.715473109 -0.474728709
 1.568000000 0.211895492 -0.350101240 1.709281269 -0.464429155
 1.570000000 0.215307873 -0.351019903 1.703105930 -0.454294583
 1.572000000 0.218707920 -0.351918459 1.696947838 -0.444321156
 1.574000000 0.222095668 -0.352797226 1.690807687 -0.434505151
 1.576000000 0.225471155 -0.353656517 1.684686118 -0.424842953
 1.578000000 0.228834418 -0.354496635 1.678583721 -0.415331056
 1.580000000 0.232185495 -0.355317878 1.672501045 -0.405966054
 1.582000000 0.235524427 -0.356120535 1.666438590 -0.396744641
 1.584000000 0.238851255 -0.356904891 1.660396821 -0.387663606
 1.586000000 0.242166020 -0.357671224 1.654376160 -0.378719832
 1.588000000 0.245468765 -0.358419804 1.648376997 -0.369910289
 1.590000000 0.248759533 -0.359150897 1.642399685 -0.361232034
 1.592000000 0.252038369 -0.359864764 1.636444547 -0.352682208
 1.594000000 0.255305317 -0.360561657 1.630511877 -0.344258030
 1.596000000 0.258560423 -0.361241826 1.624601938 -0.335956801
 1.598000000 0.261803731 -0.361905514 1.618714969 -0.327775892
 1.600000000 0.265035288 -0.362552959 1.612851184 -0.319712751
 1.602000000 0.268255142 -0.363184394 1.607010770 -0.311764893
 1.604000000 0.271463337 -0.363800047 1.601193898 -0.303929904
 1.606000000 0.274659923 -0.364400141 1.595400713 -0.296205434
 1.608000000 0.277844946 -0.364984895 1.589631343 -0.288589195
 1.610000000 0.281018455 -0.365554524 1.583885898 -0.281078964
 1.612000000 0.284180496 -0.366109237 1.578164469 -0.273672576
 1.614000000 0.287331119 -0.366649240 1.572467132 -0.266367922
 1.616000000 0.290470371 -0.367174733 1.566793949 -0.259162951
 1.618000000 0.293598301 -0.367685916 1.561144964 -0.252055666
 1.620000000 0.296714957 -0.368182980 1.555520211 -0.245044120
 1.622000000 0.299820387 -0.368666115 1.549919711 -0.238126418
 1.624000000 0.302914642 -0.369135508 1.544343471 -0.231300715
 1.626000000 0.305997767 -0.369591341 1.538791489 -0.224565213
 1.628000000 0.309069814 -0.370033791 1.533263752 -0.217918159
 1.630000000 0.312130829 -0.370463035 1.527760238 -0.211357846
 1.632000000 0.315180861 -0.370879244 1.522280913 -0.204882608
 1.634000000 0.318219958 -0.371282586 1.516825738 -0.198490823
 1.636000000 0.321248170 -0.371673227 1.511394664 -0.192180910
 1.638000000 0.324265543 -0.372051330 1.505987634 -0.185951326
 1.640000000 0.327272126 -0.372417052 1.500604586 -0.179800566
 1.642000000 0.330267967 -0.372770551 1.495245450 -0.173727164
 1.644000000 0.333253114 -0.373111980 1.489910150 -0.167729687
 1.646000000 0.336227614 -0.373441488 1.484598604 -0.161806739
 1.648000000 0.339191514 -0.373759225 1.479310725 -0.155956958
 1.650000000 0.342144863 -0.374065334 1.474046422 -0.150179014
 1.652000000 0.345087706 -0.374359958 1.468805598 -0.144471608
 1.654000000 0.348020091 -0.374643238 1.463588152 -0.138833474
 1.656000000 0.350942065 -0.374915309 1.458393979 -0.133263375
 1.658000000 0.353853673 -0.375176308 1.453222970 -0.127760103
 1.660000000 0.356754962 -0.375426366 1.448075015 -0.122322478
 1.662000000 0.359645979 -0.375665614 1.442949996 -0.116949349
 1.664000000 0.362526768 -0.375894179 1.437847798 -0.111639591
 1.666000000 0.365397376 -0.376112188 1.432768297 -0.106392103
 1.668000000 0.368257847 -0.376319763 1.427711373 -0.101205813
 1.670000000 0.371108227 -0.376517026 1.422676898 -0.096079670
 1.672000000 0.373948560 -0.376704096 1.417664745 -0.091012650
 1.674000000 0.376778891 -0.376881091 1.412674786 -0.086003749
 1.676000000 0.379599265 -0.377048125 1.407706888 -0.081051988
 1.678000000 0.382409724 -0.377205313 1.402760919 -0.076156409
 1.680000000 0.385210314 -0.377352765 1.397836746 -0.071316076
 1.682000000 0.388001077 -0.377490591 1.392934231 -0.066530071
 1.684000000 0.390782056 -0.377618898 1.388053240 -0.061797501
 1.686000000 0.393553295 -0.377737794 1.383193635 -0.057117488
 1.688000000 0.396314836 -0.377847381 1.378355277 -0.052489176
 1.690000000 0.399066722 -0.377947763 1.373538028 -0.047911726
 1.692000000 0.401808994 -0.378039040 1.368741747 -0.043384319
 1.694000000 0.404541694 -0.378121313 1.363966295 -0.038906150
 1.696000000 0.407264864 -0.378194677 1.359211531 -0.034476436
 1.698000000 0.409978545 -0.378259230 1.354477314 -0.030094406
 1.700000000 0.412682778 -0.378315066 1.349763504 -0.025759309
 1.702000000 0.415377604 -0.378362279 1.345069957 -0.021470408
 1.704000000 0.418063063 -0.378400959 1.340396534 -0.017226981
 1.706000000 0.420739195 -0.378431198 1.335743093 -0.013028323
 1.708000000 0.423406041 -0.378453084 1.331109492 -0.008873741
 1.710000000 0.426063638 -0.378466704 1.326495590 -0.004762559
 1.712000000 0.428712028 -0.378472145 1.321901246 -0.000694112
 1.714000000 0.431351248 -0.378469491 1.317326319 0.003332249
 1.716000000 0.433981338 -0.378458826 1.312770668 0.007317160
 1.718000000 0.436602336 -0.378440232 1.308234154 0.011261245
 1.720000000 0.439214279 -0.378413791 1.303716636 0.015165117
 1.722000000 0.441817207 -0.378379582 1.299217974 0.019029372
 1.724000000 0.444411156 -0.378337683 1.294738031 0.022854600
 1.726000000 0.446996164 -0.378288173 1.290276667 0.026641374
 1.728000000 0.449572267 -0.378231127 1.285833745 0.030390259
 1.730000000 0.452139503 -0.378166621 1.281409126 0.034101807
 1.732000000 0.454697908 -0.378094729 1.277002674 0.037776562
 1.734000000 0.457247519 -0.378015524 1.272614254 0.041415054
 1.736000000 0.459788370 -0.377929078 1.268243729 0.045017805
 1.738000000 0.462320498 -0.377835461 1.263890965 0.048585325
 1.740000000 0.464843938 -0.377734745 1.259555828 0.052118116
 1.742000000 0.467358726 -0.377626998 1.255238183 0.055616670
 1.744000000 0.469864895 -0.377512287 1.250937899 0.059081469
 1.746000000 0.472362482 -0.377390680 1.246654844 0.062512987
 1.748000000 0.474851519 -0.377262243 1.242388887 0.065911687
 1.750000000 0.477332041 -0.377127041 1.238139896 0.069278025
 1.752000000 0.479804083 -0.376985139 1.233907744 0.072612449
 1.754000000 0.482267677 -0.376836599 1.229692300 0.075915397
 1.756000000 0.484722856 -0.376681485 1.225493438 0.079187300
 1.758000000 0.487169654 -0.376519858 1.221311030 0.082428580
 1.760000000 0.489608104 -0.376351778 1.217144950 0.085639652
 1.762000000 0.492038238 -0.376177307 1.212995073 0.088820925
 1.764000000 0.494460089 -0.375996502 1.208861274 0.091972797
 1.766000000 0.496873687 -0.375809423 1.204743430 0.095095661
 1.768000000 0.499279066 -0.375616126 1.200641419 0.098189904
 1.770000000 0.501676257 -0.375416670 1.196555118 0.101255903
 1.772000000 0.504065291 -0.375211110 1.192484406 0.104294031
 1.774000000 0.506446199 -0.374999501 1.188429165 0.107304653
 1.776000000 0.508819011 -0.374781898 1.184389274 0.110288128
 1.778000000 0.511183759 -0.374558355 1.180364615 0.113244808
 1.780000000 0.513540474 -0.374328925 1.176355072 0.116175040
 1.782000000 0.515889184 -0.374093661 1.172360528 0.119079163
 1.784000000 0.518229919 -0.373852615 1.168380867 0.121957513
 1.786000000 0.520562711 -0.373605838 1.164415975 0.124810418
 1.788000000 0.522887587 -0.373353380 1.160465738 0.127638200
 1.790000000 0.525204577 -0.373095291 1.156530044 0.130441177
 1.792000000 0.527513711 -0.372831621 1.152608780 0.133219661
 1.794000000 0.529815016 -0.372562418 1.148701836 0.135973959
 1.796000000 0.532108522 -0.372287731 1.144809102 0.138704371
 1.798000000 0.534394256 -0.372007607 1.140930469 0.141411193
 1.800000000 0.536672247 -0.371722092 1.137065828 0.144094719
 1.802000000 0.538942523 -0.371431234 1.133215073 0.146755232
 1.804000000 0.541205111 -0.371135077 1.129378096 0.149393016
 1.806000000 0.543460039 -0.370833667 1.125554792 0.152008347
 1.808000000 0.545707333 -0.370527049 1.121745056 0.154601497
 1.810000000 0.547947022 -0.370215267 1.117948785 0.157172735
 1.812000000 0.550179132 -0.369898364 1.114165876 0.159722323
 1.814000000 0.552403689 -0.369576383 1.110396227 0.162250521
 1.816000000 0.554620720 -0.369249367 1.106639736 0.164757583
 1.818000000 0.556830251 -0.368917358 1.102896304 0.167243761
 1.820000000 0.559032309 -0.368580397 1.099165830 0.169709301
 1.822000000 0.561226918 -0.368238526 1.095448216 0.172154446
 1.824000000 0.563414105 -0.367891784 1.091743364 0.174579434
 1.826000000 0.565593895 -0.367540213 1.088051178 0.176984501
 1.828000000 0.567766313 -0.367183851 1.084371561 0.179369878
 1.830000000 0.569931384 -0.366822738 1.080704419 0.181735792
 1.832000000 0.572089133 -0.366456913 1.077049656 0.184082468
 1.834000000 0.574239586 -0.366086413 1.073407178 0.186410126
 1.836000000 0.576382765 -0.365711277 1.069776895 0.188718982
 1.838000000 0.578518696 -0.365331542 1.066158712 0.191009252
 1.840000000 0.580647403 -0.364947244 1.062552539 0.193281144
 1.842000000 0.582768909 -0.364558422 1.058958286 0.195534866
 1.844000000 0.584883239 -0.364165109 1.055375862 0.197770623
 1.846000000 0.586990416 -0.363767344 1.051805180 0.199988613
 1.848000000 0.589090463 -0.363365159 1.048246151 0.202189036
 1.850000000 0.591183403 -0.362958592 1.044698687 0.204372086
 1.852000000 0.593269260 -0.362547675 1.041162703 0.206537955
 1.854000000 0.595348057 -0.362132444 1.037638112 0.208686830
 1.856000000 0.597419816 -0.361712932 1.034124830 0.210818899
 1.858000000 0.599484559 -0.361289173 1.030622771 0.212934345
 1.860000000 0.601542310 -0.360861199 1.027131853 0.215033347
 1.862000000 0.603593089 -0.360429043 1.023651993 0.217116083
 1.864000000 0.605636920 -0.359992739 1.020183109 0.219182730
 1.866000000 0.607673825 -0.359552317 1.016725119 0.221233458
 1.868000000 0.609703824 -0.359107809 1.013277942 0.223268437
 1.870000000 0.611726939 -0.358659247 1.009841500 0.225287837
 1.872000000 0.613743192 -0.358206661 1.006415711 0.227291820
 1.874000000 0.615752605 -0.357750083 1.003000499 0.229280550
 1.876000000 0.617755197 -0.357289543 0.999595785 0.231254187
 1.878000000 0.619750990 -0.356825070 0.996201491 0.233212889
 1.880000000 0.621740006 -0.356356695 0.992817542 0.235156812
 1.882000000 0.623722263 -0.355884447 0.989443862 0.237086108
 1.884000000 0.625697784 -0.355408354 0.986080375 0.239000929
 1.886000000 0.627666587 -0.354928446 0.982727006 0.240901424
 1.888000000 0.629628694 -0.354444752 0.979383683 0.242787740
 1.890000000 0.631584124 -0.353957299 0.976050331 0.244660021
 1.892000000 0.633532898 -0.353466115 0.972726878 0.246518411
 1.894000000 0.635475034 -0.352971229 0.969413253 0.248363049
 1.896000000 0.637410553 -0.352472667 0.966109383 0.250194076
 1.898000000 0.639339474 -0.351970456 0.962815198 0.252011626
 1.900000000 0.641261817 -0.351464623 0.959530629 0.253815837
 1.902000000 0.643177599 -0.350955196 0.956255604 0.255606839
 1.904000000 0.645086841 -0.350442199 0.952990057 0.257384765
 1.906000000 0.646989562 -0.349925660 0.949733918 0.259149745
 1.908000000 0.648885779 -0.349405604 0.946487119 0.260901904
 1.910000000 0.650775513 -0.348882056 0.943249594 0.262641370
 1.912000000 0.652658780 -0.348355041 0.940021276 0.264368267
 1.914000000 0.654535600 -0.347824586 0.936802099 0.266082716
 1.916000000 0.656405991 -0.347290713 0.933591997 0.267784839
 1.918000000 0.658269970 -0.346753449 0.930390906 0.269474755
 1.920000000 0.660127557 -0.346212817 0.927198762 0.271152581
 1.922000000 0.661978768 -0.345668842 0.924015500 0.272818433
 1.924000000 0.663823621 -0.345121547 0.920841057 0.274472426
 1.926000000 0.665662134 -0.344570955 0.917675372 0.276114672
 1.928000000 0.667494325 -0.344017091 0.914518381 0.277745283
 1.930000000 0.669320210 -0.343459977 0.911370024 0.279364368
 1.932000000 0.671139807 -0.342899636 0.908230238 0.280972037
 1.934000000 0.672953133 -0.342336092 0.905098964 0.282568396
 1.936000000 0.674760205 -0.341769366 0.901976142 0.284153550
 1.938000000 0.676561040 -0.341199480 0.898861711 0.285727604
 1.940000000 0.678355654 -0.340626458 0.895755614 0.287290661
 1.942000000 0.680144064 -0.340050320 0.892657791 0.288842822
 1.944000000 0.681926287 -0.339471089 0.889568184 0.290384187
 1.946000000 0.683702339 -0.338888786 0.886486736 0.291914856
 1.948000000 0.685472236 -0.338303433 0.883413390 0.293434925
 1.950000000 0.687235995 -0.337715049 0.880348089 0.294944491
 1.952000000 0.688993630 -0.337123657 0.877290777 0.296443650
 1.954000000 0.690745160 -0.336529277 0.874241398 0.297932495
 1.956000000 0.692490598 -0.335931930 0.871199898 0.299411119
 1.958000000 0.694229961 -0.335331635 0.868166221 0.300879613
 1.960000000 0.695963265 -0.334728414 0.865140314 0.302338068
 1.962000000 0.697690524 -0.334122285 0.862122122 0.303786573
 1.964000000 0.699411755 -0.333513270 0.859111591 0.305225216
 1.966000000 0.701126973 -0.332901387 0.856108670 0.306654084
 1.968000000 0.702836192 -0.332286656 0.853113306 0.308073264
 1.970000000 0.704539428 -0.331669096 0.850125446 0.309482839
 1.972000000 0.706236696 -0.331048727 0.847145039 0.310882893
 1.974000000 0.707928010 -0.330425567 0.844172033 0.312273510
 1.976000000 0.709613386 -0.329799635 0.841206379 0.313654772
 1.978000000 0.711292837 -0.329170950 0.838248024 0.315026758
 1.980000000 0.712966380 -0.328539531 0.835296921 0.316389548
 1.982000000 0.714634027 -0.327905394 0.832353018 0.317743222
 1.984000000 0.716295793 -0.327268560 0.829416267 0.319087856
 1.986000000 0.717951694 -0.326629045 0.826486619 0.320423529
 1.988000000 0.719601742 -0.325986868 0.823564025 0.321750315
 1.990000000 0.721245952 -0.325342046 0.820648438 0.323068290
 1.992000000 0.722884337 -0.324694597 0.817739810 0.324377528
 1.994000000 0.724516913 -0.324044538 0.814838094 0.325678102
 1.996000000 0.726143691 -0.323391887 0.811943242 0.326970084
 1.998000000 0.727764687 -0.322736660 0.809055209 0.328253546
 2.000000000 0.729379914 -0.322078875 0.806173949 0.329528558
 2.002000000 0.730989385 -0.321418548 0.803299415 0.330795191
 2.004000000 0.732593113 -0.320755696 0.800431562 0.332053512
 2.006000000 0.734191113 -0.320090336 0.797570345 0.333303590
 2.008000000 0.735783396 -0.319422484 0.794715720 0.334545493
 2.010000000 0.737369977 -0.318752156 0.791867642 0.335779286
 2.012000000 0.738950868 -0.318079369 0.789026067 0.337005036
 2.014000000 0.740526083 -0.317404138 0.786190951 0.338222807
 2.016000000 0.742095634 -0.316726479 0.783362252 0.339432665
 2.018000000 0.743659534 -0.316046409 0.780539927 0.340634671
 2.020000000 0.745217795 -0.315363943 0.777723932 0.341828889
 2.022000000 0.746770431 -0.314679096 0.774914226 0.343015381
 2.024000000 0.748317454 -0.313991883 0.772110766 0.344194207
 2.026000000 0.749858876 -0.313302321 0.769313511 0.345365430
 2.028000000 0.751394709 -0.312610423 0.766522420 0.346529108
 2.030000000 0.752924967 -0.311916206 0.763737452 0.347685300
 2.032000000 0.754449661 -0.311219684 0.760958565 0.348834066
 2.034000000 0.755968803 -0.310520872 0.758185720 0.349975462
 2.036000000 0.757482405 -0.309819784 0.755418876 0.351109547
 2.038000000 0.758990480 -0.309116435 0.752657995 0.352236376
 2.040000000 0.760493039 -0.308410840 0.749903035 0.353356006
 2.042000000 0.761990093 -0.307703013 0.747153959 0.354468491
 2.044000000 0.763481656 -0.306992968 0.744410727 0.355573887
 2.046000000 0.764967738 -0.306280719 0.741673301 0.356672247
 2.048000000 0.766448351 -0.305566281 0.738941643 0.357763625
 2.050000000 0.767923506 -0.304849667 0.736215714 0.358848073
 2.052000000 0.769393215 -0.304130890 0.733495477 0.359925644
 2.054000000 0.770857489 -0.303409966 0.730780894 0.360996390
 2.056000000 0.772316340 -0.302686906 0.728071928 0.362060360
 2.058000000 0.773769778 -0.301961726 0.725368543 0.363117607
 2.060000000 0.775217815 -0.301234438 0.722670702 0.364168180
 2.062000000 0.776660462 -0.300505055 0.719978368 0.365212128
 2.064000000 0.778097730 -0.299773591 0.717291506 0.366249500
 2.066000000 0.779529630 -0.299040059 0.714610079 0.367280345
 2.068000000 0.780956172 -0.298304471 0.711934052 0.368304709
 2.070000000 0.782377367 -0.297566841 0.709263391 0.369322641
 2.072000000 0.783793227 -0.296827182 0.706598059 0.370334188
 2.074000000 0.785203761 -0.296085506 0.703938022 0.371339394
 2.076000000 0.786608980 -0.295341826 0.701283246 0.372338307
 2.078000000 0.788008895 -0.294596154 0.698633696 0.373330971
 2.080000000 0.789403516 -0.293848504 0.695989339 0.374317432
 2.082000000 0.790792854 -0.293098886 0.693350140 0.375297733
 2.084000000 0.792176918 -0.292347314 0.690716066 0.376271918
 2.086000000 0.793555720 -0.291593800 0.688087084 0.377240030
 2.088000000 0.794929268 -0.290838356 0.685463161 0.378202113
 2.090000000 0.796297573 -0.290080993 0.682844264 0.379158209
 2.092000000 0.797660646 -0.289321724 0.680230360 0.380108359
 2.094000000 0.799018496 -0.288560561 0.677621417 0.381052606
 2.096000000 0.800371133 -0.287797515 0.675017403 0.381990990
 2.098000000 0.801718567 -0.287032599 0.672418286 0.382923552
 2.100000000 0.803060808 -0.286265823 0.669824035 0.383850332
 2.102000000 0.804397864 -0.285497199 0.667234617 0.384771370
 2.104000000 0.805729747 -0.284726739 0.664650002 0.385686705
 2.106000000 0.807056466 -0.283954453 0.662070159 0.386596376
 2.108000000 0.808378029 -0.283180355 0.659495057 0.387500422
 2.110000000 0.809694447 -0.282404453 0.656924665 0.388398881
 2.112000000 0.811005729 -0.281626760 0.654358953 0.389291791
 2.114000000 0.812311884 -0.280847287 0.651797891 0.390179189
 2.116000000 0.813612922 -0.280066045 0.649241448 0.391061111
 2.118000000 0.814908851 -0.279283044 0.646689596 0.391937596
 2.120000000 0.816199681 -0.278498296 0.644142305 0.392808677
 2.122000000 0.817485421 -0.277711811 0.641599545 0.393674393
 2.124000000 0.818766081 -0.276923600 0.639061287 0.394534777
 2.126000000 0.820041668 -0.276133673 0.636527502 0.395389866
 2.128000000 0.821312192 -0.275342042 0.633998161 0.396239693
 2.130000000 0.822577661 -0.274548716 0.631473237 0.397084293
 2.132000000 0.823838086 -0.273753706 0.628952699 0.397923701
 2.134000000 0.825093473 -0.272957022 0.626436522 0.398757950
 2.136000000 0.826343833 -0.272158675 0.623924675 0.399587073
 2.138000000 0.827589173 -0.271358675 0.621417133 0.400411103
 2.140000000 0.828829503 -0.270557032 0.618913866 0.401230073
 2.142000000 0.830064830 -0.269753756 0.616414848 0.402044015
 2.144000000 0.831295163 -0.268948857 0.613920051 0.402852961
 2.146000000 0.832520511 -0.268142346 0.611429448 0.403656944
 2.148000000 0.833740882 -0.267334231 0.608943012 0.404455993
 2.150000000 0.834956284 -0.266524523 0.606460717 0.405250141
 2.152000000 0.836166726 -0.265713231 0.603982537 0.406039419
 2.154000000 0.837372215 -0.264900366 0.601508444 0.406823855
 2.156000000 0.838572761 -0.264085937 0.599038412 0.407603481
 2.158000000 0.839768370 -0.263269954 0.596572416 0.408378327
 2.160000000 0.840959051 -0.262452425 0.594110429 0.409148422
 2.162000000 0.842144813 -0.261633361 0.591652427 0.409913794
 2.164000000 0.843325662 -0.260812771 0.589198383 0.410674474
 2.166000000 0.844501607 -0.259990664 0.586748271 0.411430490
 2.168000000 0.845672656 -0.259167050 0.584302068 0.412181870
 2.170000000 0.846838816 -0.258341938 0.581859748 0.412928643
 2.172000000 0.848000096 -0.257515337 0.579421285 0.413670835
 2.174000000 0.849156503 -0.256687256 0.576986655 0.414408475
 2.176000000 0.850308044 -0.255857704 0.574555834 0.415141590
 2.178000000 0.851454727 -0.255026691 0.572128797 0.415870207
 2.180000000 0.852596560 -0.254194224 0.569705520 0.416594353
 2.182000000 0.853733550 -0.253360314 0.567285979 0.417314053
 2.184000000 0.854865705 -0.252524969 0.564870150 0.418029336
 2.186000000 0.855993031 -0.251688198 0.562458008 0.418740225
 2.188000000 0.857115538 -0.250850009 0.560049531 0.419446748
 2.190000000 0.858233231 -0.250010412 0.557644695 0.420148929
 2.192000000 0.859346117 -0.249169415 0.555243476 0.420846793
 2.194000000 0.860454205 -0.248327026 0.552845851 0.421540367
 2.196000000 0.861557502 -0.247483254 0.550451797 0.422229674
 2.198000000 0.862656013 -0.246638108 0.548061292 0.422914739
 2.200000000 0.863749748 -0.245791597 0.545674311 0.423595586
 2.202000000 0.864838712 -0.244943727 0.543290834 0.424272239
 2.204000000 0.865922912 -0.244094509 0.540910836 0.424944722
 2.206000000 0.867002356 -0.243243949 0.538534296 0.425613059
 2.208000000 0.868077050 -0.242392057 0.536161191 0.426277272
 2.210000000 0.869147001 -0.241538841 0.533791499 0.426937386
 2.212000000 0.870212217 -0.240684309 0.531425199 0.427593422
 2.214000000 0.871272703 -0.239828469 0.529062268 0.428245404
 2.216000000 0.872328467 -0.238971328 0.526702684 0.428893354
 2.218000000 0.873379515 -0.238112896 0.524346427 0.429537294
 2.220000000 0.874425853 -0.237253180 0.521993474 0.430177247
 2.222000000 0.875467489 -0.236392188 0.519643804 0.430813233
 2.224000000 0.876504429 -0.235529928 0.517297395 0.431445276
 2.226000000 0.877536680 -0.234666408 0.514954228 0.432073395
 2.228000000 0.878564247 -0.233801636 0.512614280 0.432697613
 2.230000000 0.879587138 -0.232935619 0.510277530 0.433317950
 2.232000000 0.880605358 -0.232068365 0.507943959 0.433934427
 2.234000000 0.881618914 -0.231199882 0.505613545 0.434547064
 2.236000000 0.882627813 -0.230330177 0.503286268 0.435155883
 2.238000000 0.883632060 -0.229459259 0.500962108 0.435760903
 2.240000000 0.884631662 -0.228587135 0.498641043 0.436362145
 2.242000000 0.885626625 -0.227713812 0.496323055 0.436959628
 2.244000000 0.886616955 -0.226839297 0.494008122 0.437553371
 2.246000000 0.887602659 -0.225963599 0.491696225 0.438143395
 2.248000000 0.888583741 -0.225086725 0.489387344 0.438729719
 2.250000000 0.889560209 -0.224208681 0.487081460 0.439312361
 2.252000000 0.890532068 -0.223329476 0.484778552 0.439891341
 2.254000000 0.891499324 -0.222449117 0.482478602 0.440466677
 2.256000000 0.892461983 -0.221567610 0.480181589 0.441038388
 2.258000000 0.893420051 -0.220684964 0.477887495 0.441606493
 2.260000000 0.894373534 -0.219801185 0.475596299 0.442171009
 2.262000000 0.895322437 -0.218916281 0.473307984 0.442731954
 2.264000000 0.896266766 -0.218030258 0.471022531 0.443289348
 2.266000000 0.897206528 -0.217143124 0.468739919 0.443843206
 2.268000000 0.898141727 -0.216254886 0.466460131 0.444393547
 2.270000000 0.899072369 -0.215365551 0.464183148 0.444940389
 2.272000000 0.899998460 -0.214475126 0.461908950 0.445483748
 2.274000000 0.900920005 -0.213583617 0.459637521 0.446023641
 2.276000000 0.901837011 -0.212691032 0.457368841 0.446560086
 2.278000000 0.902749481 -0.211797377 0.455102892 0.447093098
 2.280000000 0.903657423 -0.210902660 0.452839655 0.447622696
 2.282000000 0.904560841 -0.210006888 0.450579113 0.448148895
 2.284000000 0.905459740 -0.209110066 0.448321248 0.448671711
 2.286000000 0.906354126 -0.208212202 0.446066042 0.449191161
 2.288000000 0.907244005 -0.207313302 0.443813477 0.449707260
 2.290000000 0.908129381 -0.206413373 0.441563534 0.450220025
 2.292000000 0.909010260 -0.205512423 0.439316198 0.450729471
 2.294000000 0.909886646 -0.204610456 0.437071449 0.451235614
 2.296000000 0.910758546 -0.203707481 0.434829271 0.451738469
 2.298000000 0.911625964 -0.202803503 0.432589646 0.452238051
 2.300000000 0.912488905 -0.201898530 0.430352557 0.452734376
 2.302000000 0.913347375 -0.200992567 0.428117986 0.453227458
 2.304000000 0.914201378 -0.200085621 0.425885917 0.453717312
 2.306000000 0.915050919 -0.199177698 0.423656333 0.454203954
 2.308000000 0.915896004 -0.198268806 0.421429216 0.454687397
 2.310000000 0.916736637 -0.197358949 0.419204550 0.455167656
 2.312000000 0.917572823 -0.196448136 0.416982317 0.455644746
 2.314000000 0.918404567 -0.195536371 0.414762502 0.456118679
 2.316000000 0.919231873 -0.194623662 0.412545087 0.456589472
 2.318000000 0.920054748 -0.193710014 0.410330057 0.457057137
 2.320000000 0.920873194 -0.192795434 0.408117394 0.457521688
 2.322000000 0.921687218 -0.191879928 0.405907082 0.457983139
 2.324000000 0.922496823 -0.190963502 0.403699105 0.458441503
 2.326000000 0.923302015 -0.190046163 0.401493447 0.458896795
 2.328000000 0.924102798 -0.189127916 0.399290091 0.459349026
 2.330000000 0.924899176 -0.188208767 0.397089022 0.459798210
 2.332000000 0.925691154 -0.187288724 0.394890223 0.460244361
 2.334000000 0.926478737 -0.186367791 0.392693679 0.460687491
 2.336000000 0.927261930 -0.185445975 0.390499374 0.461127613
 2.338000000 0.928040735 -0.184523281 0.388307291 0.461564739
 2.340000000 0.928815159 -0.183599716 0.386117416 0.461998883
 2.342000000 0.929585206 -0.182675286 0.383929732 0.462430057
 2.344000000 0.930350879 -0.181749997 0.381744224 0.462858272
 2.346000000 0.931112183 -0.180823854 0.379560877 0.463283542
 2.348000000 0.931869123 -0.179896863 0.377379675 0.463705877
 2.350000000 0.932621702 -0.178969031 0.375200603 0.464125291
 2.352000000 0.933369926 -0.178040363 0.373023645 0.464541796
 2.354000000 0.934113798 -0.177110865 0.370848787 0.464955402
 2.356000000 0.934853322 -0.176180542 0.368676013 0.465366121
 2.358000000 0.935588502 -0.175249401 0.366505308 0.465773966
 2.360000000 0.936319343 -0.174317447 0.364336657 0.466178947
 2.362000000 0.937045849 -0.173384686 0.362170045 0.466581076
 2.364000000 0.937768024 -0.172451123 0.360005457 0.466980364
 2.366000000 0.938485872 -0.171516765 0.357842879 0.467376823
 2.368000000 0.939199396 -0.170581617 0.355682296 0.467770462
 2.370000000 0.939908601 -0.169645684 0.353523692 0.468161294
 2.372000000 0.940613491 -0.168708972 0.351367054 0.468549328
 2.374000000 0.941314070 -0.167771487 0.349212367 0.468934577
 2.376000000 0.942010341 -0.166833235 0.347059616 0.469317049
 2.378000000 0.942702309 -0.165894220 0.344908787 0.469696756
 2.380000000 0.943389977 -0.164954448 0.342759866 0.470073709
 2.382000000 0.944073349 -0.164013926 0.340612838 0.470447916
 2.384000000 0.944752429 -0.163072657 0.338467688 0.470819390
 2.386000000 0.945427220 -0.162130649 0.336324404 0.471188139
 2.388000000 0.946097727 -0.161187906 0.334182970 0.471554174
 2.390000000 0.946763953 -0.160244433 0.332043372 0.471917505
 2.392000000 0.947425901 -0.159300236 0.329905597 0.472278141
 2.394000000 0.948083575 -0.158355321 0.327769631 0.472636093
 2.396000000 0.948736980 -0.157409692 0.325635459 0.472991369
 2.398000000 0.949386118 -0.156463356 0.323503068 0.473343981
 2.400000000 0.950030993 -0.155516317 0.321372444 0.473693936
 2.402000000 0.950671608 -0.154568581 0.319243573 0.474041244
 2.404000000 0.951307967 -0.153620153 0.317116442 0.474385915
 2.406000000 0.951940074 -0.152671038 0.314991036 0.474727958
 2.408000000 0.952567932 -0.151721242 0.312867343 0.475067381
 2.410000000 0.953191544 -0.150770769 0.310745348 0.475404195
 2.412000000 0.953810914 -0.149819626 0.308625039 0.475738407
 2.414000000 0.954426045 -0.148867816 0.306506401 0.476070027
 2.416000000 0.955036940 -0.147915346 0.304389422 0.476399064
 2.418000000 0.955643603 -0.146962221 0.302274088 0.476725525
 2.420000000 0.956246037 -0.146008445 0.300160386 0.477049421
 2.422000000 0.956844245 -0.145054024 0.298048302 0.477370758
 2.424000000 0.957438230 -0.144098962 0.295937824 0.477689546
 2.426000000 0.958027996 -0.143143266 0.293828938 0.478005793
 2.428000000 0.958613546 -0.142186940 0.291721631 0.478319507
 2.430000000 0.959194883 -0.141229989 0.289615890 0.478630697
 2.432000000 0.959772010 -0.140272418 0.287511702 0.478939370
 2.434000000 0.960344931 -0.139314232 0.285409055 0.479245534
 2.436000000 0.960913647 -0.138355436 0.283307934 0.479549198
 2.438000000 0.961478163 -0.137396036 0.281208328 0.479850369
 2.440000000 0.962038481 -0.136436035 0.279110224 0.480149055
 2.442000000 0.962594604 -0.135475440 0.277013609 0.480445264
 2.444000000 0.963146535 -0.134514255 0.274918469 0.480739003
 2.446000000 0.963694278 -0.133552485 0.272824793 0.481030280
 2.448000000 0.964237835 -0.132590134 0.270732568 0.481319102
 2.450000000 0.964777209 -0.131627209 0.268641781 0.481605477
 2.452000000 0.965312403 -0.130663713 0.266552420 0.481889412
 2.454000000 0.965843419 -0.129699652 0.264464472 0.482170914
 2.456000000 0.966370261 -0.128735030 0.262377924 0.482449990
 2.458000000 0.966892931 -0.127769852 0.260292765 0.482726648
 2.460000000 0.967411432 -0.126804124 0.258208982 0.483000895
 2.462000000 0.967925767 -0.125837849 0.256126562 0.483272737
 2.464000000 0.968435939 -0.124871034 0.254045493 0.483542182
 2.466000000 0.968941950 -0.123903681 0.251965763 0.483809235
 2.468000000 0.969443802 -0.122935797 0.249887360 0.484073904
 2.470000000 0.969941499 -0.121967386 0.247810271 0.484336196
 2.472000000 0.970435044 -0.120998453 0.245734485 0.484596117
 2.474000000 0.970924438 -0.120029002 0.243659989 0.484853674
 2.476000000 0.971409684 -0.119059039 0.241586771 0.485108872
 2.478000000 0.971890785 -0.118088568 0.239514820 0.485361719
 2.480000000 0.972367744 -0.117117593 0.237444122 0.485612221
 2.482000000 0.972840562 -0.116146119 0.235374667 0.485860384
 2.484000000 0.973309243 -0.115174152 0.233306442 0.486106214
 2.486000000 0.973773788 -0.114201695 0.231239435 0.486349717
 2.488000000 0.974234201 -0.113228753 0.229173635 0.486590899
 2.490000000 0.974690483 -0.112255332 0.227109029 0.486829767
 2.492000000 0.975142637 -0.111281435 0.225045607 0.487066326
 2.494000000 0.975590666 -0.110307067 0.222983355 0.487300582
 2.496000000 0.976034571 -0.109332233 0.220922263 0.487532541
 2.498000000 0.976474355 -0.108356938 0.218862319 0.487762208
 2.500000000 0.976910020 -0.107381185 0.216803510 0.487989589
 2.502000000 0.977341569 -0.106404980 0.214745826 0.488214690
 2.504000000 0.977769004 -0.105428327 0.212689255 0.488437516
 2.506000000 0.978192327 -0.104451230 0.210633785 0.488658073
 2.508000000 0.978611539 -0.103473695 0.208579405 0.488876366
 2.510000000 0.979026644 -0.102495725 0.206526103 0.489092400
 2.512000000 0.979437644 -0.101517326 0.204473868 0.489306181
 2.514000000 0.979844540 -0.100538501 0.202422688 0.489517714
 2.516000000 0.980247335 -0.099559256 0.200372553 0.489727003
 2.518000000 0.980646031 -0.098579594 0.198323449 0.489934055
 2.520000000 0.981040629 -0.097599520 0.196275367 0.490138874
 2.522000000 0.981431132 -0.096619039 0.194228295 0.490341465
 2.524000000 0.981817543 -0.095638155 0.192182221 0.490541833
 2.526000000 0.982199862 -0.094656872 0.190137135 0.490739982
 2.528000000 0.982578091 -0.093675195 0.188093025 0.490935919
 2.530000000 0.982952234 -0.092693129 0.186049880 0.491129646
 2.532000000 0.983322291 -0.091710677 0.184007688 0.491321169
 2.534000000 0.983688265 -0.090727845 0.181966439 0.491510493
 2.536000000 0.984050157 -0.089744636 0.179926121 0.491697622
 2.538000000 0.984407970 -0.088761055 0.177886724 0.491882561
 2.540000000 0.984761704 -0.087777106 0.175848235 0.492065313
 2.542000000 0.985111363 -0.086792794 0.173810645 0.492245884
 2.544000000 0.985456947 -0.085808123 0.171773943 0.492424277
 2.546000000 0.985798459 -0.084823098 0.169738116 0.492600497
 2.548000000 0.986135900 -0.083837722 0.167703154 0.492774549
 2.550000000 0.986469272 -0.082852000 0.165669047 0.492946435
 2.552000000 0.986798576 -0.081865937 0.163635783 0.493116161
 2.554000000 0.987123815 -0.080879536 0.161603351 0.493283731
 2.556000000 0.987444990 -0.079892802 0.159571741 0.493449147
 2.558000000 0.987762102 -0.078905740 0.157540941 0.493612415
 2.560000000 0.988075154 -0.077918353 0.155510941 0.493773538
 2.562000000 0.988384146 -0.076930646 0.153481730 0.493932520
 2.564000000 0.988689081 -0.075942624 0.151453298 0.494089364
 2.566000000 0.988989960 -0.074954289 0.149425632 0.494244075
 2.568000000 0.989286784 -0.073965648 0.147398723 0.494396655
 2.570000000 0.989579555 -0.072976703 0.145372561 0.494547109
 2.572000000 0.989868274 -0.071987460 0.143347133 0.494695441
 2.574000000 0.990152944 -0.070997922 0.141322430 0.494841653
 2.576000000 0.990433564 -0.070008094 0.139298441 0.494985749
 2.578000000 0.990710137 -0.069017980 0.137275154 0.495127732
 2.580000000 0.990982665 -0.068027583 0.135252561 0.495267606
 2.582000000 0.991251148 -0.067036910 0.133230649 0.495405374
 2.584000000 0.991515588 -0.066045962 0.131209409 0.495541039
 2.586000000 0.991775986 -0.065054746 0.129188829 0.495674604
 2.588000000 0.992032343 -0.064063265 0.127168900 0.495806073
 2.590000000 0.992284662 -0.063071522 0.125149610 0.495935448
 2.592000000 0.992532942 -0.062079523 0.123130949 0.496062733
 2.594000000 0.992777185 -0.061087272 0.121112907 0.496187930
 2.596000000 0.993017394 -0.060094772 0.119095474 0.496311043
 2.598000000 0.993253568 -0.059102028 0.117078637 0.496432074
 2.600000000 0.993485708 -0.058109044 0.115062388 0.496551026
 2.602000000 0.993713817 -0.057115825 0.113046716 0.496667902
 2.604000000 0.993937895 -0.056122373 0.111031610 0.496782704
 2.606000000 0.994157944 -0.055128694 0.109017060 0.496895435
 2.608000000 0.994373964 -0.054134792 0.107003056 0.497006098
 2.610000000 0.994585956 -0.053140670 0.104989586 0.497114695
 2.612000000 0.994793922 -0.052146334 0.102976642 0.497221229
 2.614000000 0.994997863 -0.051151786 0.100964211 0.497325703
 2.616000000 0.995197779 -0.050157031 0.098952285 0.497428118
 2.618000000 0.995393672 -0.049162074 0.096940853 0.497528476
 2.620000000 0.995585543 -0.048166918 0.094929904 0.497626781
 2.622000000 0.995773392 -0.047171567 0.092919428 0.497723035
 2.624000000 0.995957221 -0.046176026 0.090909415 0.497817239
 2.626000000 0.996137030 -0.045180299 0.088899855 0.497909397
 2.628000000 0.996312820 -0.044184389 0.086890737 0.497999509
 2.630000000 0.996484593 -0.043188301 0.084882051 0.498087578
 2.632000000 0.996652349 -0.042192040 0.082873787 0.498173606
 2.634000000 0.996816088 -0.041195608 0.080865935 0.498257596
 2.636000000 0.996975812 -0.040199010 0.078858483 0.498339548
 2.638000000 0.997131522 -0.039202250 0.076851424 0.498419465
 2.640000000 0.997283218 -0.038205332 0.074844745 0.498497348
 2.642000000 0.997430901 -0.037208261 0.072838437 0.498573200
 2.644000000 0.997574572 -0.036211040 0.070832489 0.498647022
 2.646000000 0.997714231 -0.035213673 0.068826892 0.498718815
 2.648000000 0.997849880 -0.034216165 0.066821636 0.498788582
 2.650000000 0.997981518 -0.033218520 0.064816709 0.498856324
 2.652000000 0.998109147 -0.032220740 0.062812103 0.498922043
 2.654000000 0.998232766 -0.031222832 0.060807806 0.498985739
 2.656000000 0.998352378 -0.030224798 0.058803810 0.499047415
 2.658000000 0.998467982 -0.029226643 0.056800103 0.499107071
 2.660000000 0.998579578 -0.028228370 0.054796675 0.499164710
 2.662000000 0.998687169 -0.027229984 0.052793517 0.499220332
 2.664000000 0.998790753 -0.026231489 0.050790619 0.499273938
 2.666000000 0.998890331 -0.025232889 0.048787970 0.499325530
 2.668000000 0.998985905 -0.024234188 0.046785559 0.499375110
 2.670000000 0.999077473 -0.023235389 0.044783379 0.499422677
 2.672000000 0.999165038 -0.022236498 0.042781417 0.499468233
 2.674000000 0.999248599 -0.021237517 0.040779664 0.499511780
 2.676000000 0.999328157 -0.020238451 0.038778110 0.499553318
 2.678000000 0.999403712 -0.019239304 0.036776746 0.499592847
 2.680000000 0.999475264 -0.018240080 0.034775560 0.499630370
 2.682000000 0.999542814 -0.017240783 0.032774543 0.499665886
 2.684000000 0.999606362 -0.016241417 0.030773685 0.499699397
 2.686000000 0.999665909 -0.015241986 0.028772975 0.499730903
 2.688000000 0.999721454 -0.014242494 0.026772405 0.499760405
 2.690000000 0.999772998 -0.013242945 0.024771963 0.499787904
 2.692000000 0.999820542 -0.012243343 0.022771640 0.499813399
 2.694000000 0.999864085 -0.011243692 0.020771425 0.499836892
 2.696000000 0.999903628 -0.010243996 0.018771310 0.499858384
 2.698000000 0.999939170 -0.009244259 0.016771283 0.499877874
 2.700000000 0.999970713 -0.008244485 0.014771335 0.499895363
 2.702000000 0.999998256 -0.007244678 0.012771455 0.499910851
 2.704000000 1.000021799 -0.006244842 0.010771634 0.499924339
 2.706000000 1.000041342 -0.005244981 0.008771862 0.499935828
 2.708000000 1.000056886 -0.004245099 0.006772129 0.499945316
 2.710000000 1.000068431 -0.003245200 0.004772424 0.499952805
 2.712000000 1.000075976 -0.002245288 0.002772738 0.499958294
 2.714000000 1.000079522 -0.001245367 0.000773061 0.499961784
