 t x y vx vy
 0.000100000 0.999999995 0.000050000 -0.000100000 0.499999997
 0.002800000 0.999996215 0.001399998 -0.002800004 0.499998107
 0.005500000 0.999985145 0.002749987 -0.005500032 0.499992572
 0.008200000 0.999966785 0.004099956 -0.008200110 0.499983392
 0.010900000 0.999941134 0.005449895 -0.010900260 0.499970566
 0.013600000 0.999908193 0.006799795 -0.013600509 0.499954094
 0.016300000 0.999867961 0.008149646 -0.016300881 0.499933974
 0.019000000 0.999820438 0.009499437 -0.019001400 0.499910207
 0.021700000 0.999765624 0.010849160 -0.021702091 0.499882791
 0.024400000 0.999703517 0.012198804 -0.024402979 0.499851726
 0.027100000 0.999634118 0.013548359 -0.027104088 0.499817009
 0.029800000 0.999557425 0.014897816 -0.029805443 0.499778639
 0.032500000 0.999473438 0.016247165 -0.032507069 0.499736615
 0.035200000 0.999382157 0.017596395 -0.035208990 0.499690935
 0.037900000 0.999283580 0.018945497 -0.037911231 0.499641597
 0.040600000 0.999177706 0.020294461 -0.040613817 0.499588599
 0.043300000 0.999064535 0.021643278 -0.043316772 0.499531939
 0.046000000 0.998944065 0.022991937 -0.046020121 0.499471615
 0.048700000 0.998816296 0.024340428 -0.048723889 0.499407623
 0.051400000 0.998681226 0.025688741 -0.051428102 0.499339961
 0.054100000 0.998538854 0.027036867 -0.054132782 0.499268626
 0.056800000 0.998389179 0.028384796 -0.056837956 0.499193616
 0.059500000 0.998232200 0.029732517 -0.059543649 0.499114927
 0.062200000 0.998067914 0.031080021 -0.062249884 0.499032556
 0.064900000 0.997896320 0.032427298 -0.064956687 0.498946499
 0.067600000 0.997717418 0.033774337 -0.067664084 0.498856753
 0.070300000 0.997531205 0.035121130 -0.070372098 0.498763314
 0.073000000 0.997337679 0.036467666 -0.073080755 0.498666177
 0.075700000 0.997136839 0.037813934 -0.075790081 0.498565340
 0.078400000 0.996928683 0.039159925 -0.078500099 0.498460797
 0.081100000 0.996713209 0.040505630 -0.081210835 0.498352545
 0.083800000 0.996490415 0.041851037 -0.083922315 0.498240578
 0.086500000 0.996260299 0.043196137 -0.086634563 0.498124892
 0.089200000 0.996022858 0.044540920 -0.089347604 0.498005482
 0.091900000 0.995778092 0.045885375 -0.092061464 0.497882343
 0.094600000 0.995525997 0.047229493 -0.094776169 0.497755470
 0.097300000 0.995266572 0.048573264 -0.097491743 0.497624857
 0.100000000 0.994999813 0.049916677 -0.100208211 0.497490499
 0.102700000 0.994725718 0.051259723 -0.102925600 0.497352389
 0.105400000 0.994444285 0.052602391 -0.105643935 0.497210523
 0.108100000 0.994155512 0.053944671 -0.108363240 0.497064894
 0.110800000 0.993859395 0.055286553 -0.111083542 0.496915496
 0.113500000 0.993555932 0.056628026 -0.113804867 0.496762323
 0.116200000 0.993245120 0.057969081 -0.116527239 0.496605367
 0.118900000 0.992926956 0.059309708 -0.119250686 0.496444623
 0.121600000 0.992601438 0.060649895 -0.121975231 0.496280083
 0.124300000 0.992268561 0.061989633 -0.124700902 0.496111741
 0.127000000 0.991928324 0.063328912 -0.127427723 0.495939588
 0.129700000 0.991580723 0.064667721 -0.130155722 0.495763618
 0.132400000 0.991225755 0.066006050 -0.132884924 0.495583824
 0.135100000 0.990863417 0.067343889 -0.135615354 0.495400197
 0.137800000 0.990493704 0.068681226 -0.138347040 0.495212729
 0.140500000 0.990116615 0.070018053 -0.141080007 0.495021412
 0.143200000 0.989732144 0.071354358 -0.143814281 0.494826239
 0.145900000 0.989340290 0.072690131 -0.146549889 0.494627201
 0.148600000 0.988941047 0.074025361 -0.149286858 0.494424288
 0.151300000 0.988534413 0.075360039 -0.152025212 0.494217493
 0.154000000 0.988120384 0.076694153 -0.154764980 0.494006806
 0.156700000 0.987698955 0.078027693 -0.157506188 0.493792219
 0.159400000 0.987270123 0.079360649 -0.160248861 0.493573721
 0.162100000 0.986833884 0.080693010 -0.162993028 0.493351303
 0.164800000 0.986390234 0.082024765 -0.165738714 0.493124956
 0.167500000 0.985939169 0.083355904 -0.168485947 0.492894670
 0.170200000 0.985480683 0.084686416 -0.171234753 0.492660434
 0.172900000 0.985014774 0.086016290 -0.173985160 0.492422239
 0.175600000 0.984541437 0.087345516 -0.176737194 0.492180073
 0.178300000 0.984060667 0.088674084 -0.179490883 0.491933927
 0.181000000 0.983572460 0.090001981 -0.182246255 0.491683789
 0.183700000 0.983076812 0.091329198 -0.185003335 0.491429648
 0.186400000 0.982573717 0.092655723 -0.187762153 0.491171494
 0.189100000 0.982063170 0.093981546 -0.190522735 0.490909315
 0.191800000 0.981545168 0.095306656 -0.193285109 0.490643098
 0.194500000 0.981019705 0.096631042 -0.196049303 0.490372833
 0.197200000 0.980486777 0.097954693 -0.198815344 0.490098507
 0.199900000 0.979946378 0.099277598 -0.201583261 0.489820108
 0.202600000 0.979398502 0.100599746 -0.204353081 0.489537624
 0.205300000 0.978843146 0.101921126 -0.207124833 0.489251042
 0.208000000 0.978280304 0.103241727 -0.209898544 0.488960349
 0.210700000 0.977709970 0.104561537 -0.212674243 0.488665533
 0.213400000 0.977132139 0.105880547 -0.215451959 0.488366579
 0.216100000 0.976546805 0.107198743 -0.218231719 0.488063475
 0.218800000 0.975953964 0.108516116 -0.221013553 0.487756207
 0.221500000 0.975353609 0.109832654 -0.223797489 0.487444761
 0.224200000 0.974745734 0.111148345 -0.226583556 0.487129123
 0.226900000 0.974130334 0.112463179 -0.229371783 0.486809278
 0.229600000 0.973507403 0.113777144 -0.232162199 0.486485213
 0.232300000 0.972876935 0.115090228 -0.234954834 0.486156911
 0.235000000 0.972238924 0.116402420 -0.237749715 0.485824360
 0.237700000 0.971593364 0.117713709 -0.240546874 0.485487542
 0.240400000 0.970940249 0.119024083 -0.243346338 0.485146443
 0.243100000 0.970279572 0.120333531 -0.246148139 0.484801047
 0.245800000 0.969611327 0.121642040 -0.248952305 0.484451339
 0.248500000 0.968935508 0.122949599 -0.251758867 0.484097302
 0.251200000 0.968252108 0.124256197 -0.254567854 0.483738919
 0.253900000 0.967561121 0.125561821 -0.257379298 0.483376175
 0.256600000 0.966862539 0.126866461 -0.260193227 0.483009052
 0.259300000 0.966156356 0.128170103 -0.263009672 0.482637534
 0.262000000 0.965442566 0.129472737 -0.265828665 0.482261603
 0.264700000 0.964721161 0.130774350 -0.268650235 0.481881241
 0.267400000 0.963992135 0.132074930 -0.271474413 0.481496431
 0.270100000 0.963255480 0.133374465 -0.274301231 0.481107155
 0.272800000 0.962511189 0.134672944 -0.277130720 0.480713395
 0.275500000 0.961759254 0.135970353 -0.279962909 0.480315131
 0.278200000 0.960999670 0.137266681 -0.282797832 0.479912345
 0.280900000 0.960232427 0.138561916 -0.285635520 0.479505019
 0.283600000 0.959457519 0.139856045 -0.288476004 0.479093132
 0.286300000 0.958674938 0.141149056 -0.291319316 0.478676665
 0.289000000 0.957884677 0.142440937 -0.294165488 0.478255599
 0.291700000 0.957086727 0.143731675 -0.297014552 0.477829913
 0.294400000 0.956281081 0.145021257 -0.299866540 0.477399587
 0.297100000 0.955467730 0.146309671 -0.302721486 0.476964600
 0.299800000 0.954646668 0.147596905 -0.305579421 0.476524931
 0.302500000 0.953817885 0.148882946 -0.308440379 0.476080559
 0.305200000 0.952981373 0.150167781 -0.311304392 0.475631463
 0.307900000 0.952137125 0.151451397 -0.314171493 0.475177621
 0.310600000 0.951285131 0.152733781 -0.317041716 0.474719010
 0.313300000 0.950425384 0.154014921 -0.319915095 0.474255608
 0.316000000 0.949557874 0.155294804 -0.322791662 0.473787394
 0.318700000 0.948682594 0.156573416 -0.325671452 0.473314343
 0.321400000 0.947799534 0.157850744 -0.328554498 0.472836432
 0.324100000 0.946908685 0.159126776 -0.331440836 0.472353638
 0.326800000 0.946010039 0.160401498 -0.334330498 0.471865938
 0.329500000 0.945103586 0.161674897 -0.337223521 0.471373306
 0.332200000 0.944189318 0.162946959 -0.340119938 0.470875718
 0.334900000 0.943267225 0.164217671 -0.343019784 0.470373151
 0.337600000 0.942337299 0.165487020 -0.345923095 0.469865577
 0.340300000 0.941399528 0.166754992 -0.348829906 0.469352973
 0.343000000 0.940453905 0.168021573 -0.351740253 0.468835311
 0.345700000 0.939500419 0.169286750 -0.354654171 0.468312567
 0.348400000 0.938539060 0.170550509 -0.357571696 0.467784713
 0.351100000 0.937569820 0.171812836 -0.360492864 0.467251724
 0.353800000 0.936592688 0.173073717 -0.363417712 0.466713571
 0.356500000 0.935607654 0.174333139 -0.366346276 0.466170227
 0.359200000 0.934614708 0.175591086 -0.369278593 0.465621664
 0.361900000 0.933613840 0.176847546 -0.372214701 0.465067855
 0.364600000 0.932605039 0.178102504 -0.375154635 0.464508771
 0.367300000 0.931588295 0.179355945 -0.378098435 0.463944382
 0.370000000 0.930563598 0.180607855 -0.381046137 0.463374660
 0.372700000 0.929530937 0.181858220 -0.383997779 0.462799574
 0.375400000 0.928490302 0.183107026 -0.386953400 0.462219096
 0.378100000 0.927441681 0.184354257 -0.389913037 0.461633193
 0.380800000 0.926385064 0.185599899 -0.392876730 0.461041837
 0.383500000 0.925320440 0.186843937 -0.395844518 0.460444995
 0.386200000 0.924247797 0.188086357 -0.398816439 0.459842636
 0.388900000 0.923167125 0.189327143 -0.401792532 0.459234728
 0.391600000 0.922078411 0.190566280 -0.404772839 0.458621238
 0.394300000 0.920981646 0.191803754 -0.407757397 0.458002134
 0.397000000 0.919876816 0.193039549 -0.410746248 0.457377383
 0.399700000 0.918763911 0.194273650 -0.413739432 0.456746950
 0.402400000 0.917642919 0.195506041 -0.416736989 0.456110803
 0.405100000 0.916513827 0.196736707 -0.419738961 0.455468906
 0.407800000 0.915376625 0.197965632 -0.422745388 0.454821224
 0.410500000 0.914231299 0.199192801 -0.425756312 0.454167723
 0.413200000 0.913077838 0.200418198 -0.428771774 0.453508366
 0.415900000 0.911916229 0.201641807 -0.431791818 0.452843117
 0.418600000 0.910746460 0.202863613 -0.434816485 0.452171939
 0.421300000 0.909568519 0.204083598 -0.437845817 0.451494796
 0.424000000 0.908382392 0.205301747 -0.440879858 0.450811649
 0.426700000 0.907188067 0.206518044 -0.443918650 0.450122461
 0.429400000 0.905985531 0.207732472 -0.446962238 0.449427193
 0.432100000 0.904774771 0.208945015 -0.450010664 0.448725805
 0.434800000 0.903555774 0.210155656 -0.453063974 0.448018259
 0.437500000 0.902328527 0.211364379 -0.456122211 0.447304514
 0.440200000 0.901093016 0.212571167 -0.459185420 0.446584529
 0.442900000 0.899849227 0.213776002 -0.462253646 0.445858264
 0.445600000 0.898597149 0.214978869 -0.465326935 0.445125677
 0.448300000 0.897336765 0.216179749 -0.468405332 0.444386725
 0.451000000 0.896068063 0.217378625 -0.471488883 0.443641367
 0.453700000 0.894791029 0.218575481 -0.474577634 0.442889558
 0.456400000 0.893505648 0.219770299 -0.477671633 0.442131255
 0.459100000 0.892211907 0.220963060 -0.480770926 0.441366414
 0.461800000 0.890909791 0.222153748 -0.483875560 0.440594989
 0.464500000 0.889599285 0.223342345 -0.486985584 0.439816935
 0.467200000 0.888280375 0.224528832 -0.490101045 0.439032207
 0.469900000 0.886953046 0.225713191 -0.493221991 0.438240757
 0.472600000 0.885617284 0.226895405 -0.496348473 0.437442539
 0.475300000 0.884273072 0.228075455 -0.499480538 0.436637504
 0.478000000 0.882920397 0.229253322 -0.502618236 0.435825603
 0.480700000 0.881559243 0.230428989 -0.505761618 0.435006789
 0.483400000 0.880189594 0.231602435 -0.508910733 0.434181011
 0.486100000 0.878811435 0.232773643 -0.512065632 0.433348218
 0.488800000 0.877424750 0.233942593 -0.515226366 0.432508360
 0.491500000 0.876029524 0.235109266 -0.518392987 0.431661385
 0.494200000 0.874625739 0.236273643 -0.521565547 0.430807241
 0.496900000 0.873213382 0.237435704 -0.524744097 0.429945874
 0.499600000 0.871792434 0.238595430 -0.527928691 0.429077232
 0.502300000 0.870362880 0.239752802 -0.531119382 0.428201259
 0.505000000 0.868924703 0.240907799 -0.534316223 0.427317900
 0.507700000 0.867477887 0.242060401 -0.537519269 0.426427100
 0.510400000 0.866022414 0.243210588 -0.540728573 0.425528802
 0.513100000 0.864558268 0.244358339 -0.543944190 0.424622949
 0.515800000 0.863085432 0.245503636 -0.547166176 0.423709482
 0.518500000 0.861603887 0.246646456 -0.550394587 0.422788343
 0.521200000 0.860113618 0.247786778 -0.553629478 0.421859472
 0.523900000 0.858614606 0.248924583 -0.556870907 0.420922809
 0.526600000 0.857106834 0.250059848 -0.560118930 0.419978293
 0.529300000 0.855590283 0.251192553 -0.563373606 0.419025861
 0.532000000 0.854064936 0.252322677 -0.566634991 0.418065451
 0.534700000 0.852530775 0.253450196 -0.569903146 0.417096999
 0.537400000 0.850987780 0.254575090 -0.573178128 0.416120441
 0.540100000 0.849435934 0.255697337 -0.576459997 0.415135711
 0.542800000 0.847875218 0.256816915 -0.579748814 0.414142744
 0.545500000 0.846305614 0.257933800 -0.583044639 0.413141471
 0.548200000 0.844727101 0.259047972 -0.586347533 0.412131825
 0.550900000 0.843139661 0.260159406 -0.589657558 0.411113737
 0.553600000 0.841543275 0.261268080 -0.592974775 0.410087137
 0.556300000 0.839937923 0.262373972 -0.596299249 0.409051955
 0.559000000 0.838323585 0.263477057 -0.599631041 0.408008118
 0.561700000 0.836700242 0.264577313 -0.602970215 0.406955554
 0.564400000 0.835067874 0.265674715 -0.606316837 0.405894188
 0.567100000 0.833426460 0.266769240 -0.609670970 0.404823948
 0.569800000 0.831775979 0.267860863 -0.613032681 0.403744755
 0.572500000 0.830116413 0.268949562 -0.616402036 0.402656534
 0.575200000 0.828447739 0.270035310 -0.619779100 0.401559208
 0.577900000 0.826769937 0.271118083 -0.623163942 0.400452696
 0.580600000 0.825082985 0.272197857 -0.626556629 0.399336919
 0.583300000 0.823386863 0.273274606 -0.629957230 0.398211795
 0.586000000 0.821681550 0.274348305 -0.633365813 0.397077244
 0.588700000 0.819967022 0.275418929 -0.636782450 0.395933180
 0.591400000 0.818243259 0.276486451 -0.640207209 0.394779519
 0.594100000 0.816510239 0.277550845 -0.643640162 0.393616177
 0.596800000 0.814767939 0.278612086 -0.647081380 0.392443065
 0.599500000 0.813016336 0.279670147 -0.650530937 0.391260096
 0.602200000 0.811255409 0.280725000 -0.653988904 0.390067180
 0.604900000 0.809485135 0.281776620 -0.657455356 0.388864227
 0.607600000 0.807705490 0.282824979 -0.660930367 0.387651144
 0.610300000 0.805916451 0.283870049 -0.664414012 0.386427838
 0.613000000 0.804117995 0.284911803 -0.667906366 0.385194215
 0.615700000 0.802310098 0.285950212 -0.671407507 0.383950179
 0.618400000 0.800492737 0.286985249 -0.674917512 0.382695631
 0.621100000 0.798665887 0.288016885 -0.678436458 0.381430475
 0.623800000 0.796829524 0.289045091 -0.681964424 0.380154608
 0.626500000 0.794983624 0.290069838 -0.685501490 0.378867931
 0.629200000 0.793128162 0.291091097 -0.689047735 0.377570339
 0.631900000 0.791263113 0.292108839 -0.692603241 0.376261728
 0.634600000 0.789388452 0.293123032 -0.696168090 0.374941992
 0.637300000 0.787504154 0.294133648 -0.699742364 0.373611023
 0.640000000 0.785610193 0.295140655 -0.703326147 0.372268713
 0.642700000 0.783706543 0.296144023 -0.706919523 0.370914949
 0.645400000 0.781793179 0.297143721 -0.710522576 0.369549620
 0.648100000 0.779870073 0.298139718 -0.714135393 0.368172611
 0.650800000 0.777937200 0.299131981 -0.717758060 0.366783806
 0.653500000 0.775994533 0.300120479 -0.721390665 0.365383089
 0.656200000 0.774042046 0.301105180 -0.725033297 0.363970339
 0.658900000 0.772079709 0.302086050 -0.728686045 0.362545435
 0.661600000 0.770107497 0.303063057 -0.732348999 0.361108254
 0.664300000 0.768125382 0.304036168 -0.736022250 0.359658672
 0.667000000 0.766133336 0.305005348 -0.739705890 0.358196562
 0.669700000 0.764131330 0.305970565 -0.743400013 0.356721795
 0.672400000 0.762119336 0.306931783 -0.747104712 0.355234239
 0.675100000 0.760097326 0.307888967 -0.750820082 0.353733764
 0.677800000 0.758065270 0.308842084 -0.754546219 0.352220234
 0.680500000 0.756023140 0.309791097 -0.758283221 0.350693511
 0.683200000 0.753970905 0.310735970 -0.762031184 0.349153458
 0.685900000 0.751908537 0.311676668 -0.765790209 0.347599933
 0.688600000 0.749836004 0.312613154 -0.769560394 0.346032794
 0.691300000 0.747753278 0.313545390 -0.773341841 0.344451893
 0.694000000 0.745660327 0.314473340 -0.777134652 0.342857085
 0.696700000 0.743557120 0.315396966 -0.780938930 0.341248217
 0.699400000 0.741443627 0.316316229 -0.784754779 0.339625139
 0.702100000 0.739319816 0.317231092 -0.788582305 0.337987695
 0.704800000 0.737185656 0.318141514 -0.792421614 0.336335728
 0.707500000 0.735041113 0.319047457 -0.796272813 0.334669078
 0.710200000 0.732886157 0.319948881 -0.800136012 0.332987582
 0.712900000 0.730720755 0.320845746 -0.804011320 0.331291075
 0.715600000 0.728544873 0.321738010 -0.807898848 0.329579390
 0.718300000 0.726358479 0.322625632 -0.811798708 0.327852356
 0.721000000 0.724161540 0.323508572 -0.815711014 0.326109800
 0.723700000 0.721954020 0.324386786 -0.819635881 0.324351545
 0.726400000 0.719735888 0.325260233 -0.823573425 0.322577413
 0.729100000 0.717507107 0.326128868 -0.827523762 0.320787222
 0.731800000 0.715267643 0.326992649 -0.831487012 0.318980787
 0.734500000 0.713017462 0.327851531 -0.835463294 0.317157919
 0.737200000 0.710756528 0.328705470 -0.839452729 0.315318428
 0.739900000 0.708484805 0.329554420 -0.843455440 0.313462119
 0.742600000 0.706202257 0.330398336 -0.847471550 0.311588795
 0.745300000 0.703908849 0.331237172 -0.851501185 0.309698255
 0.748000000 0.701604542 0.332070881 -0.855544471 0.307790293
 0.750700000 0.699289301 0.332899416 -0.859601537 0.305864703
 0.753400000 0.696963088 0.333722728 -0.863672511 0.303921273
 0.756100000 0.694625865 0.334540770 -0.867757525 0.301959788
 0.758800000 0.692277594 0.335353491 -0.871856711 0.299980029
 0.761500000 0.689918236 0.336160844 -0.875970202 0.297981773
 0.764200000 0.687547754 0.336962777 -0.880098135 0.295964795
 0.766900000 0.685166107 0.337759239 -0.884240646 0.293928864
 0.769600000 0.682773256 0.338550180 -0.888397874 0.291873745
 0.772300000 0.680369161 0.339335547 -0.892569958 0.289799201
 0.775000000 0.677953783 0.340115286 -0.896757040 0.287704987
 0.777700000 0.675527079 0.340889346 -0.900959264 0.285590858
 0.780400000 0.673089010 0.341657671 -0.905176774 0.283456562
 0.783100000 0.670639533 0.342420207 -0.909409717 0.281301842
 0.785800000 0.668178607 0.343176899 -0.913658241 0.279126439
 0.788500000 0.665706190 0.343927690 -0.917922497 0.276930087
 0.791200000 0.663222239 0.344672523 -0.922202635 0.274712516
 0.793900000 0.660726710 0.345411341 -0.926498810 0.272473452
 0.796600000 0.658219561 0.346144085 -0.930811176 0.270212613
 0.799300000 0.655700747 0.346870696 -0.935139892 0.267929715
 0.802000000 0.653170225 0.347591115 -0.939485115 0.265624468
 0.804700000 0.650627948 0.348305280 -0.943847006 0.263296576
 0.807400000 0.648073873 0.349013130 -0.948225728 0.260945738
 0.810100000 0.645507953 0.349714602 -0.952621446 0.258571646
 0.812800000 0.642930142 0.350409634 -0.957034327 0.256173988
 0.815500000 0.640340394 0.351098161 -0.961464537 0.253752445
 0.818200000 0.637738661 0.351780119 -0.965912249 0.251306693
 0.820900000 0.635124897 0.352455441 -0.970377635 0.248836400
 0.823600000 0.632499054 0.353124061 -0.974860868 0.246341231
 0.826300000 0.629861082 0.353785912 -0.979362126 0.243820840
 0.829000000 0.627210933 0.354440924 -0.983881588 0.241274878
 0.831700000 0.624548557 0.355089029 -0.988419433 0.238702987
 0.834400000 0.621873906 0.355730155 -0.992975846 0.236104804
 0.837100000 0.619186928 0.356364232 -0.997551010 0.233479958
 0.839800000 0.616487572 0.356991186 -1.002145114 0.230828069
 0.842500000 0.613775787 0.357610945 -1.006758348 0.228148751
 0.845200000 0.611051522 0.358223434 -1.011390902 0.225441612
 0.847900000 0.608314723 0.358828577 -1.016042971 0.222706250
 0.850600000 0.605565338 0.359426297 -1.020714752 0.219942254
 0.853300000 0.602803313 0.360016516 -1.025406443 0.217149207
 0.856000000 0.600028595 0.360599157 -1.030118245 0.214326682
 0.858700000 0.597241129 0.361174137 -1.034850363 0.211474245
 0.861400000 0.594440859 0.361741377 -1.039603001 0.208591451
 0.864100000 0.591627730 0.362300793 -1.044376369 0.205677847
 0.866800000 0.588801686 0.362852302 -1.049170678 0.202732971
 0.869500000 0.585962670 0.363395819 -1.053986140 0.199756351
 0.872200000 0.583110624 0.363931257 -1.058822972 0.196747504
 0.874900000 0.580245491 0.364458528 -1.063681393 0.193705938
 0.877600000 0.577367212 0.364977545 -1.068561624 0.190631151
 0.880300000 0.574475728 0.365488215 -1.073463888 0.187522630
 0.883000000 0.571570978 0.365990449 -1.078388412 0.184379849
 0.885700000 0.568652904 0.366484151 -1.083335426 0.181202274
 0.888400000 0.565721442 0.366969228 -1.088305160 0.177989358
 0.891100000 0.562776533 0.367445584 -1.093297851 0.174740541
 0.893800000 0.559818114 0.367913121 -1.098313734 0.171455253
 0.896500000 0.556846121 0.368371740 -1.103353051 0.168132910
 0.899200000 0.553860491 0.368821339 -1.108416044 0.164772916
 0.901900000 0.550861160 0.369261817 -1.113502960 0.161374659
 0.904600000 0.547848063 0.369693069 -1.118614046 0.157937519
 0.907300000 0.544821135 0.370114990 -1.123749555 0.154460856
 0.910000000 0.541780308 0.370527471 -1.128909740 0.150944019
 0.912700000 0.538725517 0.370930404 -1.134094860 0.147386342
 0.915400000 0.535656693 0.371323678 -1.139305175 0.143787143
 0.918100000 0.532573768 0.371707179 -1.144540947 0.140145725
 0.920800000 0.529476673 0.372080792 -1.149802444 0.136461374
 0.923500000 0.526365339 0.372444402 -1.155089934 0.132733361
 0.926200000 0.523239694 0.372797888 -1.160403689 0.128960938
 0.928900000 0.520099668 0.373141130 -1.165743986 0.125143341
 0.931600000 0.516945188 0.373474004 -1.171111101 0.121279788
 0.934300000 0.513776182 0.373796387 -1.176505317 0.117369477
 0.937000000 0.510592575 0.374108150 -1.181926918 0.113411589
 0.939700000 0.507394295 0.374409164 -1.187376191 0.109405283
 0.942400000 0.504181265 0.374699297 -1.192853425 0.105349699
 0.945100000 0.500953410 0.374978415 -1.198358916 0.101243956
 0.947800000 0.497710653 0.375246382 -1.203892959 0.097087152
 0.950500000 0.494452917 0.375503057 -1.209455853 0.092878362
 0.953200000 0.491180123 0.375748301 -1.215047900 0.088616638
 0.955900000 0.487892192 0.375981968 -1.220669406 0.084301008
 0.958600000 0.484589045 0.376203911 -1.226320680 0.079930478
 0.961300000 0.481270600 0.376413982 -1.232002031 0.075504027
 0.964000000 0.477936776 0.376612027 -1.237713775 0.071020608
 0.966700000 0.474587491 0.376797892 -1.243456227 0.066479147
 0.969400000 0.471222661 0.376971418 -1.249229707 0.061878546
 0.972100000 0.467842201 0.377132445 -1.255034537 0.057217673
 0.974800000 0.464446028 0.377280808 -1.260871043 0.052495370
 0.977500000 0.461034054 0.377416339 -1.266739550 0.047710450
 0.980200000 0.457606193 0.377538868 -1.272640390 0.042861691
 0.982900000 0.454162358 0.377648222 -1.278573894 0.037947842
 0.985600000 0.450702460 0.377744221 -1.284540397 0.032967616
 0.988300000 0.447226408 0.377826687 -1.290540236 0.027919694
 0.991000000 0.443734114 0.377895434 -1.296573748 0.022802719
 0.993700000 0.440225485 0.377950274 -1.302641275 0.017615299
 0.996400000 0.436700428 0.377991014 -1.308743160 0.012356003
 0.999100000 0.433158852 0.378017460 -1.314879745 0.007023360
 1.001800000 0.429600662 0.378029410 -1.321051376 0.001615860
 1.004500000 0.426025762 0.378026661 -1.327258401 -0.003868051
 1.007200000 0.422434057 0.378009004 -1.333501165 -0.009429969
 1.009900000 0.418825449 0.377976228 -1.339780019 -0.015071536
 1.012600000 0.415199841 0.377928113 -1.346095309 -0.020794441
 1.015300000 0.411557135 0.377864439 -1.352447387 -0.026600422
 1.018000000 0.407897229 0.377784979 -1.358836600 -0.032491265
 1.020700000 0.404220024 0.377689502 -1.365263296 -0.038468809
 1.023400000 0.400525418 0.377577770 -1.371727825 -0.044534949
 1.026100000 0.396813308 0.377449543 -1.378230532 -0.050691631
 1.028800000 0.393083590 0.377304572 -1.384771762 -0.056940864
 1.031500000 0.389336161 0.377142606 -1.391351859 -0.063284713
 1.034200000 0.385570915 0.376963387 -1.397971163 -0.069725308
 1.036900000 0.381787745 0.376766650 -1.404630010 -0.076264841
 1.039600000 0.377986545 0.376552125 -1.411328736 -0.082905574
 1.042300000 0.374167206 0.376319535 -1.418067670 -0.089649834
 1.045000000 0.370329619 0.376068600 -1.424847135 -0.096500025
 1.047700000 0.366473674 0.375799028 -1.431667452 -0.103458624
 1.050400000 0.362599262 0.375510525 -1.438528932 -0.110528183
 1.053100000 0.358706269 0.375202786 -1.445431880 -0.117711340
 1.055800000 0.354794584 0.374875503 -1.452376594 -0.125010813
 1.058500000 0.350864094 0.374528357 -1.459363361 -0.132429409
 1.061200000 0.346914685 0.374161022 -1.466392459 -0.139970025
 1.063900000 0.342946242 0.373773166 -1.473464152 -0.147635653
 1.066600000 0.338958649 0.373364447 -1.480578696 -0.155429383
 1.069300000 0.334951791 0.372934515 -1.487736327 -0.163354407
 1.072000000 0.330925552 0.372483011 -1.494937271 -0.171414024
 1.074700000 0.326879813 0.372009568 -1.502181733 -0.179611642
 1.077400000 0.322814458 0.371513808 -1.509469901 -0.187950788
 1.080100000 0.318729367 0.370995344 -1.516801942 -0.196435104
 1.082800000 0.314624423 0.370453780 -1.524178001 -0.205068362
 1.085500000 0.310499506 0.369888708 -1.531598196 -0.213854461
 1.088200000 0.306354497 0.369299711 -1.539062620 -0.222797438
 1.090900000 0.302189277 0.368686359 -1.546571335 -0.231901470
 1.093600000 0.298003725 0.368048213 -1.554124373 -0.241170884
 1.096300000 0.293797723 0.367384819 -1.561721727 -0.250610160
 1.099000000 0.289571150 0.366695714 -1.569363355 -0.260223940
 1.101700000 0.285323887 0.365980419 -1.577049172 -0.270017033
 1.104400000 0.281055816 0.365238444 -1.584779045 -0.279994424
 1.107100000 0.276766816 0.364469285 -1.592552795 -0.290161282
 1.109800000 0.272456771 0.363672424 -1.600370187 -0.300522967
 1.112500000 0.268125562 0.362847327 -1.608230928 -0.311085039
 1.115200000 0.263773073 0.361993446 -1.616134660 -0.321853270
 1.117900000 0.259399189 0.361110216 -1.624080958 -0.332833647
 1.120600000 0.255003795 0.360197056 -1.632069320 -0.344032389
 1.123300000 0.250586778 0.359253370 -1.640099163 -0.355455954
 1.126000000 0.246148028 0.358278540 -1.648169813 -0.367111049
 1.128700000 0.241687434 0.357271933 -1.656280503 -0.379004647
 1.131400000 0.237204891 0.356232895 -1.664430360 -0.391143993
 1.134100000 0.232700293 0.355160754 -1.672618395 -0.403536620
 1.136800000 0.228173539 0.354054814 -1.680843499 -0.416190365
 1.139500000 0.223624530 0.352914362 -1.689104426 -0.429113380
 1.142200000 0.219053172 0.351738658 -1.697399787 -0.442314147
 1.144900000 0.214459373 0.350526942 -1.705728032 -0.455801497
 1.147600000 0.209843046 0.349278427 -1.714087442 -0.469584624
 1.150300000 0.205204111 0.347992303 -1.722476109 -0.483673106
 1.153000000 0.200542491 0.346667733 -1.730891923 -0.498076920
 1.155700000 0.195858116 0.345303851 -1.739332553 -0.512806463
 1.158400000 0.191150921 0.343899765 -1.747795429 -0.527872575
 1.161100000 0.186420850 0.342454550 -1.756277720 -0.543286558
 1.163800000 0.181667855 0.340967253 -1.764776312 -0.559060201
 1.166500000 0.176891897 0.339436886 -1.773287779 -0.575205801
 1.169200000 0.172092945 0.337862429 -1.781808365 -0.591736192
 1.171900000 0.167270979 0.336242825 -1.790333943 -0.608664772
 1.174600000 0.162425993 0.334576981 -1.798859990 -0.626005526
 1.177300000 0.157557992 0.332863766 -1.807381549 -0.643773061
 1.180000000 0.152666994 0.331102008 -1.815893189 -0.661982635
 1.182700000 0.147753033 0.329290491 -1.824388965 -0.680650185
 1.185400000 0.142816162 0.327427960 -1.832862367 -0.699792369
 1.188100000 0.137856449 0.325513108 -1.841306273 -0.719426594
 1.190800000 0.132873984 0.323544585 -1.849712889 -0.739571057
 1.193500000 0.127868879 0.321520989 -1.858073691 -0.760244778
 1.196200000 0.122841269 0.319440864 -1.866379352 -0.781467648
 1.198900000 0.117791317 0.317302701 -1.874619673 -0.803260461
 1.201600000 0.112719212 0.315104933 -1.882783496 -0.825644960
 1.204300000 0.107625177 0.312845934 -1.890858619 -0.848643881
 1.207000000 0.102509470 0.310524014 -1.898831692 -0.872280996
 1.209700000 0.097372383 0.308137417 -1.906688110 -0.896581158
 1.212400000 0.092214252 0.305684319 -1.914411896 -0.921570343
 1.215100000 0.087035459 0.303162826 -1.921985562 -0.947275700
 1.217800000 0.081836432 0.300570968 -1.929389970 -0.973725592
 1.220500000 0.076617655 0.297906695 -1.936604168 -1.000949637
 1.223200000 0.071379672 0.295167877 -1.943605216 -1.028978751
 1.225900000 0.066123089 0.292352300 -1.950367987 -1.057845187
 1.228600000 0.060848587 0.289457659 -1.956864959 -1.087582563
 1.231300000 0.055556920 0.286481558 -1.963065971 -1.118225891
 1.234000000 0.050248930 0.283421502 -1.968937972 -1.149811595
 1.236700000 0.044925553 0.280274900 -1.974444726 -1.182377522
 1.239400000 0.039587824 0.277039053 -1.979546504 -1.215962933
 1.242100000 0.034236893 0.273711157 -1.984199734 -1.250608485
 1.244800000 0.028874033 0.270288294 -1.988356621 -1.286356189
 1.247500000 0.023500650 0.266767434 -1.991964733 -1.323249344
 1.250200000 0.018118300 0.263145425 -1.994966544 -1.361332439
 1.252900000 0.012728700 0.259418996 -1.997298931 -1.400651022
 1.255600000 0.007333747 0.255584751 -1.998892638 -1.441251514
 1.258300000 0.001935532 0.251639167 -1.999671680 -1.483180980
 1.261000000 -0.003463639 0.247578596 -1.999552709 -1.526486825
 1.263700000 -0.008861223 0.243399258 -1.998444321 -1.571216414
 1.266400000 -0.014254422 0.239097249 -1.996246323 -1.617416599
 1.269100000 -0.019640153 0.234668539 -1.992848945 -1.665133128
 1.271800000 -0.025015024 0.230108975 -1.988132017 -1.714409932
 1.274500000 -0.030375304 0.225414290 -1.981964108 -1.765288245
 1.277200000 -0.035716891 0.220580112 -1.974201635 -1.817805546
 1.279900000 -0.041035280 0.215601970 -1.964687979 -1.871994295
 1.282600000 -0.046325524 0.210475317 -1.953252604 -1.927880413
 1.285300000 -0.051582196 0.205195545 -1.939710233 -1.985481496
 1.288000000 -0.056799351 0.199758012 -1.923860111 -2.044804704
 1.290700000 -0.061970479 0.194158072 -1.905485414 -2.105844304
 1.293400000 -0.067088464 0.188391114 -1.884352873 -2.168578819
 1.296100000 -0.072145539 0.182452612 -1.860212703 -2.232967775
 1.298800000 -0.077133242 0.176338173 -1.832798938 -2.298947989
 1.301500000 -0.082042372 0.170043613 -1.801830314 -2.366429440
 1.304200000 -0.086862949 0.163565027 -1.767011841 -2.435290696
 1.306900000 -0.091584182 0.156898888 -1.728037243 -2.505373983
 1.309600000 -0.096194445 0.150042145 -1.684592466 -2.576479968
 1.312300000 -0.100681254 0.142992345 -1.636360451 -2.648362428
 1.315000000 -0.105031275 0.135747768 -1.583027376 -2.720723017
 1.317700000 -0.109230338 0.128307570 -1.524290559 -2.793206437
 1.320400000 -0.113263481 0.120671949 -1.459868141 -2.865396440
 1.323100000 -0.117115018 0.112842305 -1.389510599 -2.936813132
 1.325800000 -0.120768650 0.104821419 -1.313014023 -3.006912189
 1.328500000 -0.124207597 0.096613624 -1.230234868 -3.075086622
 1.331200000 -0.127414792 0.088224969 -1.141105727 -3.140671774
 1.333900000 -0.130373098 0.079663363 -1.045651365 -3.202954132
 1.336600000 -0.133065583 0.070938691 -0.944003995 -3.261184430
 1.339300000 -0.135475827 0.062062890 -0.836416555 -3.314595221
 1.342000000 -0.137588261 0.053049968 -0.723272530 -3.362422710
 1.344700000 -0.139388524 0.043915966 -0.605090872 -3.403932179
 1.347400000 -0.140863836 0.034678839 -0.482524678 -3.438445788
 1.350100000 -0.142003344 0.025358268 -0.356352686 -3.465371030
 1.352800000 -0.142798444 0.015975395 -0.227463194 -3.484227758
 1.355500000 -0.143243050 0.006552485 -0.096830761 -3.494671517
 1.358200000 -0.143333787 -0.002887463 0.034513145 -3.496511039
 1.360900000 -0.143070105 -0.012321143 0.165513683 -3.489718219
 1.363600000 -0.142454294 -0.021725389 0.295127908 -3.474429533
 1.366300000 -0.141491405 -0.031077610 0.422359147 -3.450938783
 1.369000000 -0.140189090 -0.040356198 0.546287929 -3.419681894
 1.371700000 -0.138557351 -0.049540883 0.666097381 -3.381215281
 1.374400000 -0.136608245 -0.058613026 0.781091715 -3.336189803
 1.377100000 -0.134355535 -0.067555840 0.890707156 -3.285322563
 1.379800000 -0.131814331 -0.076354527 0.994515510 -3.229368733
 1.382500000 -0.129000727 -0.084996352 1.092221142 -3.169095237
 1.385200000 -0.125931448 -0.093470638 1.183652601 -3.105257687
 1.387900000 -0.122623536 -0.101768714 1.268750334 -3.038581416
 1.390600000 -0.119094064 -0.109883811 1.347551941 -2.969746947
 1.393300000 -0.115359892 -0.117810929 1.420176302 -2.899379827
 1.396000000 -0.111437474 -0.125546678 1.486807666 -2.828044458
 1.398700000 -0.107342693 -0.133089107 1.547680541 -2.756241337
 1.401400000 -0.103090754 -0.140437536 1.603065930 -2.684407066
 1.404100000 -0.098696093 -0.147592383 1.653259259 -2.612916467
 1.406800000 -0.094172327 -0.154554998 1.698570123 -2.542086195
 1.409500000 -0.089532230 -0.161327518 1.739313828 -2.472179310
 1.412200000 -0.084787724 -0.167912726 1.775804646 -2.403410391
 1.414900000 -0.079949889 -0.174313926 1.808350586 -2.335950837
 1.417600000 -0.075028987 -0.180534835 1.837249502 -2.269934114
 1.420300000 -0.070034491 -0.186579486 1.862786328 -2.205460770
 1.423000000 -0.064975124 -0.192452145 1.885231237 -2.142603110
 1.425700000 -0.059858900 -0.198157244 1.904838551 -2.081409461
 1.428400000 -0.054693168 -0.203699316 1.921846231 -2.021907999
 1.431100000 -0.049484654 -0.209082947 1.936475825 -1.964110146
 1.433800000 -0.044239509 -0.214312738 1.948932748 -1.908013530
 1.436500000 -0.038963349 -0.219393266 1.959406800 -1.853604569
 1.439200000 -0.033661297 -0.224329060 1.968072859 -1.800860677
 1.441900000 -0.028338023 -0.229124579 1.975091672 -1.749752155
 1.444600000 -0.022997779 -0.233784193 1.980610711 -1.700243782
 1.447300000 -0.017644437 -0.238312174 1.984765063 -1.652296167
 1.450000000 -0.012281519 -0.242712679 1.987678303 -1.605866860
 1.452700000 -0.006912225 -0.246989751 1.989463369 -1.560911294
 1.455400000 -0.001539467 -0.251147310 1.990223389 -1.517383546
 1.458100000 0.003834113 -0.255189150 1.990052479 -1.475236965
 1.460800000 0.009206115 -0.259118939 1.989036493 -1.434424685
 1.463500000 0.014574360 -0.262940220 1.987253717 -1.394900037
 1.466200000 0.019936872 -0.266656408 1.984775530 -1.356616868
 1.468900000 0.025291860 -0.270270797 1.981667000 -1.319529806
 1.471600000 0.030637699 -0.273786557 1.977987445 -1.283594450
 1.474300000 0.035972920 -0.277206743 1.973790938 -1.248767528
 1.477000000 0.041296192 -0.280534292 1.969126782 -1.215007001
 1.479700000 0.046606312 -0.283772029 1.964039930 -1.182272141
 1.482400000 0.051902192 -0.286922674 1.958571382 -1.150523583
 1.485100000 0.057182851 -0.289988838 1.952758538 -1.119723352
 1.487800000 0.062447406 -0.292973035 1.946635520 -1.089834872
 1.490500000 0.067695058 -0.295877681 1.940233470 -1.060822969
 1.493200000 0.072925093 -0.298705097 1.933580813 -1.032653848
 1.495900000 0.078136869 -0.301457518 1.926703506 -1.005295077
 1.498600000 0.083329809 -0.304137090 1.919625252 -0.978715554
 1.501300000 0.088503401 -0.306745877 1.912367706 -0.952885472
 1.504000000 0.093657185 -0.309285867 1.904950653 -0.927776281
 1.506700000 0.098790756 -0.311758970 1.897392177 -0.903360648
 1.509400000 0.103903752 -0.314167024 1.889708807 -0.879612410
 1.512100000 0.108995858 -0.316511798 1.881915655 -0.856506537
 1.514800000 0.114066795 -0.318794996 1.874026538 -0.834019081
 1.517500000 0.119116320 -0.321018257 1.866054096 -0.812127137
 1.520200000 0.124144223 -0.323183160 1.858009886 -0.790808794
 1.522900000 0.129150325 -0.325291226 1.849904480 -0.770043098
 1.525600000 0.134134474 -0.327343922 1.841747547 -0.749810007
 1.528300000 0.139096541 -0.329342660 1.833547935 -0.730090350
 1.531000000 0.144036423 -0.331288803 1.825313731 -0.710865787
 1.533700000 0.148954036 -0.333183664 1.817052336 -0.692118775
 1.536400000 0.153849315 -0.335028511 1.808770515 -0.673832526
 1.539100000 0.158722213 -0.336824566 1.800474452 -0.655990974
 1.541800000 0.163572699 -0.338573011 1.792169801 -0.638578742
 1.544500000 0.168400757 -0.340274986 1.783861727 -0.621581109
 1.547200000 0.173206384 -0.341931590 1.775554947 -0.604983978
 1.549900000 0.177989589 -0.343543888 1.767253767 -0.588773848
 1.552600000 0.182750393 -0.345112908 1.758962115 -0.572937784
 1.555300000 0.187488825 -0.346639643 1.750683573 -0.557463393
 1.558000000 0.192204926 -0.348125055 1.742421405 -0.542338794
 1.560700000 0.196898743 -0.349570073 1.734178580 -0.527552598
 1.563400000 0.201570333 -0.350975596 1.725957800 -0.513093883
 1.566100000 0.206219759 -0.352342495 1.717761518 -0.498952173
 1.568800000 0.210847088 -0.353671613 1.709591959 -0.485117414
 1.571500000 0.215452396 -0.354963766 1.701451138 -0.471579957
 1.574200000 0.220035764 -0.356219744 1.693340879 -0.458330539
 1.576900000 0.224597276 -0.357440313 1.685262825 -0.445360265
 1.579600000 0.229137020 -0.358626216 1.677218457 -0.432660588
 1.582300000 0.233655090 -0.359778173 1.669209107 -0.420223298
 1.585000000 0.238151581 -0.360896882 1.661235964 -0.408040503
 1.587700000 0.242626593 -0.361983020 1.653300094 -0.396104615
 1.590400000 0.247080227 -0.363037245 1.645402440 -0.384408335
 1.593100000 0.251512589 -0.364060193 1.637543841 -0.372944644
 1.595800000 0.255923784 -0.365052484 1.629725033 -0.361706787
 1.598500000 0.260313920 -0.366014720 1.621946661 -0.350688261
 1.601200000 0.264683109 -0.366947484 1.614209285 -0.339882806
 1.603900000 0.269031460 -0.367851344 1.606513386 -0.329284392
 1.606600000 0.273359086 -0.368726851 1.598859374 -0.318887209
 1.609300000 0.277666102 -0.369574541 1.591247592 -0.308685662
 1.612000000 0.281952620 -0.370394935 1.583678323 -0.298674353
 1.614700000 0.286218758 -0.371188541 1.576151791 -0.288848080
 1.617400000 0.290464629 -0.371955851 1.568668172 -0.279201827
 1.620100000 0.294690351 -0.372697344 1.561227591 -0.269730752
 1.622800000 0.298896039 -0.373413489 1.553830131 -0.260430185
 1.625500000 0.303081810 -0.374104739 1.546475835 -0.251295618
 1.628200000 0.307247781 -0.374771536 1.539164708 -0.242322696
 1.630900000 0.311394067 -0.375414312 1.531896722 -0.233507218
 1.633600000 0.315520786 -0.376033487 1.524671816 -0.224845121
 1.636300000 0.319628054 -0.376629469 1.517489904 -0.216332483
 1.639000000 0.323715986 -0.377202658 1.510350870 -0.207965510
 1.641700000 0.327784699 -0.377753441 1.503254577 -0.199740537
 1.644400000 0.331834307 -0.378282197 1.496200864 -0.191654018
 1.647100000 0.335864925 -0.378789296 1.489189551 -0.183702524
 1.649800000 0.339876668 -0.379275098 1.482220440 -0.175882738
 1.652500000 0.343869648 -0.379739954 1.475293318 -0.168191450
 1.655200000 0.347843980 -0.380184207 1.468407953 -0.160625553
 1.657900000 0.351799775 -0.380608192 1.461564102 -0.153182037
 1.660600000 0.355737145 -0.381012236 1.454761511 -0.145857990
 1.663300000 0.359656202 -0.381396657 1.447999911 -0.138650590
 1.666000000 0.363557056 -0.381761767 1.441279027 -0.131557103
 1.668700000 0.367439815 -0.382107870 1.434598572 -0.124574880
 1.671400000 0.371304590 -0.382435262 1.427958254 -0.117701351
 1.674100000 0.375151488 -0.382744235 1.421357770 -0.110934029
 1.676800000 0.378980616 -0.383035071 1.414796814 -0.104270499
 1.679500000 0.382792080 -0.383308048 1.408275073 -0.097708419
 1.682200000 0.386585987 -0.383563437 1.401792230 -0.091245517
 1.684900000 0.390362439 -0.383801502 1.395347962 -0.084879590
 1.687600000 0.394121542 -0.384022504 1.388941946 -0.078608498
 1.690300000 0.397863399 -0.384226694 1.382573851 -0.072430164
 1.693000000 0.401588110 -0.384414322 1.376243348 -0.066342572
 1.695700000 0.405295778 -0.384585629 1.369950103 -0.060343764
 1.698400000 0.408986501 -0.384740852 1.363693783 -0.054431837
 1.701100000 0.412660381 -0.384880224 1.357474051 -0.048604945
 1.703800000 0.416317514 -0.385003972 1.351290571 -0.042861291
 1.706500000 0.419957999 -0.385112319 1.345143007 -0.037199130
 1.709200000 0.423581931 -0.385205481 1.339031021 -0.031616765
 1.711900000 0.427189407 -0.385283674 1.332954276 -0.026112549
 1.714600000 0.430780522 -0.385347105 1.326912436 -0.020684876
 1.717300000 0.434355368 -0.385395979 1.320905165 -0.015332186
 1.720000000 0.437914039 -0.385430496 1.314932129 -0.010052962
 1.722700000 0.441456628 -0.385450854 1.308992993 -0.004845727
 1.725400000 0.444983224 -0.385457244 1.303087426 0.000290956
 1.728100000 0.448493919 -0.385449855 1.297215096 0.005358485
 1.730800000 0.451988801 -0.385428873 1.291375674 0.010358222
 1.733500000 0.455467959 -0.385394477 1.285568832 0.015291494
 1.736200000 0.458931481 -0.385346847 1.279794246 0.020159590
 1.738900000 0.462379453 -0.385286157 1.274051591 0.024963769
 1.741600000 0.465811960 -0.385212577 1.268340546 0.029705255
 1.744300000 0.469229089 -0.385126275 1.262660793 0.034385243
 1.747000000 0.472630923 -0.385027416 1.257012013 0.039004894
 1.749700000 0.476017545 -0.384916161 1.251393894 0.043565344
 1.752400000 0.479389038 -0.384792668 1.245806124 0.048067696
 1.755100000 0.482745482 -0.384657094 1.240248392 0.052513029
 1.757800000 0.486086960 -0.384509590 1.234720393 0.056902392
 1.760500000 0.489413550 -0.384350307 1.229221823 0.061236811
 1.763200000 0.492725333 -0.384179391 1.223752380 0.065517284
 1.765900000 0.496022385 -0.383996986 1.218311766 0.069744787
 1.768600000 0.499304784 -0.383803236 1.212899686 0.073920270
 1.771300000 0.502572608 -0.383598278 1.207515846 0.078044663
 1.774000000 0.505825932 -0.383382250 1.202159957 0.082118870
 1.776700000 0.509064831 -0.383155285 1.196831731 0.086143775
 1.779400000 0.512289380 -0.382917517 1.191530885 0.090120244
 1.782100000 0.515499651 -0.382669074 1.186257137 0.094049117
 1.784800000 0.518695718 -0.382410084 1.181010209 0.097931218
 1.787500000 0.521877653 -0.382140673 1.175789824 0.101767352
 1.790200000 0.525045528 -0.381860963 1.170595711 0.105558303
 1.792900000 0.528199412 -0.381571075 1.165427600 0.109304838
 1.795600000 0.531339375 -0.381271128 1.160285224 0.113007707
 1.798300000 0.534465488 -0.380961240 1.155168318 0.116667642
 1.801000000 0.537577818 -0.380641525 1.150076622 0.120285360
 1.803700000 0.540676432 -0.380312096 1.145009879 0.123861559
 1.806400000 0.543761399 -0.379973065 1.139967831 0.127396924
 1.809100000 0.546832783 -0.379624541 1.134950227 0.130892123
 1.811800000 0.549890652 -0.379266631 1.129956818 0.134347810
 1.814500000 0.552935070 -0.378899441 1.124987356 0.137764625
 1.817200000 0.555966101 -0.378523076 1.120041597 0.141143193
 1.819900000 0.558983809 -0.378137638 1.115119300 0.144484126
 1.822600000 0.561988257 -0.377743227 1.110220227 0.147788021
 1.825300000 0.564979508 -0.377339944 1.105344142 0.151055466
 1.828000000 0.567957623 -0.376927885 1.100490811 0.154287031
 1.830700000 0.570922663 -0.376507147 1.095660005 0.157483279
 1.833400000 0.573874689 -0.376077825 1.090851495 0.160644758
 1.836100000 0.576813760 -0.375640011 1.086065057 0.163772005
 1.838800000 0.579739937 -0.375193797 1.081300468 0.166865547
 1.841500000 0.582653278 -0.374739274 1.076557508 0.169925897
 1.844200000 0.585553840 -0.374276531 1.071835960 0.172953559
 1.846900000 0.588441682 -0.373805655 1.067135610 0.175949029
 1.849600000 0.591316860 -0.373326733 1.062456244 0.178912789
 1.852300000 0.594179431 -0.372839849 1.057797654 0.181845312
 1.855000000 0.597029451 -0.372345088 1.053159632 0.184747063
 1.857700000 0.599866975 -0.371842531 1.048541973 0.187618497
 1.860400000 0.602692057 -0.371332260 1.043944475 0.190460058
 1.863100000 0.605504751 -0.370814356 1.039366937 0.193272183
 1.865800000 0.608305113 -0.370288896 1.034809162 0.196055299
 1.868500000 0.611093193 -0.369755960 1.030270955 0.198809826
 1.871200000 0.613869046 -0.369215623 1.025752122 0.201536175
 1.873900000 0.616632723 -0.368667961 1.021252473 0.204234748
 1.876600000 0.619384276 -0.368113048 1.016771820 0.206905940
 1.879300000 0.622123755 -0.367550959 1.012309975 0.209550139
 1.882000000 0.624851211 -0.366981765 1.007866755 0.212167724
 1.884700000 0.627566695 -0.366405537 1.003441977 0.214759066
 1.887400000 0.630270256 -0.365822347 0.999035462 0.217324533
 1.890100000 0.632961943 -0.365232263 0.994647033 0.219864481
 1.892800000 0.635641804 -0.364635354 0.990276513 0.222379261
 1.895500000 0.638309888 -0.364031687 0.985923729 0.224869219
 1.898200000 0.640966243 -0.363421330 0.981588509 0.227334693
 1.900900000 0.643610914 -0.362804347 0.977270684 0.229776015
 1.903600000 0.646243951 -0.362180804 0.972970086 0.232193509
 1.906300000 0.648865397 -0.361550764 0.968686549 0.234587496
 1.909000000 0.651475301 -0.360914291 0.964419911 0.236958289
 1.911700000 0.654073706 -0.360271446 0.960170008 0.239306196
 1.914400000 0.656660658 -0.359622291 0.955936682 0.241631520
 1.917100000 0.659236201 -0.358966887 0.951719774 0.243934556
 1.919800000 0.661800380 -0.358305294 0.947519127 0.246215596
 1.922500000 0.664353238 -0.357637569 0.943334588 0.248474926
 1.925200000 0.666894819 -0.356963773 0.939166004 0.250712827
 1.927900000 0.669425165 -0.356283962 0.935013224 0.252929574
 1.930600000 0.671944319 -0.355598193 0.930876098 0.255125439
 1.933300000 0.674452323 -0.354906522 0.926754480 0.257300688
 1.936000000 0.676949218 -0.354209004 0.922648223 0.259455581
 1.938700000 0.679435047 -0.353505694 0.918557184 0.261590376
 1.941400000 0.681909849 -0.352796646 0.914481220 0.263705324
 1.944100000 0.684373666 -0.352081914 0.910420189 0.265800673
 1.946800000 0.686826537 -0.351361549 0.906373954 0.267876668
 1.949500000 0.689268502 -0.350635603 0.902342376 0.269933546
 1.952200000 0.691699601 -0.349904129 0.898325319 0.271971544
 1.954900000 0.694119873 -0.349167177 0.894322649 0.273990891
 1.957600000 0.696529356 -0.348424796 0.890334232 0.275991816
 1.960300000 0.698928089 -0.347677036 0.886359938 0.277974542
 1.963000000 0.701316109 -0.346923947 0.882399635 0.279939287
 1.965700000 0.703693454 -0.346165576 0.878453195 0.281886268
 1.968400000 0.706060162 -0.345401971 0.874520492 0.283815697
 1.971100000 0.708416270 -0.344633179 0.870601399 0.285727782
 1.973800000 0.710761813 -0.343859247 0.866695791 0.287622728
 1.976500000 0.713096829 -0.343080220 0.862803547 0.289500737
 1.979200000 0.715421353 -0.342296145 0.858924544 0.291362007
 1.981900000 0.717735421 -0.341507065 0.855058661 0.293206733
 1.984600000 0.720039067 -0.340713027 0.851205781 0.295035108
 1.987300000 0.722332328 -0.339914072 0.847365784 0.296847318
 1.990000000 0.724615238 -0.339110246 0.843538556 0.298643551
 1.992700000 0.726887830 -0.338301590 0.839723979 0.300423989
 1.995400000 0.729150139 -0.337488148 0.835921942 0.302188811
 1.998100000 0.731402199 -0.336669960 0.832132331 0.303938194
 2.000800000 0.733644043 -0.335847069 0.828355034 0.305672312
 2.003500000 0.735875704 -0.335019516 0.824589941 0.307391336
 2.006200000 0.738097216 -0.334187341 0.820836944 0.309095434
 2.008900000 0.740308609 -0.333350584 0.817095934 0.310784772
 2.011600000 0.742509918 -0.332509284 0.813366805 0.312459513
 2.014300000 0.744701173 -0.331663482 0.809649450 0.314119818
 2.017000000 0.746882407 -0.330813216 0.805943766 0.315765844
 2.019700000 0.749053650 -0.329958523 0.802249649 0.317397748
 2.022400000 0.751214934 -0.329099443 0.798566997 0.319015681
 2.025100000 0.753366290 -0.328236012 0.794895708 0.320619795
 2.027800000 0.755507747 -0.327368268 0.791235682 0.322210239
 2.030500000 0.757639338 -0.326496247 0.787586821 0.323787157
 2.033200000 0.759761091 -0.325619986 0.783949026 0.325350695
 2.035900000 0.761873036 -0.324739521 0.780322200 0.326900993
 2.038600000 0.763975202 -0.323854887 0.776706247 0.328438191
 2.041300000 0.766067620 -0.322966120 0.773101071 0.329962427
 2.044000000 0.768150318 -0.322073253 0.769506580 0.331473835
 2.046700000 0.770223324 -0.321176323 0.765922679 0.332972550
 2.049400000 0.772286668 -0.320275362 0.762349277 0.334458701
 2.052100000 0.774340376 -0.319370405 0.758786282 0.335932419
 2.054800000 0.776384479 -0.318461485 0.755233603 0.337393831
 2.057500000 0.778419002 -0.317548635 0.751691153 0.338843062
 2.060200000 0.780443974 -0.316631888 0.748158841 0.340280235
 2.062900000 0.782459421 -0.315711276 0.744636581 0.341705473
 2.065600000 0.784465372 -0.314786831 0.741124285 0.343118896
 2.068300000 0.786461852 -0.313858585 0.737621868 0.344520620
 2.071000000 0.788448889 -0.312926569 0.734129245 0.345910764
 2.073700000 0.790426508 -0.311990815 0.730646332 0.347289442
 2.076400000 0.792394735 -0.311051354 0.727173045 0.348656766
 2.079100000 0.794353597 -0.310108215 0.723709301 0.350012849
 2.081800000 0.796303120 -0.309161430 0.720255020 0.351357799
 2.084500000 0.798243328 -0.308211027 0.716810120 0.352691727
 2.087200000 0.800174247 -0.307257037 0.713374521 0.354014737
 2.089900000 0.802095902 -0.306299489 0.709948143 0.355326935
 2.092600000 0.804008317 -0.305338412 0.706530909 0.356628425
 2.095300000 0.805911518 -0.304373835 0.703122741 0.357919309
 2.098000000 0.807805529 -0.303405786 0.699723560 0.359199688
 2.100700000 0.809690373 -0.302434293 0.696333292 0.360469660
 2.103400000 0.811566075 -0.301459385 0.692951860 0.361729325
 2.106100000 0.813432658 -0.300481089 0.689579189 0.362978778
 2.108800000 0.815290147 -0.299499433 0.686215206 0.364218115
 2.111500000 0.817138564 -0.298514444 0.682859837 0.365447430
 2.114200000 0.818977933 -0.297526149 0.679513009 0.366666815
 2.116900000 0.820808276 -0.296534574 0.676174650 0.367876361
 2.119600000 0.822629617 -0.295539745 0.672844689 0.369076158
 2.122300000 0.824441978 -0.294541690 0.669523055 0.370266295
 2.125000000 0.826245381 -0.293540435 0.666209677 0.371446861
 2.127700000 0.828039848 -0.292536004 0.662904487 0.372617940
 2.130400000 0.829825402 -0.291528423 0.659607416 0.373779618
 2.133100000 0.831602065 -0.290517718 0.656318396 0.374931979
 2.135800000 0.833369858 -0.289503913 0.653037358 0.376075106
 2.138500000 0.835128802 -0.288487034 0.649764237 0.377209081
 2.141200000 0.836878918 -0.287467105 0.646498965 0.378333985
 2.143900000 0.838620229 -0.286444151 0.643241478 0.379449896
 2.146600000 0.840352755 -0.285418195 0.639991709 0.380556893
 2.149300000 0.842076516 -0.284389262 0.636749595 0.381655054
 2.152000000 0.843791533 -0.283357375 0.633515072 0.382744455
 2.154700000 0.845497827 -0.282322558 0.630288075 0.383825172
 2.157400000 0.847195418 -0.281284834 0.627068543 0.384897278
 2.160100000 0.848884325 -0.280244227 0.623856413 0.385960847
 2.162800000 0.850564570 -0.279200759 0.620651624 0.387015952
 2.165500000 0.852236171 -0.278154454 0.617454113 0.388062664
 2.168200000 0.853899148 -0.277105333 0.614263821 0.389101053
 2.170900000 0.855553521 -0.276053419 0.611080688 0.390131189
 2.173600000 0.857199308 -0.274998734 0.607904654 0.391153140
 2.176300000 0.858836529 -0.273941301 0.604735660 0.392166975
 2.179000000 0.860465203 -0.272881141 0.601573647 0.393172760
 2.181700000 0.862085349 -0.271818276 0.598418557 0.394170561
 2.184400000 0.863696985 -0.270752726 0.595270333 0.395160444
 2.187100000 0.865300130 -0.269684515 0.592128918 0.396142472
 2.189800000 0.866894801 -0.268613662 0.588994255 0.397116709
 2.192500000 0.868481018 -0.267540189 0.585866288 0.398083217
 2.195200000 0.870058797 -0.266464116 0.582744961 0.399042060
 2.197900000 0.871628158 -0.265385464 0.579630220 0.399993297
 2.200600000 0.873189118 -0.264304253 0.576522009 0.400936988
 2.203300000 0.874741693 -0.263220505 0.573420274 0.401873194
 2.206000000 0.876285903 -0.262134238 0.570324963 0.402801973
 2.208700000 0.877821763 -0.261045473 0.567236020 0.403723383
 2.211400000 0.879349292 -0.259954230 0.564153394 0.404637481
 2.214100000 0.880868505 -0.258860529 0.561077032 0.405544324
 2.216800000 0.882379420 -0.257764388 0.558006881 0.406443967
 2.219500000 0.883882054 -0.256665827 0.554942891 0.407336466
 2.222200000 0.885376424 -0.255564866 0.551885009 0.408221875
 2.224900000 0.886862544 -0.254461524 0.548833186 0.409100247
 2.227600000 0.888340433 -0.253355819 0.545787371 0.409971637
 2.230300000 0.889810106 -0.252247770 0.542747514 0.410836095
 2.233000000 0.891271579 -0.251137396 0.539713565 0.411693675
 2.235700000 0.892724868 -0.250024715 0.536685475 0.412544426
 2.238400000 0.894169988 -0.248909747 0.533663196 0.413388399
 2.241100000 0.895606956 -0.247792508 0.530646678 0.414225645
 2.243800000 0.897035787 -0.246673018 0.527635875 0.415056212
 2.246500000 0.898456496 -0.245551293 0.524630737 0.415880149
 2.249200000 0.899869098 -0.244427353 0.521631219 0.416697504
 2.251900000 0.901273609 -0.243301214 0.518637272 0.417508324
 2.254600000 0.902670043 -0.242172895 0.515648851 0.418312656
 2.257300000 0.904058416 -0.241042412 0.512665910 0.419110547
 2.260000000 0.905438742 -0.239909783 0.509688401 0.419902041
 2.262700000 0.906811036 -0.238775025 0.506716281 0.420687185
 2.265400000 0.908175312 -0.237638156 0.503749503 0.421466022
 2.268100000 0.909531584 -0.236499192 0.500788024 0.422238597
 2.270800000 0.910879868 -0.235358150 0.497831797 0.423004952
 2.273500000 0.912220176 -0.234215047 0.494880780 0.423765132
 2.276200000 0.913552523 -0.233069900 0.491934929 0.424519178
 2.278900000 0.914876924 -0.231922724 0.488994199 0.425267132
 2.281600000 0.916193391 -0.230773537 0.486058548 0.426009036
 2.284300000 0.917501938 -0.229622355 0.483127934 0.426744930
 2.287000000 0.918802579 -0.228469193 0.480202312 0.427474855
 2.289700000 0.920095327 -0.227314068 0.477281641 0.428198851
 2.292400000 0.921380196 -0.226156997 0.474365880 0.428916957
 2.295100000 0.922657198 -0.224997994 0.471454986 0.429629213
 2.297800000 0.923926348 -0.223837075 0.468548919 0.430335655
 2.300500000 0.925187657 -0.222674257 0.465647636 0.431036323
 2.303200000 0.926441139 -0.221509554 0.462751098 0.431731255
 2.305900000 0.927686807 -0.220342982 0.459859264 0.432420486
 2.308600000 0.928924672 -0.219174557 0.456972093 0.433104054
 2.311300000 0.930154749 -0.218004293 0.454089546 0.433781995
 2.314000000 0.931377048 -0.216832207 0.451211584 0.434454345
 2.316700000 0.932591583 -0.215658312 0.448338166 0.435121139
 2.319400000 0.933798365 -0.214482624 0.445469254 0.435782412
 2.322100000 0.934997408 -0.213305158 0.442604809 0.436438198
 2.324800000 0.936188722 -0.212125928 0.439744792 0.437088532
 2.327500000 0.937372319 -0.210944949 0.436889165 0.437733447
 2.330200000 0.938548212 -0.209762236 0.434037891 0.438372976
 2.332900000 0.939716413 -0.208577804 0.431190930 0.439007153
 2.335600000 0.940876932 -0.207391666 0.428348246 0.439636010
 2.338300000 0.942029781 -0.206203837 0.425509802 0.440259578
 2.341000000 0.943174972 -0.205014331 0.422675560 0.440877890
 2.343700000 0.944312516 -0.203823162 0.419845484 0.441490977
 2.346400000 0.945442424 -0.202630345 0.417019537 0.442098870
 2.349100000 0.946564708 -0.201435894 0.414197682 0.442701599
 2.351800000 0.947679377 -0.200239821 0.411379884 0.443299194
 2.354500000 0.948786444 -0.199042142 0.408566107 0.443891687
 2.357200000 0.949885919 -0.197842870 0.405756315 0.444479105
 2.359900000 0.950977813 -0.196642018 0.402950473 0.445061478
 2.362600000 0.952062136 -0.195439600 0.400148545 0.445638836
 2.365300000 0.953138898 -0.194235630 0.397350498 0.446211205
 2.368000000 0.954208111 -0.193030121 0.394556295 0.446778615
 2.370700000 0.955269785 -0.191823087 0.391765902 0.447341094
 2.373400000 0.956323929 -0.190614540 0.388979286 0.447898668
 2.376100000 0.957370555 -0.189404494 0.386196411 0.448451365
 2.378800000 0.958409672 -0.188192962 0.383417245 0.448999211
 2.381500000 0.959441289 -0.186979957 0.380641753 0.449542234
 2.384200000 0.960465418 -0.185765492 0.377869903 0.450080458
 2.386900000 0.961482067 -0.184549580 0.375101659 0.450613911
 2.389600000 0.962491246 -0.183332234 0.372336991 0.451142618
 2.392300000 0.963492966 -0.182113467 0.369575864 0.451666603
 2.395000000 0.964487235 -0.180893291 0.366818246 0.452185892
 2.397700000 0.965474063 -0.179671719 0.364064105 0.452700510
 2.400400000 0.966453460 -0.178448764 0.361313408 0.453210480
 2.403100000 0.967425434 -0.177224437 0.358566123 0.453715827
 2.405800000 0.968389994 -0.175998753 0.355822219 0.454216574
 2.408500000 0.969347151 -0.174771722 0.353081662 0.454712746
 2.411200000 0.970296912 -0.173543357 0.350344423 0.455204364
 2.413900000 0.971239287 -0.172313671 0.347610469 0.455691453
 2.416600000 0.972174285 -0.171082676 0.344879769 0.456174034
 2.419300000 0.973101914 -0.169850384 0.342152293 0.456652130
 2.422000000 0.974022183 -0.168616806 0.339428008 0.457125764
 2.424700000 0.974935100 -0.167381956 0.336706886 0.457594956
 2.427400000 0.975840675 -0.166145844 0.333988894 0.458059728
 2.430100000 0.976738915 -0.164908483 0.331274003 0.458520103
 2.432800000 0.977629828 -0.163669885 0.328562182 0.458976100
 2.435500000 0.978513424 -0.162430062 0.325853402 0.459427740
 2.438200000 0.979389710 -0.161189024 0.323147633 0.459875045
 2.440900000 0.980258695 -0.159946785 0.320444844 0.460318033
 2.443600000 0.981120385 -0.158703355 0.317745006 0.460756726
 2.446300000 0.981974790 -0.157458746 0.315048090 0.461191143
 2.449000000 0.982821917 -0.156212970 0.312354067 0.461621304
 2.451700000 0.983661774 -0.154966038 0.309662906 0.462047227
 2.454400000 0.984494368 -0.153717961 0.306974581 0.462468932
 2.457100000 0.985319708 -0.152468751 0.304289060 0.462886438
 2.459800000 0.986137800 -0.151218420 0.301606317 0.463299763
 2.462500000 0.986948653 -0.149966977 0.298926322 0.463708926
 2.465200000 0.987752273 -0.148714436 0.296249047 0.464113944
 2.467900000 0.988548667 -0.147460806 0.293574463 0.464514835
 2.470600000 0.989337844 -0.146206099 0.290902543 0.464911618
 2.473300000 0.990119811 -0.144950326 0.288233259 0.465304310
 2.476000000 0.990894573 -0.143693499 0.285566582 0.465692927
 2.478700000 0.991662139 -0.142435627 0.282902485 0.466077487
 2.481400000 0.992422515 -0.141176722 0.280240940 0.466458006
 2.484100000 0.993175708 -0.139916795 0.277581921 0.466834502
 2.486800000 0.993921726 -0.138655857 0.274925398 0.467206989
 2.489500000 0.994660573 -0.137393918 0.272271346 0.467575486
 2.492200000 0.995392258 -0.136130990 0.269619737 0.467940007
 2.494900000 0.996116787 -0.134867082 0.266970545 0.468300568
 2.497600000 0.996834166 -0.133602206 0.264323742 0.468657185
 2.500300000 0.997544402 -0.132336372 0.261679301 0.469009873
 2.503000000 0.998247501 -0.131069591 0.259037196 0.469358647
 2.505700000 0.998943469 -0.129801874 0.256397401 0.469703521
 2.508400000 0.999632313 -0.128533230 0.253759889 0.470044512
 2.511100000 1.000314038 -0.127263671 0.251124634 0.470381633
 2.513800000 1.000988651 -0.125993206 0.248491609 0.470714898
 2.516500000 1.001656158 -0.124721847 0.245860789 0.471044322
 2.519200000 1.002316564 -0.123449603 0.243232148 0.471369918
 2.521900000 1.002969876 -0.122176485 0.240605660 0.471691701
 2.524600000 1.003616099 -0.120902503 0.237981298 0.472009684
 2.527300000 1.004255240 -0.119627668 0.235359038 0.472323880
 2.530000000 1.004887302 -0.118351989 0.232738854 0.472634302
 2.532700000 1.005512293 -0.117075477 0.230120721 0.472940963
 2.535400000 1.006130218 -0.115798142 0.227504613 0.473243877
 2.538100000 1.006741081 -0.114519993 0.224890504 0.473543056
 2.540800000 1.007344889 -0.113241042 0.222278371 0.473838511
 2.543500000 1.007941647 -0.111961298 0.219668187 0.474130257
 2.546200000 1.008531360 -0.110680771 0.217059928 0.474418304
 2.548900000 1.009114033 -0.109399471 0.214453569 0.474702664
 2.551600000 1.009689672 -0.108117408 0.211849085 0.474983350
 2.554300000 1.010258281 -0.106834592 0.209246452 0.475260373
 2.557000000 1.010819864 -0.105551033 0.206645645 0.475533744
 2.559700000 1.011374429 -0.104266740 0.204046639 0.475803474
 2.562400000 1.011921978 -0.102981724 0.201449410 0.476069575
 2.565100000 1.012462517 -0.101695994 0.198853934 0.476332058
 2.567800000 1.012996050 -0.100409561 0.196260186 0.476590933
 2.570500000 1.013522582 -0.099122432 0.193668143 0.476846210
 2.573200000 1.014042119 -0.097834620 0.191077780 0.477097901
 2.575900000 1.014554663 -0.096546132 0.188489073 0.477346015
 2.578600000 1.015060220 -0.095256979 0.185901998 0.477590563
 2.581300000 1.015558794 -0.093967170 0.183316532 0.477831554
 2.584000000 1.016050389 -0.092676716 0.180732651 0.478068998
 2.586700000 1.016535010 -0.091385624 0.178150330 0.478302906
 2.589400000 1.017012660 -0.090093906 0.175569547 0.478533285
 2.592100000 1.017483345 -0.088801571 0.172990278 0.478760146
 2.594800000 1.017947067 -0.087508627 0.170412499 0.478983497
 2.597500000 1.018403831 -0.086215085 0.167836187 0.479203349
 2.600200000 1.018853641 -0.084920954 0.165261319 0.479419708
 2.602900000 1.019296501 -0.083626243 0.162687871 0.479632585
 2.605600000 1.019732414 -0.082330962 0.160115820 0.479841988
 2.608300000 1.020161385 -0.081035121 0.157545143 0.480047924
 2.611000000 1.020583416 -0.079738727 0.154975817 0.480250403
 2.613700000 1.020998512 -0.078441792 0.152407818 0.480449432
 2.616400000 1.021406676 -0.077144323 0.149841125 0.480645019
 2.619100000 1.021807912 -0.075846331 0.147275714 0.480837173
 2.621800000 1.022202223 -0.074547824 0.144711561 0.481025900
 2.624500000 1.022589612 -0.073248813 0.142148646 0.481211208
 2.627200000 1.022970083 -0.071949305 0.139586944 0.481393105
 2.629900000 1.023343639 -0.070649311 0.137026433 0.481571597
 2.632600000 1.023710283 -0.069348839 0.134467090 0.481746693
 2.635300000 1.024070018 -0.068047899 0.131908893 0.481918397
 2.638000000 1.024422848 -0.066746500 0.129351820 0.482086719
 2.640700000 1.024768774 -0.065444651 0.126795847 0.482251663
 2.643400000 1.025107802 -0.064142361 0.124240953 0.482413237
 2.646100000 1.025439932 -0.062839638 0.121687115 0.482571447
 2.648800000 1.025765168 -0.061536493 0.119134311 0.482726299
 2.651500000 1.026083513 -0.060232935 0.116582519 0.482877800
 2.654200000 1.026394970 -0.058928971 0.114031716 0.483025954
 2.656900000 1.026699541 -0.057624612 0.111481880 0.483170768
 2.659600000 1.026997228 -0.056319866 0.108932989 0.483312249
 2.662300000 1.027288034 -0.055014743 0.106385021 0.483450400
 2.665000000 1.027571963 -0.053709251 0.103837955 0.483585227
 2.667700000 1.027849015 -0.052403399 0.101291767 0.483716737
 2.670400000 1.028119193 -0.051097197 0.098746436 0.483844934
 2.673100000 1.028382501 -0.049790652 0.096201940 0.483969822
 2.675800000 1.028638939 -0.048483775 0.093658258 0.484091407
 2.678500000 1.028888510 -0.047176573 0.091115367 0.484209694
 2.681200000 1.029131217 -0.045869057 0.088573245 0.484324687
 2.683900000 1.029367061 -0.044561234 0.086031872 0.484436391
 2.686600000 1.029596044 -0.043253115 0.083491224 0.484544809
 2.689300000 1.029818168 -0.041944706 0.080951281 0.484649947
 2.692000000 1.030033435 -0.040636018 0.078412021 0.484751807
 2.694700000 1.030241847 -0.039327059 0.075873421 0.484850395
 2.697400000 1.030443406 -0.038017839 0.073335461 0.484945714
 2.700100000 1.030638113 -0.036708365 0.070798119 0.485037768
 2.702800000 1.030825970 -0.035398647 0.068261373 0.485126560
 2.705500000 1.031006979 -0.034088693 0.065725202 0.485212093
 2.708200000 1.031181140 -0.032778513 0.063189585 0.485294371
 2.710900000 1.031348457 -0.031468114 0.060654499 0.485373398
 2.713600000 1.031508929 -0.030157507 0.058119923 0.485449176
