 t x y vx vy
 0.001000000 0.999999500 0.000500000 -0.001000000 0.499999750
 0.003000000 0.999996500 0.001499999 -0.003000002 0.499998250
 0.005000000 0.999989500 0.002499994 -0.005000013 0.499994750
 0.007000000 0.999978500 0.003499981 -0.007000042 0.499989250
 0.009000000 0.999963500 0.004499956 -0.009000100 0.499981749
 0.011000000 0.999944500 0.005499915 -0.011000196 0.499972249
 0.013000000 0.999921499 0.006499854 -0.013000340 0.499960747
 0.015000000 0.999894498 0.007499769 -0.015000544 0.499947245
 0.017000000 0.999863497 0.008499656 -0.017000815 0.499931742
 0.019000000 0.999828495 0.009499511 -0.019001165 0.499914237
 0.021000000 0.999789493 0.010499330 -0.021001604 0.499894730
 0.023000000 0.999746489 0.011499109 -0.023002141 0.499873221
 0.025000000 0.999699485 0.012498844 -0.025002787 0.499849709
 0.027000000 0.999648479 0.013498531 -0.027003552 0.499824194
 0.029000000 0.999593471 0.014498166 -0.029004444 0.499796675
 0.031000000 0.999534462 0.015497744 -0.031005476 0.499767151
 0.033000000 0.999471450 0.016497263 -0.033006656 0.499735622
 0.035000000 0.999404436 0.017496718 -0.035007995 0.499702087
 0.037000000 0.999333420 0.018496105 -0.037009503 0.499666545
 0.039000000 0.999258400 0.019495419 -0.039011189 0.499628996
 0.041000000 0.999179377 0.020494658 -0.041013064 0.499589438
 0.043000000 0.999096349 0.021493816 -0.043015138 0.499547871
 0.045000000 0.999009318 0.022492890 -0.045017421 0.499504294
 0.047000000 0.998918282 0.023491876 -0.047019923 0.499458706
 0.049000000 0.998823241 0.024490770 -0.049022653 0.499411105
 0.051000000 0.998724194 0.025489568 -0.051025623 0.499361491
 0.053000000 0.998621141 0.026488265 -0.053028842 0.499309863
 0.055000000 0.998514082 0.027486858 -0.055032321 0.499256218
 0.057000000 0.998403015 0.028485343 -0.057036068 0.499200557
 0.059000000 0.998287941 0.029483716 -0.059040095 0.499142878
 0.061000000 0.998168859 0.030481972 -0.061044412 0.499083179
 0.063000000 0.998045768 0.031480108 -0.063049028 0.499021459
 0.065000000 0.997918667 0.032478119 -0.065053954 0.498957717
 0.067000000 0.997787557 0.033476002 -0.067059200 0.498891951
 0.069000000 0.997652436 0.034473752 -0.069064776 0.498824160
 0.071000000 0.997513303 0.035471366 -0.071070692 0.498754342
 0.073000000 0.997370159 0.036468839 -0.073076958 0.498682495
 0.075000000 0.997223002 0.037466167 -0.075083585 0.498608618
 0.077000000 0.997071831 0.038463346 -0.077090583 0.498532710
 0.079000000 0.996916646 0.039460373 -0.079097961 0.498454768
 0.081000000 0.996757446 0.040457243 -0.081105731 0.498374790
 0.083000000 0.996594231 0.041453952 -0.083113902 0.498292775
 0.085000000 0.996426999 0.042450496 -0.085122484 0.498208721
 0.087000000 0.996255749 0.043446870 -0.087131488 0.498122626
 0.089000000 0.996080482 0.044443072 -0.089140924 0.498034488
 0.091000000 0.995901195 0.045439096 -0.091150802 0.497944305
 0.093000000 0.995717888 0.046434939 -0.093161133 0.497852075
 0.095000000 0.995530561 0.047430596 -0.095171926 0.497757795
 0.097000000 0.995339211 0.048426063 -0.097183192 0.497661464
 0.099000000 0.995143839 0.049421337 -0.099194942 0.497563079
 0.101000000 0.994944443 0.050416414 -0.101207185 0.497462637
 0.103000000 0.994741023 0.051411288 -0.103219932 0.497360138
 0.105000000 0.994533576 0.052405956 -0.105233194 0.497255577
 0.107000000 0.994322103 0.053400414 -0.107246980 0.497148954
 0.109000000 0.994106602 0.054394658 -0.109261301 0.497040265
 0.111000000 0.993887072 0.055388684 -0.111276167 0.496929507
 0.113000000 0.993663512 0.056382486 -0.113291590 0.496816679
 0.115000000 0.993435921 0.057376063 -0.115307578 0.496701777
 0.117000000 0.993204297 0.058369408 -0.117324143 0.496584799
 0.119000000 0.992968641 0.059362518 -0.119341295 0.496465742
 0.121000000 0.992728949 0.060355389 -0.121359045 0.496344603
 0.123000000 0.992485222 0.061348017 -0.123377402 0.496221380
 0.125000000 0.992237458 0.062340398 -0.125396378 0.496096069
 0.127000000 0.991985655 0.063332526 -0.127415983 0.495968668
 0.129000000 0.991729813 0.064324399 -0.129436228 0.495839174
 0.131000000 0.991469931 0.065316012 -0.131457122 0.495707583
 0.133000000 0.991206006 0.066307361 -0.133478678 0.495573893
 0.135000000 0.990938037 0.067298441 -0.135500904 0.495438100
 0.137000000 0.990666024 0.068289248 -0.137523812 0.495300202
 0.139000000 0.990389965 0.069279779 -0.139547412 0.495160194
 0.141000000 0.990109858 0.070270028 -0.141571716 0.495018073
 0.143000000 0.989825702 0.071259993 -0.143596733 0.494873837
 0.145000000 0.989537496 0.072249668 -0.145622474 0.494727482
 0.147000000 0.989245238 0.073239049 -0.147648951 0.494579004
 0.149000000 0.988948926 0.074228131 -0.149676173 0.494428400
 0.151000000 0.988648560 0.075216912 -0.151704151 0.494275667
 0.153000000 0.988344137 0.076205386 -0.153732897 0.494120799
 0.155000000 0.988035657 0.077193550 -0.155762421 0.493963795
 0.157000000 0.987723117 0.078181398 -0.157792733 0.493804650
 0.159000000 0.987406516 0.079168927 -0.159823846 0.493643360
 0.161000000 0.987085853 0.080156132 -0.161855768 0.493479922
 0.163000000 0.986761125 0.081143010 -0.163888512 0.493314332
 0.165000000 0.986432331 0.082129555 -0.165922088 0.493146585
 0.167000000 0.986099470 0.083115763 -0.167956507 0.492976678
 0.169000000 0.985762539 0.084101631 -0.169991780 0.492804607
 0.171000000 0.985421538 0.085087153 -0.172027918 0.492630367
 0.173000000 0.985076463 0.086072326 -0.174064932 0.492453954
 0.175000000 0.984727315 0.087057145 -0.176102833 0.492275365
 0.177000000 0.984374090 0.088041605 -0.178141631 0.492094594
 0.179000000 0.984016787 0.089025703 -0.180181339 0.491911638
 0.181000000 0.983655404 0.090009434 -0.182221967 0.491726492
 0.183000000 0.983289939 0.090992794 -0.184263526 0.491539151
 0.185000000 0.982920391 0.091975778 -0.186306027 0.491349611
 0.187000000 0.982546757 0.092958381 -0.188349482 0.491157868
 0.189000000 0.982169036 0.093940600 -0.190393901 0.490963917
 0.191000000 0.981787226 0.094922430 -0.192439296 0.490767752
 0.193000000 0.981401324 0.095903867 -0.194485678 0.490569370
 0.195000000 0.981011329 0.096884906 -0.196533059 0.490368766
 0.197000000 0.980617239 0.097865542 -0.198581449 0.490165934
 0.199000000 0.980219052 0.098845772 -0.200630860 0.489960870
 0.201000000 0.979816765 0.099825590 -0.202681303 0.489753568
 0.203000000 0.979410377 0.100804993 -0.204732790 0.489544025
 0.205000000 0.978999885 0.101783975 -0.206785332 0.489332233
 0.207000000 0.978585288 0.102762533 -0.208838940 0.489118189
 0.209000000 0.978166583 0.103740661 -0.210893627 0.488901887
 0.211000000 0.977743768 0.104718356 -0.212949402 0.488683322
 0.213000000 0.977316841 0.105695613 -0.215006279 0.488462488
 0.215000000 0.976885799 0.106672426 -0.217064268 0.488239380
 0.217000000 0.976450641 0.107648793 -0.219123381 0.488013992
 0.219000000 0.976011364 0.108624707 -0.221183630 0.487786320
 0.221000000 0.975567967 0.109600165 -0.223245027 0.487556356
 0.223000000 0.975120445 0.110575162 -0.225307582 0.487324096
 0.225000000 0.974668799 0.111549693 -0.227371308 0.487089534
 0.227000000 0.974213024 0.112523754 -0.229436217 0.486852664
 0.229000000 0.973753118 0.113497340 -0.231502319 0.486613480
 0.231000000 0.973289080 0.114470447 -0.233569628 0.486371976
 0.233000000 0.972820907 0.115443069 -0.235638155 0.486128147
 0.235000000 0.972348596 0.116415202 -0.237707912 0.485881985
 0.237000000 0.971872145 0.117386842 -0.239778911 0.485633485
 0.239000000 0.971391551 0.118357984 -0.241851163 0.485382641
 0.241000000 0.970906812 0.119328623 -0.243924681 0.485129446
 0.243000000 0.970417925 0.120298755 -0.245999476 0.484873894
 0.245000000 0.969924888 0.121268374 -0.248075562 0.484615979
 0.247000000 0.969427699 0.122237476 -0.250152949 0.484355693
 0.249000000 0.968926354 0.123206056 -0.252231651 0.484093031
 0.251000000 0.968420851 0.124174110 -0.254311678 0.483827986
 0.253000000 0.967911187 0.125141633 -0.256393045 0.483560552
 0.255000000 0.967397359 0.126108619 -0.258475761 0.483290720
 0.257000000 0.966879366 0.127075065 -0.260559841 0.483018485
 0.259000000 0.966357204 0.128040965 -0.262645296 0.482743840
 0.261000000 0.965830870 0.129006314 -0.264732139 0.482466777
 0.263000000 0.965300362 0.129971108 -0.266820382 0.482187290
 0.265000000 0.964765676 0.130935342 -0.268910038 0.481905371
 0.267000000 0.964226811 0.131899011 -0.271001118 0.481621013
 0.269000000 0.963683763 0.132862110 -0.273093637 0.481334209
 0.271000000 0.963136528 0.133824634 -0.275187605 0.481044952
 0.273000000 0.962585106 0.134786578 -0.277283036 0.480753233
 0.275000000 0.962029491 0.135747938 -0.279379943 0.480459047
 0.277000000 0.961469682 0.136708708 -0.281478338 0.480162384
 0.279000000 0.960905676 0.137668884 -0.283578234 0.479863237
 0.281000000 0.960337469 0.138628460 -0.285679644 0.479561599
 0.283000000 0.959765058 0.139587431 -0.287782580 0.479257461
 0.285000000 0.959188441 0.140545793 -0.289887056 0.478950816
 0.287000000 0.958607614 0.141503540 -0.291993085 0.478641656
 0.289000000 0.958022575 0.142460668 -0.294100678 0.478329973
 0.291000000 0.957433319 0.143417171 -0.296209851 0.478015758
 0.293000000 0.956839844 0.144373045 -0.298320614 0.477699003
 0.295000000 0.956242147 0.145328283 -0.300432983 0.477379701
 0.297000000 0.955640224 0.146282882 -0.302546969 0.477057842
 0.299000000 0.955034072 0.147236836 -0.304662586 0.476733418
 0.301000000 0.954423689 0.148190140 -0.306779848 0.476406421
 0.303000000 0.953809070 0.149142788 -0.308898767 0.476076841
 0.305000000 0.953190212 0.150094776 -0.311019357 0.475744671
 0.307000000 0.952567113 0.151046098 -0.313141632 0.475409901
 0.309000000 0.951939768 0.151996750 -0.315265604 0.475072523
 0.311000000 0.951308174 0.152946725 -0.317391288 0.474732526
 0.313000000 0.950672328 0.153896019 -0.319518697 0.474389904
 0.315000000 0.950032226 0.154844627 -0.321647845 0.474044645
 0.317000000 0.949387865 0.155792542 -0.323778745 0.473696742
 0.319000000 0.948739241 0.156739761 -0.325911411 0.473346184
 0.321000000 0.948086352 0.157686277 -0.328045857 0.472992962
 0.323000000 0.947429192 0.158632085 -0.330182096 0.472637066
 0.325000000 0.946767759 0.159577180 -0.332320143 0.472278488
 0.327000000 0.946102049 0.160521557 -0.334460012 0.471917217
 0.329000000 0.945432058 0.161465210 -0.336601716 0.471553243
 0.331000000 0.944757783 0.162408133 -0.338745270 0.471186557
 0.333000000 0.944079220 0.163350322 -0.340890688 0.470817149
 0.335000000 0.943396366 0.164291771 -0.343037983 0.470445008
 0.337000000 0.942709215 0.165232474 -0.345187171 0.470070124
 0.339000000 0.942017766 0.166172425 -0.347338265 0.469692488
 0.341000000 0.941322013 0.167111621 -0.349491280 0.469312088
 0.343000000 0.940621953 0.168050054 -0.351646230 0.468928914
 0.345000000 0.939917582 0.168987719 -0.353803130 0.468542955
 0.347000000 0.939208897 0.169924611 -0.355961994 0.468154202
 0.349000000 0.938495893 0.170860724 -0.358122837 0.467762642
 0.351000000 0.937778566 0.171796052 -0.360285673 0.467368266
 0.353000000 0.937056912 0.172730590 -0.362450518 0.466971062
 0.355000000 0.936330928 0.173664333 -0.364617386 0.466571019
 0.357000000 0.935600609 0.174597274 -0.366786292 0.466168126
 0.359000000 0.934865951 0.175529407 -0.368957250 0.465762371
 0.361000000 0.934126951 0.176460728 -0.371130277 0.465353744
 0.363000000 0.933383603 0.177391230 -0.373305386 0.464942232
 0.365000000 0.932635904 0.178320908 -0.375482594 0.464527825
 0.367000000 0.931883849 0.179249755 -0.377661914 0.464110510
 0.369000000 0.931127435 0.180177767 -0.379843363 0.463690275
 0.371000000 0.930366657 0.181104936 -0.382026956 0.463267108
 0.373000000 0.929601510 0.182031257 -0.384212708 0.462840999
 0.375000000 0.928831991 0.182956725 -0.386400634 0.462411933
 0.377000000 0.928058095 0.183881333 -0.388590751 0.461979899
 0.379000000 0.927279818 0.184805076 -0.390783073 0.461544885
 0.381000000 0.926497154 0.185727947 -0.392977617 0.461106878
 0.383000000 0.925710101 0.186649941 -0.395174398 0.460665865
 0.385000000 0.924918653 0.187571051 -0.397373432 0.460221834
 0.387000000 0.924122806 0.188491272 -0.399574735 0.459774772
 0.389000000 0.923322555 0.189410596 -0.401778323 0.459324665
 0.391000000 0.922517895 0.190329020 -0.403984212 0.458871501
 0.393000000 0.921708823 0.191246535 -0.406192418 0.458415266
 0.395000000 0.920895333 0.192163136 -0.408402957 0.457955948
 0.397000000 0.920077421 0.193078817 -0.410615845 0.457493531
 0.399000000 0.919255082 0.193993572 -0.412831100 0.457028004
 0.401000000 0.918428312 0.194907394 -0.415048736 0.456559351
 0.403000000 0.917597104 0.195820277 -0.417268772 0.456087560
 0.405000000 0.916761456 0.196732215 -0.419491223 0.455612616
 0.407000000 0.915921361 0.197643202 -0.421716106 0.455134505
 0.409000000 0.915076816 0.198553230 -0.423943438 0.454653213
 0.411000000 0.914227814 0.199462295 -0.426173235 0.454168726
 0.413000000 0.913374352 0.200370389 -0.428405515 0.453681028
 0.415000000 0.912516424 0.201277506 -0.430640295 0.453190105
 0.417000000 0.911654025 0.202183640 -0.432877591 0.452695943
 0.419000000 0.910787150 0.203088783 -0.435117421 0.452198527
 0.421000000 0.909915795 0.203992930 -0.437359803 0.451697840
 0.423000000 0.909039953 0.204896074 -0.439604752 0.451193869
 0.425000000 0.908159620 0.205798209 -0.441852288 0.450686597
 0.427000000 0.907274791 0.206699327 -0.444102427 0.450176010
 0.429000000 0.906385460 0.207599423 -0.446355187 0.449662091
 0.431000000 0.905491622 0.208498489 -0.448610586 0.449144825
 0.433000000 0.904593272 0.209396518 -0.450868641 0.448624196
 0.435000000 0.903690405 0.210293505 -0.453129371 0.448100188
 0.437000000 0.902783015 0.211189442 -0.455392793 0.447572784
 0.439000000 0.901871096 0.212084323 -0.457658926 0.447041968
 0.441000000 0.900954644 0.212978140 -0.459927787 0.446507723
 0.443000000 0.900033653 0.213870887 -0.462199395 0.445970034
 0.445000000 0.899108118 0.214762557 -0.464473769 0.445428882
 0.447000000 0.898178032 0.215653143 -0.466750926 0.444884251
 0.449000000 0.897243390 0.216542638 -0.469030885 0.444336124
 0.451000000 0.896304188 0.217431035 -0.471313666 0.443784483
 0.453000000 0.895360418 0.218318327 -0.473599286 0.443229311
 0.455000000 0.894412075 0.219204506 -0.475887764 0.442670590
 0.457000000 0.893459155 0.220089567 -0.478179120 0.442108302
 0.459000000 0.892501650 0.220973501 -0.480473373 0.441542430
 0.461000000 0.891539555 0.221856301 -0.482770541 0.440972954
 0.463000000 0.890572864 0.222737961 -0.485070645 0.440399858
 0.465000000 0.889601571 0.223618473 -0.487373702 0.439823121
 0.467000000 0.888625671 0.224497830 -0.489679734 0.439242726
 0.469000000 0.887645158 0.225376023 -0.491988759 0.438658654
 0.471000000 0.886660025 0.226253047 -0.494300797 0.438070885
 0.473000000 0.885670266 0.227128894 -0.496615868 0.437479401
 0.475000000 0.884675875 0.228003556 -0.498933991 0.436884182
 0.477000000 0.883676847 0.228877025 -0.501255188 0.436285208
 0.479000000 0.882673175 0.229749294 -0.503579478 0.435682459
 0.481000000 0.881664853 0.230620357 -0.505906881 0.435075916
 0.483000000 0.880651874 0.231490204 -0.508237417 0.434465558
 0.485000000 0.879634233 0.232358828 -0.510571108 0.433851365
 0.487000000 0.878611923 0.233226222 -0.512907973 0.433233317
 0.489000000 0.877584937 0.234092378 -0.515248034 0.432611392
 0.491000000 0.876553270 0.234957289 -0.517591311 0.431985571
 0.493000000 0.875516914 0.235820946 -0.519937825 0.431355830
 0.495000000 0.874475864 0.236683341 -0.522287598 0.430722150
 0.497000000 0.873430113 0.237544467 -0.524640650 0.430084509
 0.499000000 0.872379654 0.238404316 -0.526997003 0.429442885
 0.501000000 0.871324480 0.239262879 -0.529356678 0.428797255
 0.503000000 0.870264586 0.240120149 -0.531719698 0.428147599
 0.505000000 0.869199964 0.240976118 -0.534086082 0.427493892
 0.507000000 0.868130607 0.241830778 -0.536455854 0.426836114
 0.509000000 0.867056509 0.242684119 -0.538829036 0.426174240
 0.511000000 0.865977663 0.243536135 -0.541205649 0.425508248
 0.513000000 0.864894062 0.244386817 -0.543585715 0.424838115
 0.515000000 0.863805700 0.245236157 -0.545969258 0.424163817
 0.517000000 0.862712568 0.246084146 -0.548356299 0.423485330
 0.519000000 0.861614661 0.246930776 -0.550746861 0.422802631
 0.521000000 0.860511970 0.247776038 -0.553140967 0.422115695
 0.523000000 0.859404490 0.248619924 -0.555538640 0.421424497
 0.525000000 0.858292212 0.249462426 -0.557939902 0.420729014
 0.527000000 0.857175131 0.250303535 -0.560344778 0.420029220
 0.529000000 0.856053237 0.251143242 -0.562753290 0.419325090
 0.531000000 0.854926525 0.251981538 -0.565165462 0.418616599
 0.533000000 0.853794987 0.252818415 -0.567581317 0.417903721
 0.535000000 0.852658615 0.253653865 -0.570000880 0.417186430
 0.537000000 0.851517402 0.254487877 -0.572424173 0.416464699
 0.539000000 0.850371340 0.255320444 -0.574851222 0.415738504
 0.541000000 0.849220423 0.256151556 -0.577282050 0.415007816
 0.543000000 0.848064642 0.256981205 -0.579716681 0.414272609
 0.545000000 0.846903990 0.257809381 -0.582155141 0.413532856
 0.547000000 0.845738459 0.258636075 -0.584597454 0.412788529
 0.549000000 0.844568042 0.259461278 -0.587043644 0.412039601
 0.551000000 0.843392730 0.260284981 -0.589493737 0.411286044
 0.553000000 0.842212516 0.261107175 -0.591947758 0.410527828
 0.555000000 0.841027392 0.261927850 -0.594405731 0.409764926
 0.557000000 0.839837350 0.262746996 -0.596867684 0.408997309
 0.559000000 0.838642382 0.263564605 -0.599333640 0.408224948
 0.561000000 0.837442480 0.264380667 -0.601803626 0.407447813
 0.563000000 0.836237636 0.265195172 -0.604277669 0.406665874
 0.565000000 0.835027842 0.266008111 -0.606755793 0.405879101
 0.567000000 0.833813090 0.266819474 -0.609238025 0.405087465
 0.569000000 0.832593372 0.267629252 -0.611724392 0.404290934
 0.571000000 0.831368678 0.268437433 -0.614214921 0.403489477
 0.573000000 0.830139001 0.269244010 -0.616709638 0.402683064
 0.575000000 0.828904333 0.270048971 -0.619208570 0.401871662
 0.577000000 0.827664665 0.270852307 -0.621711744 0.401055239
 0.579000000 0.826419988 0.271654007 -0.624219188 0.400233765
 0.581000000 0.825170295 0.272454062 -0.626730929 0.399407205
 0.583000000 0.823915575 0.273252461 -0.629246995 0.398575526
 0.585000000 0.822655822 0.274049194 -0.631767414 0.397738697
 0.587000000 0.821391025 0.274844251 -0.634292213 0.396896683
 0.589000000 0.820121176 0.275637622 -0.636821422 0.396049449
 0.591000000 0.818846267 0.276429295 -0.639355068 0.395196963
 0.593000000 0.817566289 0.277219261 -0.641893181 0.394339189
 0.595000000 0.816281232 0.278007508 -0.644435789 0.393476092
 0.597000000 0.814991087 0.278794027 -0.646982920 0.392607637
 0.599000000 0.813695846 0.279578806 -0.649534606 0.391733789
 0.601000000 0.812395499 0.280361835 -0.652090874 0.390854510
 0.603000000 0.811090038 0.281143102 -0.654651754 0.389969765
 0.605000000 0.809779452 0.281922597 -0.657217277 0.389079517
 0.607000000 0.808463733 0.282700309 -0.659787472 0.388183729
 0.609000000 0.807142871 0.283476226 -0.662362369 0.387282362
 0.611000000 0.805816857 0.284250338 -0.664942000 0.386375380
 0.613000000 0.804485681 0.285022633 -0.667526394 0.385462743
 0.615000000 0.803149335 0.285793100 -0.670115584 0.384544412
 0.617000000 0.801807807 0.286561728 -0.672709598 0.383620349
 0.619000000 0.800461089 0.287328504 -0.675308470 0.382690514
 0.621000000 0.799109171 0.288093418 -0.677912231 0.381754866
 0.623000000 0.797752043 0.288856458 -0.680520911 0.380813366
 0.625000000 0.796389695 0.289617612 -0.683134544 0.379865972
 0.627000000 0.795022117 0.290376868 -0.685753162 0.378912643
 0.629000000 0.793649299 0.291134214 -0.688376797 0.377953337
 0.631000000 0.792271232 0.291889639 -0.691005481 0.376988011
 0.633000000 0.790887905 0.292643130 -0.693639249 0.376016624
 0.635000000 0.789499308 0.293394675 -0.696278131 0.375039132
 0.637000000 0.788105430 0.294144263 -0.698922164 0.374055491
 0.639000000 0.786706262 0.294891879 -0.701571378 0.373065657
 0.641000000 0.785301792 0.295637514 -0.704225810 0.372069585
 0.643000000 0.783892011 0.296381152 -0.706885492 0.371067231
 0.645000000 0.782476909 0.297122783 -0.709550459 0.370058549
 0.647000000 0.781056473 0.297862394 -0.712220747 0.369043493
 0.649000000 0.779630695 0.298599971 -0.714896388 0.368022016
 0.651000000 0.778199562 0.299335502 -0.717577420 0.366994070
 0.653000000 0.776763065 0.300068973 -0.720263876 0.365959610
 0.655000000 0.775321192 0.300800373 -0.722955794 0.364918586
 0.657000000 0.773873932 0.301529687 -0.725653208 0.363870949
 0.659000000 0.772421275 0.302256903 -0.728356155 0.362816651
 0.661000000 0.770963209 0.302982006 -0.731064671 0.361755641
 0.663000000 0.769499723 0.303704984 -0.733778793 0.360687870
 0.665000000 0.768030806 0.304425824 -0.736498558 0.359613287
 0.667000000 0.766556447 0.305144510 -0.739224003 0.358531839
 0.669000000 0.765076634 0.305861031 -0.741955166 0.357443475
 0.671000000 0.763591356 0.306575371 -0.744692084 0.356348143
 0.673000000 0.762100602 0.307287517 -0.747434796 0.355245789
 0.675000000 0.760604358 0.307997455 -0.750183341 0.354136359
 0.677000000 0.759102615 0.308705170 -0.752937755 0.353019800
 0.679000000 0.757595360 0.309410649 -0.755698080 0.351896055
 0.681000000 0.756082582 0.310113876 -0.758464353 0.350765069
 0.683000000 0.754564268 0.310814838 -0.761236615 0.349626786
 0.685000000 0.753040406 0.311513520 -0.764014906 0.348481150
 0.687000000 0.751510985 0.312209906 -0.766799265 0.347328101
 0.689000000 0.749975992 0.312903983 -0.769589733 0.346167583
 0.691000000 0.748435415 0.313595735 -0.772386350 0.344999536
 0.693000000 0.746889242 0.314285148 -0.775189159 0.343823900
 0.695000000 0.745337460 0.314972205 -0.777998200 0.342640615
 0.697000000 0.743780056 0.315656891 -0.780813516 0.341449621
 0.699000000 0.742217019 0.316339192 -0.783635147 0.340250855
 0.701000000 0.740648336 0.317019092 -0.786463137 0.339044255
 0.703000000 0.739073993 0.317696574 -0.789297528 0.337829758
 0.705000000 0.737493978 0.318371623 -0.792138364 0.336607300
 0.707000000 0.735908279 0.319044224 -0.794985688 0.335376816
 0.709000000 0.734316881 0.319714359 -0.797839543 0.334138240
 0.711000000 0.732719773 0.320382013 -0.800699973 0.332891507
 0.713000000 0.731116940 0.321047170 -0.803567024 0.331636550
 0.715000000 0.729508370 0.321709812 -0.806440740 0.330373300
 0.717000000 0.727894049 0.322369924 -0.809321165 0.329101689
 0.719000000 0.726273964 0.323027488 -0.812208346 0.327821647
 0.721000000 0.724648101 0.323682489 -0.815102328 0.326533105
 0.723000000 0.723016447 0.324334907 -0.818003158 0.325235991
 0.725000000 0.721378988 0.324984727 -0.820910882 0.323930233
 0.727000000 0.719735710 0.325631932 -0.823825548 0.322615759
 0.729000000 0.718086599 0.326276503 -0.826747201 0.321292493
 0.731000000 0.716431641 0.326918423 -0.829675891 0.319960363
 0.733000000 0.714770822 0.327557674 -0.832611665 0.318619291
 0.735000000 0.713104128 0.328194239 -0.835554572 0.317269203
 0.737000000 0.711431545 0.328828099 -0.838504661 0.315910020
 0.739000000 0.709753058 0.329459236 -0.841461981 0.314541663
 0.741000000 0.708068652 0.330087631 -0.844426582 0.313164054
 0.743000000 0.706378314 0.330713267 -0.847398513 0.311777112
 0.745000000 0.704682028 0.331336124 -0.850377826 0.310380756
 0.747000000 0.702979780 0.331956184 -0.853364571 0.308974904
 0.749000000 0.701271555 0.332573428 -0.856358800 0.307559471
 0.751000000 0.699557337 0.333187835 -0.859360564 0.306134374
 0.753000000 0.697837113 0.333799388 -0.862369915 0.304699527
 0.755000000 0.696110865 0.334408066 -0.865386907 0.303254843
 0.757000000 0.694378580 0.335013849 -0.868411592 0.301800235
 0.759000000 0.692640242 0.335616719 -0.871444024 0.300335614
 0.761000000 0.690895834 0.336216654 -0.874484256 0.298860890
 0.763000000 0.689145343 0.336813634 -0.877532343 0.297375971
 0.765000000 0.687388751 0.337407640 -0.880588341 0.295880767
 0.767000000 0.685626043 0.337998650 -0.883652303 0.294375182
 0.769000000 0.683857204 0.338586644 -0.886724287 0.292859123
 0.771000000 0.682082216 0.339171600 -0.889804347 0.291332493
 0.773000000 0.680301064 0.339753498 -0.892892542 0.289795195
 0.775000000 0.678513732 0.340332315 -0.895988928 0.288247132
 0.777000000 0.676720203 0.340908032 -0.899093562 0.286688203
 0.779000000 0.674920461 0.341480624 -0.902206503 0.285118307
 0.781000000 0.673114488 0.342050072 -0.905327810 0.283537343
 0.783000000 0.671302269 0.342616352 -0.908457541 0.281945205
 0.785000000 0.669483785 0.343179442 -0.911595757 0.280341790
 0.787000000 0.667659022 0.343739320 -0.914742517 0.278726991
 0.789000000 0.665827960 0.344295962 -0.917897882 0.277100699
 0.791000000 0.663990583 0.344849346 -0.921061913 0.275462806
 0.793000000 0.662146874 0.345399448 -0.924234672 0.273813201
 0.795000000 0.660296815 0.345946245 -0.927416221 0.272151771
 0.797000000 0.658440389 0.346489714 -0.930606623 0.270478404
 0.799000000 0.656577577 0.347029829 -0.933805942 0.268792982
 0.801000000 0.654708362 0.347566568 -0.937014240 0.267095391
 0.803000000 0.652832726 0.348099905 -0.940231582 0.265385510
 0.805000000 0.650950651 0.348629817 -0.943458034 0.263663220
 0.807000000 0.649062118 0.349156277 -0.946693660 0.261928400
 0.809000000 0.647167109 0.349679262 -0.949938528 0.260180925
 0.811000000 0.645265606 0.350198745 -0.953192703 0.258420670
 0.813000000 0.643357590 0.350714702 -0.956456252 0.256647510
 0.815000000 0.641443042 0.351227105 -0.959729244 0.254861314
 0.817000000 0.639521944 0.351735930 -0.963011746 0.253061954
 0.819000000 0.637594276 0.352241149 -0.966303828 0.251249295
 0.821000000 0.635660018 0.352742736 -0.969605560 0.249423205
 0.823000000 0.633719153 0.353240665 -0.972917011 0.247583547
 0.825000000 0.631771659 0.353734907 -0.976238252 0.245730183
 0.827000000 0.629817518 0.354225435 -0.979569355 0.243862974
 0.829000000 0.627856710 0.354712222 -0.982910391 0.241981777
 0.831000000 0.625889215 0.355195240 -0.986261434 0.240086448
 0.833000000 0.623915013 0.355674460 -0.989622556 0.238176842
 0.835000000 0.621934084 0.356149853 -0.992993831 0.236252810
 0.837000000 0.619946407 0.356621392 -0.996375335 0.234314203
 0.839000000 0.617951961 0.357089045 -0.999767141 0.232360867
 0.841000000 0.615950727 0.357552785 -1.003169327 0.230392649
 0.843000000 0.613942684 0.358012580 -1.006581968 0.228409390
 0.845000000 0.611927809 0.358468402 -1.010005142 0.226410933
 0.847000000 0.609906084 0.358920219 -1.013438927 0.224397115
 0.849000000 0.607877485 0.359368000 -1.016883401 0.222367772
 0.851000000 0.605841992 0.359811715 -1.020338643 0.220322739
 0.853000000 0.603799583 0.360251332 -1.023804734 0.218261846
 0.855000000 0.601750236 0.360686819 -1.027281753 0.216184922
 0.857000000 0.599693930 0.361118145 -1.030769783 0.214091793
 0.859000000 0.597630642 0.361545276 -1.034268905 0.211982282
 0.861000000 0.595560351 0.361968179 -1.037779203 0.209856211
 0.863000000 0.593483033 0.362386822 -1.041300759 0.207713396
 0.865000000 0.591398666 0.362801171 -1.044833658 0.205553655
 0.867000000 0.589307228 0.363211192 -1.048377984 0.203376799
 0.869000000 0.587208696 0.363616851 -1.051933825 0.201182637
 0.871000000 0.585103046 0.364018113 -1.055501265 0.198970977
 0.873000000 0.582990255 0.364414942 -1.059080392 0.196741622
 0.875000000 0.580870301 0.364807304 -1.062671295 0.194494372
 0.877000000 0.578743158 0.365195162 -1.066274062 0.192229026
 0.879000000 0.576608804 0.365578481 -1.069888782 0.189945378
 0.881000000 0.574467215 0.365957223 -1.073515545 0.187643218
 0.883000000 0.572318366 0.366331351 -1.077154444 0.185322335
 0.885000000 0.570162233 0.366700828 -1.080805569 0.182982513
 0.887000000 0.567998792 0.367065616 -1.084469013 0.180623534
 0.889000000 0.565828017 0.367425677 -1.088144870 0.178245175
 0.891000000 0.563649885 0.367780971 -1.091833234 0.175847209
 0.893000000 0.561464369 0.368131459 -1.095534200 0.173429409
 0.895000000 0.559271446 0.368477101 -1.099247864 0.170991539
 0.897000000 0.557071088 0.368817858 -1.102974323 0.168533363
 0.899000000 0.554863272 0.369153687 -1.106713673 0.166054641
 0.901000000 0.552647970 0.369484550 -1.110466015 0.163555127
 0.903000000 0.550425157 0.369810402 -1.114231446 0.161034573
 0.905000000 0.548194806 0.370131203 -1.118010066 0.158492725
 0.907000000 0.545956892 0.370446910 -1.121801978 0.155929327
 0.909000000 0.543711387 0.370757478 -1.125607281 0.153344117
 0.911000000 0.541458265 0.371062866 -1.129426080 0.150736830
 0.913000000 0.539197498 0.371363027 -1.133258477 0.148107195
 0.915000000 0.536929060 0.371657919 -1.137104577 0.145454938
 0.917000000 0.534652922 0.371947494 -1.140964485 0.142779780
 0.919000000 0.532369058 0.372231707 -1.144838306 0.140081435
 0.921000000 0.530077439 0.372510512 -1.148726148 0.137359616
 0.923000000 0.527778038 0.372783861 -1.152628119 0.134614029
 0.925000000 0.525470825 0.373051708 -1.156544327 0.131844375
 0.927000000 0.523155773 0.373314002 -1.160474882 0.129050350
 0.929000000 0.520832853 0.373570697 -1.164419894 0.126231645
 0.931000000 0.518502035 0.373821741 -1.168379474 0.123387944
 0.933000000 0.516163291 0.374067086 -1.172353734 0.120518929
 0.935000000 0.513816591 0.374306680 -1.176342788 0.117624273
 0.937000000 0.511461905 0.374540471 -1.180346750 0.114703646
 0.939000000 0.509099204 0.374768408 -1.184365734 0.111756709
 0.941000000 0.506728457 0.374990438 -1.188399855 0.108783120
 0.943000000 0.504349635 0.375206508 -1.192449231 0.105782529
 0.945000000 0.501962706 0.375416562 -1.196513979 0.102754581
 0.947000000 0.499567640 0.375620547 -1.200594217 0.099698914
 0.949000000 0.497164405 0.375818407 -1.204690064 0.096615159
 0.951000000 0.494752971 0.376010084 -1.208801640 0.093502942
 0.953000000 0.492333306 0.376195523 -1.212929067 0.090361879
 0.955000000 0.489905378 0.376374666 -1.217072465 0.087191583
 0.957000000 0.487469156 0.376547453 -1.221231957 0.083991658
 0.959000000 0.485024606 0.376713825 -1.225407667 0.080761699
 0.961000000 0.482571697 0.376873722 -1.229599719 0.077501296
 0.963000000 0.480110395 0.377027083 -1.233808238 0.074210030
 0.965000000 0.477640668 0.377173845 -1.238033349 0.070887475
 0.967000000 0.475162483 0.377313947 -1.242275180 0.067533198
 0.969000000 0.472675805 0.377447324 -1.246533858 0.064146754
 0.971000000 0.470180602 0.377573912 -1.250809510 0.060727694
 0.973000000 0.467676838 0.377693646 -1.255102267 0.057275558
 0.975000000 0.465164481 0.377806458 -1.259412257 0.053789877
 0.977000000 0.462643495 0.377912283 -1.263739612 0.050270174
 0.979000000 0.460113846 0.378011050 -1.268084461 0.046715963
 0.981000000 0.457575498 0.378102692 -1.272446937 0.043126748
 0.983000000 0.455028416 0.378187137 -1.276827173 0.039502023
 0.985000000 0.452472565 0.378264316 -1.281225302 0.035841273
 0.987000000 0.449907908 0.378334154 -1.285641456 0.032143972
 0.989000000 0.447334410 0.378396580 -1.290075771 0.028409584
 0.991000000 0.444752035 0.378451517 -1.294528381 0.024637562
 0.993000000 0.442160745 0.378498892 -1.298999422 0.020827349
 0.995000000 0.439560504 0.378538627 -1.303489030 0.016978377
 0.997000000 0.436951274 0.378570645 -1.307997340 0.013090064
 0.999000000 0.434333018 0.378594866 -1.312524490 0.009161820
 1.001000000 0.431705698 0.378611210 -1.317070617 0.005193040
 1.003000000 0.429069277 0.378619597 -1.321635858 0.001183107
 1.005000000 0.426423715 0.378619942 -1.326220351 -0.002868607
 1.007000000 0.423768975 0.378612163 -1.330824233 -0.006962743
 1.009000000 0.421105017 0.378596175 -1.335447643 -0.011099959
 1.011000000 0.418431803 0.378571890 -1.340090720 -0.015280921
 1.013000000 0.415749292 0.378539221 -1.344753600 -0.019506313
 1.015000000 0.413057446 0.378498079 -1.349436424 -0.023776833
 1.017000000 0.410356225 0.378448373 -1.354139328 -0.028093193
 1.019000000 0.407645587 0.378390011 -1.358862451 -0.032456119
 1.021000000 0.404925493 0.378322899 -1.363605931 -0.036866354
 1.023000000 0.402195902 0.378246943 -1.368369905 -0.041324657
 1.025000000 0.399456772 0.378162047 -1.373154511 -0.045831803
 1.027000000 0.396708063 0.378068111 -1.377959885 -0.050388584
 1.029000000 0.393949733 0.377965036 -1.382786163 -0.054995808
 1.031000000 0.391181739 0.377852722 -1.387633481 -0.059654304
 1.033000000 0.388404041 0.377731065 -1.392501973 -0.064364915
 1.035000000 0.385616595 0.377599960 -1.397391773 -0.069128505
 1.037000000 0.382819358 0.377459301 -1.402303013 -0.073945958
 1.039000000 0.380012288 0.377308980 -1.407235826 -0.078818175
 1.041000000 0.377195342 0.377148886 -1.412190340 -0.083746081
 1.043000000 0.374368476 0.376978909 -1.417166686 -0.088730619
 1.045000000 0.371531646 0.376798934 -1.422164990 -0.093772753
 1.047000000 0.368684809 0.376608846 -1.427185378 -0.098873472
 1.049000000 0.365827920 0.376408526 -1.432227973 -0.104033786
 1.051000000 0.362960934 0.376197856 -1.437292895 -0.109254727
 1.053000000 0.360083807 0.375976713 -1.442380266 -0.114537354
 1.055000000 0.357196495 0.375744973 -1.447490199 -0.119882747
 1.057000000 0.354298951 0.375502511 -1.452622811 -0.125292015
 1.059000000 0.351391130 0.375249198 -1.457778210 -0.130766291
 1.061000000 0.348472988 0.374984904 -1.462956506 -0.136306735
 1.063000000 0.345544477 0.374709495 -1.468157801 -0.141914535
 1.065000000 0.342605552 0.374422836 -1.473382197 -0.147590907
 1.067000000 0.339656167 0.374124790 -1.478629789 -0.153337097
 1.069000000 0.336696275 0.373815216 -1.483900669 -0.159154382
 1.071000000 0.333725829 0.373493972 -1.489194925 -0.165044067
 1.073000000 0.330744783 0.373160911 -1.494512639 -0.171007492
 1.075000000 0.327753090 0.372815886 -1.499853888 -0.177046030
 1.077000000 0.324750703 0.372458746 -1.505218744 -0.183161084
 1.079000000 0.321737574 0.372089338 -1.510607270 -0.189354098
 1.081000000 0.318713657 0.371707503 -1.516019526 -0.195626547
 1.083000000 0.315678902 0.371313084 -1.521455563 -0.201979946
 1.085000000 0.312633264 0.370905916 -1.526915425 -0.208415846
 1.087000000 0.309576695 0.370485835 -1.532399148 -0.214935840
 1.089000000 0.306509146 0.370052671 -1.537906759 -0.221541561
 1.091000000 0.303430569 0.369606253 -1.543438277 -0.228234683
 1.093000000 0.300340918 0.369146404 -1.548993709 -0.235016924
 1.095000000 0.297240144 0.368672945 -1.554573054 -0.241890047
 1.097000000 0.294128199 0.368185693 -1.560176300 -0.248855860
 1.099000000 0.291005036 0.367684463 -1.565803421 -0.255916219
 1.101000000 0.287870607 0.367169065 -1.571454380 -0.263073031
 1.103000000 0.284724863 0.366639303 -1.577129127 -0.270328251
 1.105000000 0.281567759 0.366094982 -1.582827598 -0.277683888
 1.107000000 0.278399246 0.365535898 -1.588549712 -0.285142003
 1.109000000 0.275219276 0.364961846 -1.594295374 -0.292704716
 1.111000000 0.272027804 0.364372615 -1.600064471 -0.300374201
 1.113000000 0.268824782 0.363767991 -1.605856872 -0.308152695
 1.115000000 0.265610163 0.363147755 -1.611672427 -0.316042495
 1.117000000 0.262383902 0.362511683 -1.617510967 -0.324045959
 1.119000000 0.259145952 0.361859546 -1.623372298 -0.332165515
 1.121000000 0.255896268 0.361191110 -1.629256205 -0.340403656
 1.123000000 0.252634806 0.360506139 -1.635162448 -0.348762947
 1.125000000 0.249361519 0.359804387 -1.641090763 -0.357246022
 1.127000000 0.246076365 0.359085606 -1.647040855 -0.365855595
 1.129000000 0.242779301 0.358349542 -1.653012401 -0.374594453
 1.131000000 0.239470282 0.357595934 -1.659005048 -0.383465467
 1.133000000 0.236149268 0.356824517 -1.665018408 -0.392471586
 1.135000000 0.232816217 0.356035019 -1.671052059 -0.401615851
 1.137000000 0.229471088 0.355227163 -1.677105541 -0.410901386
 1.139000000 0.226113843 0.354400663 -1.683178354 -0.420331410
 1.141000000 0.222744443 0.353555230 -1.689269958 -0.429909237
 1.143000000 0.219362850 0.352690566 -1.695379765 -0.439638278
 1.145000000 0.215969029 0.351806367 -1.701507142 -0.449522046
 1.147000000 0.212562945 0.350902322 -1.707651403 -0.459564161
 1.149000000 0.209144564 0.349978112 -1.713811810 -0.469768349
 1.151000000 0.205713854 0.349033412 -1.719987568 -0.480138453
 1.153000000 0.202270786 0.348067886 -1.726177821 -0.490678430
 1.155000000 0.198815330 0.347081194 -1.732381647 -0.501392359
 1.157000000 0.195347460 0.346072986 -1.738598057 -0.512284444
 1.159000000 0.191867151 0.345042903 -1.744825988 -0.523359019
 1.161000000 0.188374381 0.343990578 -1.751064301 -0.534620554
 1.163000000 0.184869130 0.342915635 -1.757311774 -0.546073656
 1.165000000 0.181351380 0.341817687 -1.763567095 -0.557723079
 1.167000000 0.177821115 0.340696341 -1.769828862 -0.569573723
 1.169000000 0.174278325 0.339551192 -1.776095572 -0.581630647
 1.171000000 0.170722999 0.338381823 -1.782365616 -0.593899068
 1.173000000 0.167155132 0.337187809 -1.788637273 -0.606384369
 1.175000000 0.163574722 0.335968715 -1.794908703 -0.619092107
 1.177000000 0.159981769 0.334724092 -1.801177938 -0.632028015
 1.179000000 0.156376280 0.333453480 -1.807442873 -0.645198012
 1.181000000 0.152758264 0.332156410 -1.813701260 -0.658608209
 1.183000000 0.149127736 0.330832396 -1.819950696 -0.672264913
 1.185000000 0.145484714 0.329480943 -1.826188615 -0.686174638
 1.187000000 0.141829223 0.328101542 -1.832412275 -0.700344108
 1.189000000 0.138161293 0.326693670 -1.838618746 -0.714780270
 1.191000000 0.134480959 0.325256789 -1.844804902 -0.729490295
 1.193000000 0.130788265 0.323790348 -1.850967404 -0.744481590
 1.195000000 0.127083259 0.322293782 -1.857102685 -0.759761806
 1.197000000 0.123365997 0.320766507 -1.863206937 -0.775338845
 1.199000000 0.119636544 0.319207927 -1.869276097 -0.791220867
 1.201000000 0.115894972 0.317617427 -1.875305822 -0.807416303
 1.203000000 0.112141362 0.315994377 -1.881291479 -0.823933858
 1.205000000 0.108375804 0.314338127 -1.887228120 -0.840782524
 1.207000000 0.104598399 0.312648010 -1.893110462 -0.857971587
 1.209000000 0.100809259 0.310923342 -1.898932862 -0.875510637
 1.211000000 0.097008507 0.309163417 -1.904689297 -0.893409576
 1.213000000 0.093196277 0.307367510 -1.910373333 -0.911678625
 1.215000000 0.089372717 0.305534876 -1.915978099 -0.930328337
 1.217000000 0.085537991 0.303664748 -1.921496257 -0.949369603
 1.219000000 0.081692274 0.301756338 -1.926919967 -0.968813660
 1.221000000 0.077835760 0.299808834 -1.932240854 -0.988672099
 1.223000000 0.073968659 0.297821402 -1.937449972 -1.008956873
 1.225000000 0.070091200 0.295793182 -1.942537760 -1.029680305
 1.227000000 0.066203629 0.293723291 -1.947494002 -1.050855092
 1.229000000 0.062306216 0.291610820 -1.952307781 -1.072494310
 1.231000000 0.058399250 0.289454834 -1.956967425 -1.094611423
 1.233000000 0.054483047 0.287254369 -1.961460462 -1.117220277
 1.235000000 0.050557946 0.285008435 -1.965773554 -1.140335110
 1.237000000 0.046624315 0.282716013 -1.969892443 -1.163970546
 1.239000000 0.042682548 0.280376054 -1.973801882 -1.188141594
 1.241000000 0.038733073 0.277987480 -1.977485569 -1.212863641
 1.243000000 0.034776350 0.275549180 -1.980926066 -1.238152447
 1.245000000 0.030812875 0.273060013 -1.984104726 -1.264024128
 1.247000000 0.026843180 0.270518805 -1.987001603 -1.290495143
 1.249000000 0.022867841 0.267924350 -1.989595366 -1.317582273
 1.251000000 0.018887474 0.265275405 -1.991863194 -1.345302593
 1.253000000 0.014902744 0.262570697 -1.993780684 -1.373673441
 1.255000000 0.010914363 0.259808915 -1.995321731 -1.402712376
 1.257000000 0.006923099 0.256988715 -1.996458421 -1.432437132
 1.259000000 0.002929774 0.254108716 -1.997160900 -1.462865559
 1.261000000 -0.001064726 0.251167501 -1.997397251 -1.494015555
 1.263000000 -0.005059453 0.248163618 -1.997133355 -1.525904985
 1.265000000 -0.009053389 0.245095581 -1.996332747 -1.558551587
 1.267000000 -0.013045441 0.241961865 -1.994956468 -1.591972862
 1.269000000 -0.017034437 0.238760913 -1.992962910 -1.626185943
 1.271000000 -0.021019121 0.235491132 -1.990307653 -1.661207454
 1.273000000 -0.024998146 0.232150898 -1.986943302 -1.697053331
 1.275000000 -0.028970068 0.228738555 -1.982819317 -1.733738636
 1.277000000 -0.032933344 0.225252416 -1.977881845 -1.771277325
 1.279000000 -0.036886316 0.221690768 -1.972073546 -1.809682000
 1.281000000 -0.040827213 0.218051873 -1.965333431 -1.848963619
 1.283000000 -0.044754140 0.214333973 -1.957596696 -1.889131168
 1.285000000 -0.048665070 0.210535293 -1.948794575 -1.930191296
 1.287000000 -0.052557836 0.206654044 -1.938854202 -1.972147902
 1.289000000 -0.056430124 0.202688434 -1.927698495 -2.015001670
 1.291000000 -0.060279462 0.198636668 -1.915246066 -2.058749564
 1.293000000 -0.064103215 0.194496961 -1.901411170 -2.103384251
 1.295000000 -0.067898573 0.190267547 -1.886103692 -2.148893481
 1.297000000 -0.071662546 0.185946682 -1.869229196 -2.195259394
 1.299000000 -0.075391948 0.181532667 -1.850689036 -2.242457782
 1.301000000 -0.079083400 0.177023849 -1.830380552 -2.290457273
 1.303000000 -0.082733310 0.172418647 -1.808197364 -2.339218473
 1.305000000 -0.086337876 0.167715558 -1.784029774 -2.388693042
 1.307000000 -0.089893073 0.162913185 -1.757765312 -2.438822739
 1.309000000 -0.093394649 0.158010250 -1.729289425 -2.489538421
 1.311000000 -0.096838125 0.153005621 -1.698486340 -2.540759032
 1.313000000 -0.100218787 0.147898332 -1.665240128 -2.592390593
 1.315000000 -0.103531692 0.142687614 -1.629435971 -2.644325226
 1.317000000 -0.106771667 0.137372920 -1.590961661 -2.696440235
 1.319000000 -0.109933318 0.131953957 -1.549709344 -2.748597298
 1.321000000 -0.113011037 0.126430716 -1.505577507 -2.800641804
 1.323000000 -0.115999017 0.120803505 -1.458473215 -2.852402396
 1.325000000 -0.118891270 0.115072985 -1.408314590 -2.903690779
 1.327000000 -0.121681653 0.109240199 -1.355033498 -2.954301851
 1.329000000 -0.124363892 0.103306613 -1.298578406 -3.004014227
 1.331000000 -0.126931620 0.097274138 -1.238917372 -3.052591224
 1.333000000 -0.129378418 0.091145171 -1.176041061 -3.099782359
 1.335000000 -0.131697860 0.084922612 -1.109965720 -3.145325406
 1.337000000 -0.133883567 0.078609892 -1.040735984 -3.188949063
 1.339000000 -0.135929264 0.072210989 -0.968427396 -3.230376212
 1.341000000 -0.137828842 0.065730434 -0.893148482 -3.269327778
 1.343000000 -0.139576429 0.059173317 -0.815042260 -3.305527121
 1.345000000 -0.141166455 0.052545280 -0.734287028 -3.338704880
 1.347000000 -0.142593723 0.045852495 -0.651096302 -3.368604142
 1.349000000 -0.143853483 0.039101642 -0.565717820 -3.394985777
 1.351000000 -0.144941495 0.032299868 -0.478431532 -3.417633738
 1.353000000 -0.145854095 0.025454736 -0.389546567 -3.436360128
 1.355000000 -0.146588250 0.018574173 -0.299397214 -3.451009804
 1.357000000 -0.147141606 0.011666396 -0.208338010 -3.461464300
 1.359000000 -0.147512526 0.004739840 -0.116738079 -3.467644888
 1.361000000 -0.147700117 -0.002196924 -0.024974924 -3.469514607
 1.363000000 -0.147704243 -0.009135272 0.066572094 -3.467079170
 1.365000000 -0.147525524 -0.016066612 0.157528343 -3.460386687
 1.367000000 -0.147165325 -0.022982469 0.247530304 -3.449526231
 1.369000000 -0.146625730 -0.029874566 0.336231516 -3.434625333
 1.371000000 -0.145909507 -0.036734901 0.423307865 -3.415846515
 1.373000000 -0.145020056 -0.043555810 0.508462044 -3.393383066
 1.375000000 -0.143961360 -0.050330030 0.591427069 -3.367454247
 1.377000000 -0.142737919 -0.057050749 0.671968798 -3.338300150
 1.379000000 -0.141354683 -0.063711642 0.749887426 -3.306176425
 1.381000000 -0.139816986 -0.070306902 0.825018020 -3.271349080
 1.383000000 -0.138130472 -0.076831258 0.897230170 -3.234089523
 1.385000000 -0.136301031 -0.083279980 0.966426859 -3.194669984
 1.387000000 -0.134334732 -0.089648884 1.032542713 -3.153359432
 1.389000000 -0.132237756 -0.095934321 1.095541736 -3.110420043
 1.391000000 -0.130016346 -0.102133160 1.155414706 -3.066104257
 1.393000000 -0.127676748 -0.108242770 1.212176335 -3.020652424
 1.395000000 -0.125225171 -0.114260995 1.265862333 -2.974291025
 1.397000000 -0.122667741 -0.120186121 1.316526465 -2.927231417
 1.399000000 -0.120010468 -0.126016854 1.364237687 -2.879669057
 1.401000000 -0.117259219 -0.131752279 1.409077425 -2.831783139
 1.403000000 -0.114419693 -0.137391833 1.451137043 -2.783736589
 1.405000000 -0.111497401 -0.142935269 1.490515532 -2.735676346
 1.407000000 -0.108497654 -0.148382628 1.527317429 -2.687733868
 1.409000000 -0.105425550 -0.153734206 1.561650990 -2.640025828
 1.411000000 -0.102285973 -0.158990524 1.593626586 -2.592654914
 1.413000000 -0.099083581 -0.164152303 1.623355340 -2.545710737
 1.415000000 -0.095822814 -0.169220437 1.650947973 -2.499270769
 1.417000000 -0.092507889 -0.174195969 1.676513850 -2.453401308
 1.419000000 -0.089142805 -0.179080069 1.700160200 -2.408158444
 1.421000000 -0.085731348 -0.183874014 1.721991497 -2.363588992
 1.423000000 -0.082277098 -0.188579172 1.742108986 -2.319731395
 1.425000000 -0.078783434 -0.193196983 1.760610321 -2.276616586
 1.427000000 -0.075253539 -0.197728945 1.777589310 -2.234268795
 1.429000000 -0.071690413 -0.202176603 1.793135751 -2.192706292
 1.431000000 -0.068096879 -0.206541533 1.807335340 -2.151942091
 1.433000000 -0.064475588 -0.210825337 1.820269635 -2.111984581
 1.435000000 -0.060829032 -0.215029631 1.832016077 -2.072838109
 1.437000000 -0.057159549 -0.219156039 1.842648045 -2.034503504
 1.439000000 -0.053469333 -0.223206182 1.852234946 -1.996978559
 1.441000000 -0.049760440 -0.227181679 1.860842326 -1.960258452
 1.443000000 -0.046034800 -0.231084136 1.868531999 -1.924336131
 1.445000000 -0.042294217 -0.234915143 1.875362195 -1.889202657
 1.447000000 -0.038540383 -0.238676275 1.881387704 -1.854847504
 1.449000000 -0.034774880 -0.242369080 1.886660040 -1.821258829
 1.451000000 -0.030999191 -0.245995087 1.891227599 -1.788423709
 1.453000000 -0.027214702 -0.249555795 1.895135812 -1.756328350
 1.455000000 -0.023422710 -0.253052677 1.898427311 -1.724958266
 1.457000000 -0.019624428 -0.256487176 1.901142078 -1.694298442
 1.459000000 -0.015820991 -0.259860704 1.903317595 -1.664333473
 1.461000000 -0.012013459 -0.263174644 1.904988992 -1.635047682
 1.463000000 -0.008202824 -0.266430347 1.906189183 -1.606425226
 1.465000000 -0.004390013 -0.269629130 1.906949003 -1.578450186
 1.467000000 -0.000575891 -0.272772280 1.907297331 -1.551106643
 1.469000000 0.003238732 -0.275861054 1.907261213 -1.524378744
 1.471000000 0.007053100 -0.278896673 1.906865980 -1.498250758
 1.473000000 0.010866507 -0.281880331 1.906135349 -1.472707119
 1.475000000 0.014678294 -0.284813188 1.905091532 -1.447732473
 1.477000000 0.018487844 -0.287696374 1.903755327 -1.423311702
 1.479000000 0.022294583 -0.290530990 1.902146214 -1.399429956
 1.481000000 0.026097975 -0.293318106 1.900282436 -1.376072670
 1.483000000 0.029897517 -0.296058765 1.898181080 -1.353225585
 1.485000000 0.033692745 -0.298753980 1.895858152 -1.330874759
 1.487000000 0.037483221 -0.301404736 1.893328648 -1.309006575
 1.489000000 0.041268541 -0.304011992 1.890606617 -1.287607751
 1.491000000 0.045048325 -0.306576680 1.887705227 -1.266665340
 1.493000000 0.048822221 -0.309099707 1.884636816 -1.246166736
 1.495000000 0.052589902 -0.311581953 1.881412950 -1.226099673
 1.497000000 0.056351061 -0.314024277 1.878044475 -1.206452223
 1.499000000 0.060105415 -0.316427512 1.874541556 -1.187212793
 1.501000000 0.063852699 -0.318792467 1.870913729 -1.168370122
 1.503000000 0.067592668 -0.321119931 1.867169937 -1.149913278
 1.505000000 0.071325095 -0.323410671 1.863318570 -1.131831648
 1.507000000 0.075049769 -0.325665431 1.859367499 -1.114114938
 1.509000000 0.078766493 -0.327884936 1.855324110 -1.096753161
 1.511000000 0.082475088 -0.330069891 1.851195334 -1.079736635
 1.513000000 0.086175384 -0.332220983 1.846987679 -1.063055972
 1.515000000 0.089867228 -0.334338878 1.842707253 -1.046702073
 1.517000000 0.093550477 -0.336424225 1.838359790 -1.030666119
 1.519000000 0.097224999 -0.338477655 1.833950678 -1.014939564
 1.521000000 0.100890674 -0.340499785 1.829484972 -0.999514127
 1.523000000 0.104547392 -0.342491211 1.824967424 -0.984381786
 1.525000000 0.108195050 -0.344452515 1.820402495 -0.969534770
 1.527000000 0.111833556 -0.346384266 1.815794378 -0.954965546
 1.529000000 0.115462825 -0.348287015 1.811147011 -0.940666822
 1.531000000 0.119082782 -0.350161298 1.806464094 -0.926631531
 1.533000000 0.122693357 -0.352007640 1.801749105 -0.912852825
 1.535000000 0.126294486 -0.353826551 1.797005310 -0.899324073
 1.537000000 0.129886115 -0.355618526 1.792235781 -0.886038847
 1.539000000 0.133468193 -0.357384050 1.787443402 -0.872990924
 1.541000000 0.137040676 -0.359123595 1.782630886 -0.860174268
 1.543000000 0.140603525 -0.360837621 1.777800780 -0.847583035
 1.545000000 0.144156706 -0.362526574 1.772955478 -0.835211560
 1.547000000 0.147700189 -0.364190892 1.768097232 -0.823054351
 1.549000000 0.151233950 -0.365831001 1.763228156 -0.811106088
 1.551000000 0.154757968 -0.367447315 1.758350236 -0.799361611
 1.553000000 0.158272227 -0.369040241 1.753465339 -0.787815919
 1.555000000 0.161776713 -0.370610173 1.748575218 -0.776464164
 1.557000000 0.165271417 -0.372157497 1.743681521 -0.765301644
 1.559000000 0.168756333 -0.373682588 1.738785793 -0.754323798
 1.561000000 0.172231456 -0.375185815 1.733889488 -0.743526206
 1.563000000 0.175696787 -0.376667535 1.728993968 -0.732904575
 1.565000000 0.179152328 -0.378128098 1.724100513 -0.722454746
 1.567000000 0.182598083 -0.379567846 1.719210323 -0.712172679
 1.569000000 0.186034061 -0.380987112 1.714324525 -0.702054456
 1.571000000 0.189460269 -0.382386222 1.709444176 -0.692096273
 1.573000000 0.192876719 -0.383765494 1.704570264 -0.682294440
 1.575000000 0.196283426 -0.385125239 1.699703717 -0.672645372
 1.577000000 0.199680403 -0.386465762 1.694845404 -0.663145589
 1.579000000 0.203067668 -0.387787358 1.689996139 -0.653791712
 1.581000000 0.206445239 -0.389090318 1.685156683 -0.644580459
 1.583000000 0.209813137 -0.390374926 1.680327746 -0.635508643
 1.585000000 0.213171382 -0.391641459 1.675509995 -0.626573167
 1.587000000 0.216519997 -0.392890188 1.670704049 -0.617771020
 1.589000000 0.219859007 -0.394121378 1.665910489 -0.609099280
 1.591000000 0.223188436 -0.395335288 1.661129856 -0.600555103
 1.593000000 0.226508310 -0.396532173 1.656362651 -0.592135726
 1.595000000 0.229818657 -0.397712281 1.651609345 -0.583838465
 1.597000000 0.233119505 -0.398875854 1.646870371 -0.575660706
 1.599000000 0.236410881 -0.400023131 1.642146135 -0.567599911
 1.601000000 0.239692817 -0.401154343 1.637437011 -0.559653607
 1.603000000 0.242965342 -0.402269720 1.632743347 -0.551819393
 1.605000000 0.246228488 -0.403369483 1.628065462 -0.544094929
 1.607000000 0.249482286 -0.404453851 1.623403654 -0.536477941
 1.609000000 0.252726769 -0.405523038 1.618758195 -0.528966215
 1.611000000 0.255961969 -0.406577253 1.614129335 -0.521557594
 1.613000000 0.259187919 -0.407616702 1.609517303 -0.514249981
 1.615000000 0.262404654 -0.408641585 1.604922311 -0.507041332
 1.617000000 0.265612208 -0.409652100 1.600344548 -0.499929659
 1.619000000 0.268810614 -0.410648439 1.595784189 -0.492913024
 1.621000000 0.271999909 -0.411630792 1.591241390 -0.485989540
 1.623000000 0.275180127 -0.412599344 1.586716292 -0.479157368
 1.625000000 0.278351304 -0.413554276 1.582209022 -0.472414717
 1.627000000 0.281513475 -0.414495767 1.577719693 -0.465759842
 1.629000000 0.284666677 -0.415423992 1.573248403 -0.459191040
 1.631000000 0.287810944 -0.416339121 1.568795238 -0.452706655
 1.633000000 0.290946315 -0.417241324 1.564360275 -0.446305070
 1.635000000 0.294072825 -0.418130764 1.559943575 -0.439984707
 1.637000000 0.297190511 -0.419007603 1.555545193 -0.433744031
 1.639000000 0.300299409 -0.419872000 1.551165172 -0.427581542
 1.641000000 0.303399556 -0.420724111 1.546803545 -0.421495778
 1.643000000 0.306490989 -0.421564088 1.542460337 -0.415485313
 1.645000000 0.309573745 -0.422392081 1.538135565 -0.409548754
 1.647000000 0.312647861 -0.423208237 1.533829238 -0.403684745
 1.649000000 0.315713373 -0.424012702 1.529541357 -0.397891960
 1.651000000 0.318770319 -0.424805615 1.525271917 -0.392169104
 1.653000000 0.321818735 -0.425587118 1.521020905 -0.386514917
 1.655000000 0.324858658 -0.426357346 1.516788303 -0.380928163
 1.657000000 0.327890125 -0.427116434 1.512574087 -0.375407641
 1.659000000 0.330913173 -0.427864513 1.508378227 -0.369952174
 1.661000000 0.333927839 -0.428601714 1.504200689 -0.364560615
 1.663000000 0.336934158 -0.429328163 1.500041432 -0.359231842
 1.665000000 0.339932168 -0.430043986 1.495900413 -0.353964759
 1.667000000 0.342921905 -0.430749304 1.491777583 -0.348758295
 1.669000000 0.345903406 -0.431444240 1.487672889 -0.343611406
 1.671000000 0.348876706 -0.432128912 1.483586275 -0.338523069
 1.673000000 0.351841842 -0.432803435 1.479517682 -0.333492285
 1.675000000 0.354798850 -0.433467926 1.475467046 -0.328518077
 1.677000000 0.357747765 -0.434122496 1.471434302 -0.323599491
 1.679000000 0.360688624 -0.434767256 1.467419379 -0.318735593
 1.681000000 0.363621462 -0.435402315 1.463422207 -0.313925471
 1.683000000 0.366546315 -0.436027781 1.459442711 -0.309168231
 1.685000000 0.369463217 -0.436643759 1.455480814 -0.304463001
 1.687000000 0.372372204 -0.437250351 1.451536438 -0.299808926
 1.689000000 0.375273311 -0.437847661 1.447609501 -0.295205172
 1.691000000 0.378166574 -0.438435788 1.443699922 -0.290650921
 1.693000000 0.381052025 -0.439014831 1.439807616 -0.286145373
 1.695000000 0.383929701 -0.439584887 1.435932497 -0.281687745
 1.697000000 0.386799634 -0.440146051 1.432074477 -0.277277271
 1.699000000 0.389661861 -0.440698418 1.428233467 -0.272913201
 1.701000000 0.392516414 -0.441242080 1.424409378 -0.268594802
 1.703000000 0.395363327 -0.441777127 1.420602118 -0.264321354
 1.705000000 0.398202633 -0.442303650 1.416811595 -0.260092154
 1.707000000 0.401034368 -0.442821736 1.413037716 -0.255906513
 1.709000000 0.403858562 -0.443331472 1.409280386 -0.251763755
 1.711000000 0.406675251 -0.443832944 1.405539511 -0.247663221
 1.713000000 0.409484465 -0.444326236 1.401814996 -0.243604263
 1.715000000 0.412286239 -0.444811430 1.398106744 -0.239586245
 1.717000000 0.415080605 -0.445288609 1.394414659 -0.235608548
 1.719000000 0.417867594 -0.445757852 1.390738643 -0.231670562
 1.721000000 0.420647239 -0.446219239 1.387078600 -0.227771690
 1.723000000 0.423419572 -0.446672847 1.383434431 -0.223911348
 1.725000000 0.426184625 -0.447118754 1.379806038 -0.220088962
 1.727000000 0.428942429 -0.447557035 1.376193323 -0.216303972
 1.729000000 0.431693015 -0.447987764 1.372596188 -0.212555825
 1.731000000 0.434436415 -0.448411015 1.369014533 -0.208843983
 1.733000000 0.437172659 -0.448826861 1.365448261 -0.205167916
 1.735000000 0.439901778 -0.449235372 1.361897273 -0.201527104
 1.737000000 0.442623802 -0.449636619 1.358361469 -0.197921040
 1.739000000 0.445338763 -0.450030671 1.354840752 -0.194349222
 1.741000000 0.448046690 -0.450417596 1.351335022 -0.190811163
 1.743000000 0.450747613 -0.450797462 1.347844182 -0.187306381
 1.745000000 0.453441561 -0.451170335 1.344368134 -0.183834405
 1.747000000 0.456128565 -0.451536280 1.340906778 -0.180394773
 1.749000000 0.458808653 -0.451895361 1.337460018 -0.176987031
 1.751000000 0.461481855 -0.452247643 1.334027756 -0.173610734
 1.753000000 0.464148200 -0.452593188 1.330609894 -0.170265446
 1.755000000 0.466807716 -0.452932058 1.327206336 -0.166950736
 1.757000000 0.469460433 -0.453264313 1.323816985 -0.163666186
 1.759000000 0.472106377 -0.453590015 1.320441745 -0.160411380
 1.761000000 0.474745578 -0.453909221 1.317080520 -0.157185915
 1.763000000 0.477378064 -0.454221991 1.313733214 -0.153989391
 1.765000000 0.480003862 -0.454528382 1.310399732 -0.150821418
 1.767000000 0.482623000 -0.454828452 1.307079980 -0.147681612
 1.769000000 0.485235505 -0.455122256 1.303773863 -0.144569595
 1.771000000 0.487841405 -0.455409849 1.300481287 -0.141484999
 1.773000000 0.490440726 -0.455691287 1.297202159 -0.138427458
 1.775000000 0.493033496 -0.455966623 1.293936387 -0.135396616
 1.777000000 0.495619741 -0.456235911 1.290683878 -0.132392122
 1.779000000 0.498199487 -0.456499203 1.287444539 -0.129413632
 1.781000000 0.500772762 -0.456756550 1.284218281 -0.126460806
 1.783000000 0.503339590 -0.457008005 1.281005011 -0.123533312
 1.785000000 0.505899998 -0.457253617 1.277804639 -0.120630822
 1.787000000 0.508454012 -0.457493437 1.274617077 -0.117753017
 1.789000000 0.511001657 -0.457727513 1.271442233 -0.114899579
 1.791000000 0.513542959 -0.457955895 1.268280021 -0.112070198
 1.793000000 0.516077943 -0.458178629 1.265130352 -0.109264570
 1.795000000 0.518606633 -0.458395764 1.261993137 -0.106482394
 1.797000000 0.521129055 -0.458607347 1.258868291 -0.103723376
 1.799000000 0.523645234 -0.458813423 1.255755727 -0.100987225
 1.801000000 0.526155194 -0.459014038 1.252655358 -0.098273658
 1.803000000 0.528658959 -0.459209236 1.249567101 -0.095582393
 1.805000000 0.531156554 -0.459399064 1.246490869 -0.092913155
 1.807000000 0.533648002 -0.459583564 1.243426580 -0.090265673
 1.809000000 0.536133327 -0.459762779 1.240374149 -0.087639681
 1.811000000 0.538612554 -0.459936754 1.237333493 -0.085034916
 1.813000000 0.541085705 -0.460105529 1.234304531 -0.082451121
 1.815000000 0.543552804 -0.460269147 1.231287180 -0.079888042
 1.817000000 0.546013874 -0.460427649 1.228281360 -0.077345430
 1.819000000 0.548468938 -0.460581077 1.225286989 -0.074823038
 1.821000000 0.550918019 -0.460729469 1.222303988 -0.072320626
 1.823000000 0.553361140 -0.460872866 1.219332278 -0.069837957
 1.825000000 0.555798322 -0.461011308 1.216371780 -0.067374795
 1.827000000 0.558229590 -0.461144834 1.213422415 -0.064930912
 1.829000000 0.560654964 -0.461273481 1.210484106 -0.062506080
 1.831000000 0.563074467 -0.461397287 1.207556777 -0.060100077
 1.833000000 0.565488121 -0.461516292 1.204640350 -0.057712683
 1.835000000 0.567895948 -0.461630530 1.201734750 -0.055343683
 1.837000000 0.570297969 -0.461740040 1.198839901 -0.052992864
 1.839000000 0.572694205 -0.461844857 1.195955729 -0.050660016
 1.841000000 0.575084678 -0.461945017 1.193082161 -0.048344935
 1.843000000 0.577469410 -0.462040556 1.190219121 -0.046047416
 1.845000000 0.579848421 -0.462131509 1.187366539 -0.043767260
 1.847000000 0.582221731 -0.462217910 1.184524340 -0.041504271
 1.849000000 0.584589363 -0.462299793 1.181692454 -0.039258254
 1.851000000 0.586951336 -0.462377193 1.178870809 -0.037029020
 1.853000000 0.589307670 -0.462450143 1.176059335 -0.034816381
 1.855000000 0.591658387 -0.462518675 1.173257961 -0.032620150
 1.857000000 0.594003506 -0.462582823 1.170466618 -0.030440147
 1.859000000 0.596343047 -0.462642620 1.167685238 -0.028276192
 1.861000000 0.598677031 -0.462698096 1.164913751 -0.026128108
 1.863000000 0.601005476 -0.462749284 1.162152091 -0.023995720
 1.865000000 0.603328403 -0.462796215 1.159400189 -0.021878858
 1.867000000 0.605645831 -0.462838920 1.156657978 -0.019777352
 1.869000000 0.607957780 -0.462877430 1.153925394 -0.017691035
 1.871000000 0.610264268 -0.462911775 1.151202370 -0.015619744
 1.873000000 0.612565315 -0.462941984 1.148488841 -0.013563316
 1.875000000 0.614860939 -0.462968088 1.145784742 -0.011521593
 1.877000000 0.617151160 -0.462990116 1.143090010 -0.009494417
 1.879000000 0.619435996 -0.463008096 1.140404581 -0.007481634
 1.881000000 0.621715466 -0.463022059 1.137728391 -0.005483090
 1.883000000 0.623989588 -0.463032031 1.135061379 -0.003498636
 1.885000000 0.626258381 -0.463038041 1.132403482 -0.001528123
 1.887000000 0.628521862 -0.463040117 1.129754640 0.000428595
 1.889000000 0.630780050 -0.463038287 1.127114790 0.002371662
 1.891000000 0.633032964 -0.463032577 1.124483873 0.004301220
 1.893000000 0.635280619 -0.463023015 1.121861829 0.006217409
 1.895000000 0.637523035 -0.463009627 1.119248597 0.008120367
 1.897000000 0.639760229 -0.462992440 1.116644120 0.010010231
 1.899000000 0.641992218 -0.462971479 1.114048339 0.011887134
 1.901000000 0.644219020 -0.462946771 1.111461195 0.013751209
 1.903000000 0.646440652 -0.462918341 1.108882632 0.015602587
 1.905000000 0.648657131 -0.462886215 1.106312591 0.017441396
 1.907000000 0.650868475 -0.462850418 1.103751018 0.019267764
 1.909000000 0.653074699 -0.462810974 1.101197854 0.021081815
 1.911000000 0.655275821 -0.462767908 1.098653046 0.022883673
 1.913000000 0.657471858 -0.462721244 1.096116538 0.024673460
 1.915000000 0.659662826 -0.462671007 1.093588274 0.026451296
 1.917000000 0.661848742 -0.462617220 1.091068201 0.028217300
 1.919000000 0.664029621 -0.462559906 1.088556265 0.029971589
 1.921000000 0.666205481 -0.462499090 1.086052413 0.031714279
 1.923000000 0.668376337 -0.462434795 1.083556591 0.033445482
 1.925000000 0.670542205 -0.462367042 1.081068748 0.035165312
 1.927000000 0.672703101 -0.462295856 1.078588830 0.036873879
 1.929000000 0.674859042 -0.462221258 1.076116787 0.038571293
 1.931000000 0.677010043 -0.462143271 1.073652568 0.040257662
 1.933000000 0.679156119 -0.462061917 1.071196121 0.041933093
 1.935000000 0.681297285 -0.461977217 1.068747395 0.043597690
 1.937000000 0.683433559 -0.461889193 1.066306343 0.045251557
 1.939000000 0.685564954 -0.461797867 1.063872912 0.046894797
 1.941000000 0.687691486 -0.461703260 1.061447056 0.048527511
 1.943000000 0.689813170 -0.461605393 1.059028724 0.050149799
 1.945000000 0.691930021 -0.461504286 1.056617869 0.051761759
 1.947000000 0.694042054 -0.461399960 1.054214442 0.053363488
 1.949000000 0.696149284 -0.461292436 1.051818396 0.054955083
 1.951000000 0.698251725 -0.461181734 1.049429685 0.056536638
 1.953000000 0.700349393 -0.461067873 1.047048260 0.058108248
 1.955000000 0.702442302 -0.460950875 1.044674077 0.059670003
 1.957000000 0.704530465 -0.460830758 1.042307088 0.061221996
 1.959000000 0.706613899 -0.460707541 1.039947248 0.062764317
 1.961000000 0.708692616 -0.460581245 1.037594513 0.064297054
 1.963000000 0.710766631 -0.460451888 1.035248836 0.065820296
 1.965000000 0.712835959 -0.460319489 1.032910175 0.067334129
 1.967000000 0.714900612 -0.460184068 1.030578483 0.068838639
 1.969000000 0.716960606 -0.460045642 1.028253719 0.070333910
 1.971000000 0.719015954 -0.459904230 1.025935837 0.071820026
 1.973000000 0.721066669 -0.459759850 1.023624796 0.073297070
 1.975000000 0.723112766 -0.459612521 1.021320553 0.074765123
 1.977000000 0.725154257 -0.459462260 1.019023064 0.076224266
 1.979000000 0.727191157 -0.459309085 1.016732289 0.077674578
 1.981000000 0.729223479 -0.459153014 1.014448184 0.079116137
 1.983000000 0.731251236 -0.458994064 1.012170710 0.080549022
 1.985000000 0.733274441 -0.458832253 1.009899825 0.081973309
 1.987000000 0.735293107 -0.458667597 1.007635488 0.083389074
 1.989000000 0.737307249 -0.458500115 1.005377660 0.084796392
 1.991000000 0.739316878 -0.458329821 1.003126299 0.086195336
 1.993000000 0.741322007 -0.458156734 1.000881366 0.087585980
 1.995000000 0.743322650 -0.457980870 0.998642822 0.088968396
 1.997000000 0.745318818 -0.457802245 0.996410627 0.090342655
 1.999000000 0.747310526 -0.457620876 0.994184744 0.091708828
 2.001000000 0.749297785 -0.457436778 0.991965132 0.093066984
 2.003000000 0.751280608 -0.457249968 0.989751756 0.094417193
 2.005000000 0.753259007 -0.457060461 0.987544575 0.095759522
 2.007000000 0.755232995 -0.456868274 0.985343553 0.097094039
 2.009000000 0.757202583 -0.456673422 0.983148653 0.098420809
 2.011000000 0.759167786 -0.456475920 0.980959838 0.099739900
 2.013000000 0.761128613 -0.456275783 0.978777070 0.101051375
 2.015000000 0.763085078 -0.456073027 0.976600314 0.102355299
 2.017000000 0.765037193 -0.455867668 0.974429534 0.103651736
 2.019000000 0.766984969 -0.455659719 0.972264693 0.104940747
 2.021000000 0.768928418 -0.455449196 0.970105756 0.106222396
 2.023000000 0.770867552 -0.455236113 0.967952688 0.107496743
 2.025000000 0.772802383 -0.455020485 0.965805454 0.108763849
 2.027000000 0.774732922 -0.454802326 0.963664019 0.110023773
 2.029000000 0.776659182 -0.454581651 0.961528348 0.111276576
 2.031000000 0.778581173 -0.454358474 0.959398409 0.112522316
 2.033000000 0.780498907 -0.454132810 0.957274166 0.113761050
 2.035000000 0.782412395 -0.453904671 0.955155586 0.114992835
 2.037000000 0.784321649 -0.453674072 0.953042635 0.116217730
 2.039000000 0.786226680 -0.453441026 0.950935282 0.117435788
 2.041000000 0.788127499 -0.453205548 0.948833492 0.118647067
 2.043000000 0.790024117 -0.452967651 0.946737233 0.119851620
 2.045000000 0.791916546 -0.452727348 0.944646472 0.121049501
 2.047000000 0.793804795 -0.452484653 0.942561179 0.122240765
 2.049000000 0.795688877 -0.452239578 0.940481320 0.123425464
 2.051000000 0.797568802 -0.451992137 0.938406864 0.124603650
 2.053000000 0.799444580 -0.451742343 0.936337780 0.125775376
 2.055000000 0.801316223 -0.451490209 0.934274036 0.126940692
 2.057000000 0.803183742 -0.451235747 0.932215603 0.128099650
 2.059000000 0.805047145 -0.450978971 0.930162448 0.129252299
 2.061000000 0.806906446 -0.450719892 0.928114542 0.130398688
 2.063000000 0.808761653 -0.450458524 0.926071855 0.131538868
 2.065000000 0.810612777 -0.450194878 0.924034356 0.132672886
 2.067000000 0.812459829 -0.449928968 0.922002015 0.133800791
 2.069000000 0.814302819 -0.449660805 0.919974804 0.134922630
 2.071000000 0.816141757 -0.449390401 0.917952693 0.136038450
 2.073000000 0.817976653 -0.449117768 0.915935653 0.137148297
 2.075000000 0.819807518 -0.448842919 0.913923655 0.138252218
 2.077000000 0.821634361 -0.448565865 0.911916670 0.139350258
 2.079000000 0.823457193 -0.448286617 0.909914670 0.140442461
 2.081000000 0.825276023 -0.448005189 0.907917626 0.141528874
 2.083000000 0.827090861 -0.447721590 0.905925512 0.142609539
 2.085000000 0.828901718 -0.447435833 0.903938298 0.143684500
 2.087000000 0.830708603 -0.447147928 0.901955958 0.144753800
 2.089000000 0.832511526 -0.446857888 0.899978464 0.145817483
 2.091000000 0.834310496 -0.446565723 0.898005788 0.146875590
 2.093000000 0.836105523 -0.446271445 0.896037904 0.147928164
 2.095000000 0.837896616 -0.445975065 0.894074786 0.148975245
 2.097000000 0.839683786 -0.445676593 0.892116405 0.150016874
 2.099000000 0.841467041 -0.445376040 0.890162737 0.151053093
 2.101000000 0.843246392 -0.445073418 0.888213755 0.152083941
 2.103000000 0.845021847 -0.444768737 0.886269432 0.153109458
 2.105000000 0.846793415 -0.444462007 0.884329744 0.154129684
 2.107000000 0.848561106 -0.444153239 0.882394664 0.155144657
 2.109000000 0.850324930 -0.443842444 0.880464167 0.156154415
 2.111000000 0.852084895 -0.443529633 0.878538227 0.157158998
 2.113000000 0.853841010 -0.443214814 0.876616821 0.158158442
 2.115000000 0.855593285 -0.442898000 0.874699922 0.159152786
 2.117000000 0.857341728 -0.442579199 0.872787506 0.160142065
 2.119000000 0.859086348 -0.442258422 0.870879549 0.161126317
 2.121000000 0.860827155 -0.441935679 0.868976026 0.162105579
 2.123000000 0.862564157 -0.441610980 0.867076913 0.163079885
 2.125000000 0.864297363 -0.441284335 0.865182186 0.164049271
 2.127000000 0.866026781 -0.440955754 0.863291821 0.165013774
 2.129000000 0.867752421 -0.440625246 0.861405795 0.165973426
 2.131000000 0.869474292 -0.440292821 0.859524084 0.166928264
 2.133000000 0.871192401 -0.439958489 0.857646664 0.167878321
 2.135000000 0.872906757 -0.439622259 0.855773513 0.168823630
 2.137000000 0.874617369 -0.439284141 0.853904608 0.169764227
 2.139000000 0.876324245 -0.438944144 0.852039925 0.170700142
 2.141000000 0.878027394 -0.438602277 0.850179442 0.171631411
 2.143000000 0.879726825 -0.438258550 0.848323137 0.172558064
 2.145000000 0.881422544 -0.437912973 0.846470987 0.173480135
 2.147000000 0.883114562 -0.437565553 0.844622970 0.174397654
 2.149000000 0.884802885 -0.437216301 0.842779064 0.175310655
 2.151000000 0.886487523 -0.436865225 0.840939248 0.176219167
 2.153000000 0.888168483 -0.436512334 0.839103498 0.177123222
 2.155000000 0.889845774 -0.436157637 0.837271794 0.178022851
 2.157000000 0.891519403 -0.435801143 0.835444115 0.178918085
 2.159000000 0.893189379 -0.435442861 0.833620439 0.179808952
 2.161000000 0.894855709 -0.435082799 0.831800744 0.180695483
 2.163000000 0.896518402 -0.434720966 0.829985011 0.181577708
 2.165000000 0.898177466 -0.434357372 0.828173218 0.182455656
 2.167000000 0.899832908 -0.433992023 0.826365344 0.183329355
 2.169000000 0.901484736 -0.433624929 0.824561369 0.184198835
 2.171000000 0.903132958 -0.433256098 0.822761272 0.185064124
 2.173000000 0.904777582 -0.432885539 0.820965034 0.185925250
 2.175000000 0.906418616 -0.432513259 0.819172633 0.186782241
 2.177000000 0.908056066 -0.432139268 0.817384051 0.187635125
 2.179000000 0.909689942 -0.431763573 0.815599267 0.188483929
 2.181000000 0.911320249 -0.431386182 0.813818261 0.189328680
 2.183000000 0.912946996 -0.431007104 0.812041014 0.190169405
 2.185000000 0.914570191 -0.430626346 0.810267507 0.191006131
 2.187000000 0.916189841 -0.430243917 0.808497719 0.191838884
 2.189000000 0.917805953 -0.429859824 0.806731633 0.192667691
 2.191000000 0.919418535 -0.429474076 0.804969228 0.193492576
 2.193000000 0.921027593 -0.429086680 0.803210486 0.194313567
 2.195000000 0.922633136 -0.428697644 0.801455388 0.195130688
 2.197000000 0.924235171 -0.428306975 0.799703916 0.195943964
 2.199000000 0.925833704 -0.427914682 0.797956051 0.196753421
 2.201000000 0.927428744 -0.427520772 0.796211773 0.197559083
 2.203000000 0.929020296 -0.427125252 0.794471066 0.198360975
 2.205000000 0.930608370 -0.426728131 0.792733911 0.199159121
 2.207000000 0.932192970 -0.426329415 0.791000290 0.199953546
 2.209000000 0.933774105 -0.425929112 0.789270184 0.200744272
 2.211000000 0.935351782 -0.425527229 0.787543577 0.201531324
 2.213000000 0.936926007 -0.425123775 0.785820450 0.202314726
 2.215000000 0.938496788 -0.424718755 0.784100785 0.203094499
 2.217000000 0.940064131 -0.424312177 0.782384566 0.203870669
 2.219000000 0.941628043 -0.423904049 0.780671775 0.204643256
 2.221000000 0.943188531 -0.423494378 0.778962394 0.205412285
 2.223000000 0.944745603 -0.423083170 0.777256407 0.206177776
 2.225000000 0.946299264 -0.422670433 0.775553796 0.206939754
 2.227000000 0.947849521 -0.422256174 0.773854545 0.207698239
 2.229000000 0.949396382 -0.421840399 0.772158637 0.208453253
 2.231000000 0.950939853 -0.421423117 0.770466054 0.209204818
 2.233000000 0.952479940 -0.421004333 0.768776781 0.209952956
 2.235000000 0.954016650 -0.420584054 0.767090801 0.210697688
 2.237000000 0.955549990 -0.420162287 0.765408097 0.211439035
 2.239000000 0.957079966 -0.419739040 0.763728654 0.212177017
 2.241000000 0.958606585 -0.419314318 0.762052455 0.212911656
 2.243000000 0.960129853 -0.418888129 0.760379484 0.213642972
 2.245000000 0.961649776 -0.418460478 0.758709725 0.214370986
 2.247000000 0.963166362 -0.418031374 0.757043163 0.215095717
 2.249000000 0.964679616 -0.417600821 0.755379781 0.215817185
 2.251000000 0.966189545 -0.417168827 0.753719564 0.216535411
 2.253000000 0.967696156 -0.416735398 0.752062496 0.217250414
 2.255000000 0.969199453 -0.416300541 0.750408562 0.217962214
 2.257000000 0.970699445 -0.415864262 0.748757746 0.218670830
 2.259000000 0.972196136 -0.415426567 0.747110034 0.219376281
 2.261000000 0.973689533 -0.414987463 0.745465409 0.220078586
 2.263000000 0.975179643 -0.414546956 0.743823858 0.220777764
 2.265000000 0.976666471 -0.414105052 0.742185364 0.221473834
 2.267000000 0.978150024 -0.413661758 0.740549914 0.222166814
 2.269000000 0.979630307 -0.413217079 0.738917492 0.222856723
 2.271000000 0.981107327 -0.412771021 0.737288084 0.223543578
 2.273000000 0.982581089 -0.412323592 0.735661674 0.224227398
 2.275000000 0.984051601 -0.411874796 0.734038250 0.224908201
 2.277000000 0.985518866 -0.411424641 0.732417795 0.225586005
 2.279000000 0.986982893 -0.410973131 0.730800296 0.226260827
 2.281000000 0.988443686 -0.410520273 0.729185738 0.226932685
 2.283000000 0.989901251 -0.410066073 0.727574108 0.227601595
 2.285000000 0.991355595 -0.409610536 0.725965391 0.228267576
 2.287000000 0.992806722 -0.409153669 0.724359573 0.228930644
 2.289000000 0.994254639 -0.408695477 0.722756641 0.229590816
 2.291000000 0.995699352 -0.408235967 0.721156580 0.230248110
 2.293000000 0.997140867 -0.407775143 0.719559377 0.230902540
 2.295000000 0.998579188 -0.407313012 0.717965018 0.231554125
 2.297000000 1.000014322 -0.406849579 0.716373490 0.232202880
 2.299000000 1.001446274 -0.406384850 0.714784779 0.232848822
 2.301000000 1.002875050 -0.405918830 0.713198872 0.233491966
 2.303000000 1.004300656 -0.405451526 0.711615755 0.234132329
 2.305000000 1.005723097 -0.404982942 0.710035415 0.234769927
 2.307000000 1.007142379 -0.404513084 0.708457840 0.235404774
 2.309000000 1.008558507 -0.404041958 0.706883015 0.236036888
 2.311000000 1.009971486 -0.403569570 0.705310928 0.236666282
 2.313000000 1.011381323 -0.403095923 0.703741566 0.237292974
 2.315000000 1.012788023 -0.402621025 0.702174917 0.237916977
 2.317000000 1.014191590 -0.402144880 0.700610967 0.238538306
 2.319000000 1.015592031 -0.401667494 0.699049703 0.239156978
 2.321000000 1.016989351 -0.401188871 0.697491114 0.239773006
 2.323000000 1.018383555 -0.400709018 0.695935186 0.240386406
 2.325000000 1.019774648 -0.400227940 0.694381907 0.240997191
 2.327000000 1.021162636 -0.399745641 0.692831265 0.241605377
 2.329000000 1.022547525 -0.399262127 0.691283247 0.242210978
 2.331000000 1.023929318 -0.398777403 0.689737842 0.242814008
 2.333000000 1.025308022 -0.398291475 0.688195036 0.243414481
 2.335000000 1.026683642 -0.397804347 0.686654818 0.244012411
 2.337000000 1.028056182 -0.397316024 0.685117176 0.244607812
 2.339000000 1.029425649 -0.396826511 0.683582098 0.245200699
 2.341000000 1.030792046 -0.396335814 0.682049572 0.245791084
 2.343000000 1.032155380 -0.395843938 0.680519586 0.246378982
 2.345000000 1.033515655 -0.395350887 0.678992128 0.246964405
 2.347000000 1.034872877 -0.394856666 0.677467187 0.247547367
 2.349000000 1.036227050 -0.394361281 0.675944751 0.248127882
 2.351000000 1.037578179 -0.393864736 0.674424809 0.248705963
 2.353000000 1.038926269 -0.393367036 0.672907348 0.249281622
 2.355000000 1.040271326 -0.392868186 0.671392358 0.249854873
 2.357000000 1.041613354 -0.392368190 0.669879828 0.250425729
 2.359000000 1.042952359 -0.391867054 0.668369745 0.250994202
 2.361000000 1.044288344 -0.391364783 0.666862099 0.251560305
 2.363000000 1.045621315 -0.390861380 0.665356879 0.252124051
 2.365000000 1.046951277 -0.390356851 0.663854073 0.252685452
 2.367000000 1.048278235 -0.389851200 0.662353671 0.253244521
 2.369000000 1.049602193 -0.389344432 0.660855661 0.253801269
 2.371000000 1.050923156 -0.388836552 0.659360032 0.254355709
 2.373000000 1.052241129 -0.388327564 0.657866775 0.254907854
 2.375000000 1.053556117 -0.387817474 0.656375877 0.255457715
 2.377000000 1.054868124 -0.387306284 0.654887328 0.256005304
 2.379000000 1.056177156 -0.386794001 0.653401118 0.256550632
 2.381000000 1.057483216 -0.386280627 0.651917236 0.257093713
 2.383000000 1.058786309 -0.385766169 0.650435672 0.257634557
 2.385000000 1.060086440 -0.385250631 0.648956414 0.258173175
 2.387000000 1.061383615 -0.384734016 0.647479453 0.258709580
 2.389000000 1.062677836 -0.384216329 0.646004777 0.259243783
 2.391000000 1.063969109 -0.383697575 0.644532378 0.259775795
 2.393000000 1.065257438 -0.383177759 0.643062244 0.260305628
 2.395000000 1.066542829 -0.382656883 0.641594366 0.260833292
 2.397000000 1.067825284 -0.382134954 0.640128732 0.261358798
 2.399000000 1.069104810 -0.381611974 0.638665334 0.261882158
 2.401000000 1.070381410 -0.381087949 0.637204161 0.262403383
 2.403000000 1.071655088 -0.380562882 0.635745203 0.262922483
 2.405000000 1.072925850 -0.380036779 0.634288450 0.263439469
 2.407000000 1.074193699 -0.379509642 0.632833892 0.263954351
 2.409000000 1.075458641 -0.378981477 0.631381520 0.264467141
 2.411000000 1.076720678 -0.378452287 0.629931324 0.264977848
 2.413000000 1.077979817 -0.377922076 0.628483294 0.265486484
 2.415000000 1.079236060 -0.377390850 0.627037420 0.265993058
 2.417000000 1.080489413 -0.376858611 0.625593692 0.266497581
 2.419000000 1.081739879 -0.376325365 0.624152103 0.267000063
 2.421000000 1.082987463 -0.375791114 0.622712640 0.267500514
 2.423000000 1.084232170 -0.375255864 0.621275296 0.267998945
 2.425000000 1.085474002 -0.374719617 0.619840061 0.268495364
 2.427000000 1.086712966 -0.374182379 0.618406926 0.268989783
 2.429000000 1.087949064 -0.373644153 0.616975881 0.269482211
 2.431000000 1.089182301 -0.373104943 0.615546917 0.269972657
 2.433000000 1.090412681 -0.372564753 0.614120024 0.270461131
 2.435000000 1.091640208 -0.372023588 0.612695194 0.270947644
 2.437000000 1.092864887 -0.371481450 0.611272418 0.271432204
 2.439000000 1.094086721 -0.370938344 0.609851686 0.271914821
 2.441000000 1.095305715 -0.370394274 0.608432990 0.272395505
 2.443000000 1.096521872 -0.369849243 0.607016321 0.272874264
 2.445000000 1.097735197 -0.369303256 0.605601669 0.273351109
 2.447000000 1.098945694 -0.368756316 0.604189025 0.273826048
 2.449000000 1.100153367 -0.368208427 0.602778382 0.274299090
 2.451000000 1.101358219 -0.367659593 0.601369730 0.274770245
 2.453000000 1.102560255 -0.367109818 0.599963061 0.275239521
 2.455000000 1.103759478 -0.366559105 0.598558365 0.275706928
 2.457000000 1.104955893 -0.366007458 0.597155634 0.276172474
 2.459000000 1.106149504 -0.365454881 0.595754860 0.276636169
 2.461000000 1.107340314 -0.364901377 0.594356034 0.277098021
 2.463000000 1.108528327 -0.364346951 0.592959148 0.277558038
 2.465000000 1.109713548 -0.363791606 0.591564193 0.278016230
 2.467000000 1.110895980 -0.363235345 0.590171160 0.278472604
 2.469000000 1.112075626 -0.362678172 0.588780042 0.278927171
 2.471000000 1.113252491 -0.362120091 0.587390829 0.279379937
 2.473000000 1.114426579 -0.361561105 0.586003515 0.279830911
 2.475000000 1.115597893 -0.361001219 0.584618089 0.280280102
 2.477000000 1.116766437 -0.360440435 0.583234545 0.280727519
 2.479000000 1.117932215 -0.359878757 0.581852875 0.281173168
 2.481000000 1.119095231 -0.359316188 0.580473069 0.281617059
 2.483000000 1.120255488 -0.358752733 0.579095120 0.282059199
 2.485000000 1.121412990 -0.358188394 0.577719020 0.282499597
 2.487000000 1.122567741 -0.357623175 0.576344761 0.282938261
 2.489000000 1.123719744 -0.357057080 0.574972335 0.283375198
 2.491000000 1.124869003 -0.356490112 0.573601734 0.283810416
 2.493000000 1.126015522 -0.355922274 0.572232950 0.284243924
 2.495000000 1.127159304 -0.355353570 0.570865975 0.284675729
 2.497000000 1.128300353 -0.354784003 0.569500803 0.285105839
 2.499000000 1.129438673 -0.354213577 0.568137423 0.285534261
 2.501000000 1.130574266 -0.353642295 0.566775830 0.285961003
 2.503000000 1.131707138 -0.353070160 0.565416016 0.286386073
 2.505000000 1.132837291 -0.352497176 0.564057972 0.286809479
 2.507000000 1.133964728 -0.351923346 0.562701691 0.287231227
 2.509000000 1.135089454 -0.351348673 0.561347166 0.287651325
 2.511000000 1.136211472 -0.350773161 0.559994389 0.288069780
 2.513000000 1.137330785 -0.350196813 0.558643352 0.288486601
 2.515000000 1.138447397 -0.349619632 0.557294049 0.288901793
 2.517000000 1.139561311 -0.349041622 0.555946472 0.289315365
 2.519000000 1.140672531 -0.348462785 0.554600613 0.289727324
 2.521000000 1.141781060 -0.347883125 0.553256464 0.290137676
 2.523000000 1.142886901 -0.347302645 0.551914020 0.290546428
 2.525000000 1.143990059 -0.346721348 0.550573272 0.290953589
 2.527000000 1.145090535 -0.346139238 0.549234213 0.291359164
 2.529000000 1.146188335 -0.345556317 0.547896836 0.291763161
 2.531000000 1.147283461 -0.344972590 0.546561134 0.292165586
 2.533000000 1.148375916 -0.344388058 0.545227100 0.292566447
 2.535000000 1.149465703 -0.343802725 0.543894727 0.292965750
 2.537000000 1.150552827 -0.343216595 0.542564007 0.293363502
 2.539000000 1.151637291 -0.342629669 0.541234933 0.293759710
 2.541000000 1.152719097 -0.342041952 0.539907499 0.294154380
 2.543000000 1.153798248 -0.341453447 0.538581698 0.294547519
 2.545000000 1.154874750 -0.340864156 0.537257522 0.294939133
 2.547000000 1.155948603 -0.340274082 0.535934965 0.295329230
 2.549000000 1.157019812 -0.339683229 0.534614020 0.295717815
 2.551000000 1.158088381 -0.339091600 0.533294680 0.296104895
 2.553000000 1.159154311 -0.338499197 0.531976938 0.296490476
 2.555000000 1.160217606 -0.337906024 0.530660787 0.296874566
 2.557000000 1.161278271 -0.337312083 0.529346222 0.297257169
 2.559000000 1.162336306 -0.336717378 0.528033234 0.297638293
 2.561000000 1.163391717 -0.336121912 0.526721818 0.298017943
 2.563000000 1.164444505 -0.335525687 0.525411967 0.298396126
 2.565000000 1.165494675 -0.334928706 0.524103674 0.298772848
 2.567000000 1.166542229 -0.334330972 0.522796932 0.299148115
 2.569000000 1.167587170 -0.333732489 0.521491735 0.299521934
 2.571000000 1.168629501 -0.333133259 0.520188077 0.299894309
 2.573000000 1.169669226 -0.332533284 0.518885951 0.300265248
 2.575000000 1.170706348 -0.331932569 0.517585351 0.300634756
 2.577000000 1.171740869 -0.331331115 0.516286270 0.301002839
 2.579000000 1.172772792 -0.330728926 0.514988701 0.301369503
 2.581000000 1.173802121 -0.330126004 0.513692639 0.301734753
 2.583000000 1.174828859 -0.329522353 0.512398077 0.302098597
 2.585000000 1.175853009 -0.328917974 0.511105008 0.302461038
 2.587000000 1.176874573 -0.328312871 0.509813427 0.302822084
 2.589000000 1.177893554 -0.327707047 0.508523328 0.303181739
 2.591000000 1.178909956 -0.327100504 0.507234703 0.303540010
 2.593000000 1.179923782 -0.326493246 0.505947547 0.303896903
 2.595000000 1.180935034 -0.325885274 0.504661854 0.304252421
 2.597000000 1.181943715 -0.325276592 0.503377617 0.304606572
 2.599000000 1.182949829 -0.324667202 0.502094831 0.304959361
 2.601000000 1.183953378 -0.324057108 0.500813488 0.305310793
 2.603000000 1.184954365 -0.323446311 0.499533585 0.305660873
 2.605000000 1.185952793 -0.322834814 0.498255113 0.306009608
 2.607000000 1.186948664 -0.322222621 0.496978068 0.306357002
 2.609000000 1.187941982 -0.321609734 0.495702443 0.306703061
 2.611000000 1.188932750 -0.320996156 0.494428232 0.307047790
 2.613000000 1.189920970 -0.320381888 0.493155429 0.307391194
 2.615000000 1.190906645 -0.319766935 0.491884029 0.307733279
 2.617000000 1.191889778 -0.319151297 0.490614026 0.308074049
 2.619000000 1.192870371 -0.318534979 0.489345413 0.308413511
 2.621000000 1.193848428 -0.317917983 0.488078186 0.308751669
 2.623000000 1.194823951 -0.317300311 0.486812337 0.309088527
 2.625000000 1.195796944 -0.316681966 0.485547862 0.309424093
 2.627000000 1.196767408 -0.316062951 0.484284755 0.309758369
 2.629000000 1.197735346 -0.315443267 0.483023010 0.310091362
 2.631000000 1.198700762 -0.314822919 0.481762620 0.310423076
 2.633000000 1.199663657 -0.314201907 0.480503582 0.310753517
 2.635000000 1.200624036 -0.313580235 0.479245888 0.311082689
 2.637000000 1.201581899 -0.312957906 0.477989534 0.311410596
 2.639000000 1.202537250 -0.312334921 0.476734514 0.311737245
 2.641000000 1.203490092 -0.311711284 0.475480821 0.312062640
 2.643000000 1.204440428 -0.311086996 0.474228452 0.312386785
 2.645000000 1.205388259 -0.310462061 0.472977399 0.312709685
 2.647000000 1.206333589 -0.309836481 0.471727658 0.313031346
 2.649000000 1.207276420 -0.309210258 0.470479224 0.313351771
 2.651000000 1.208216754 -0.308583394 0.469232090 0.313670966
 2.653000000 1.209154595 -0.307955893 0.467986251 0.313988935
 2.655000000 1.210089945 -0.307327757 0.466741702 0.314305682
 2.657000000 1.211022807 -0.306698988 0.465498438 0.314621213
 2.659000000 1.211953183 -0.306069588 0.464256452 0.314935532
 2.661000000 1.212881075 -0.305439560 0.463015741 0.315248643
 2.663000000 1.213806487 -0.304808907 0.461776298 0.315560551
 2.665000000 1.214729420 -0.304177630 0.460538118 0.315871261
 2.667000000 1.215649878 -0.303545733 0.459301196 0.316180776
 2.669000000 1.216567862 -0.302913217 0.458065527 0.316489102
 2.671000000 1.217483376 -0.302280085 0.456831106 0.316796242
 2.673000000 1.218396421 -0.301646339 0.455597927 0.317102201
 2.675000000 1.219307001 -0.301011982 0.454365984 0.317406984
 2.677000000 1.220215117 -0.300377016 0.453135274 0.317710595
 2.679000000 1.221120773 -0.299741444 0.451905791 0.318013037
 2.681000000 1.222023970 -0.299105267 0.450677529 0.318314316
 2.683000000 1.222924712 -0.298468488 0.449450484 0.318614435
 2.685000000 1.223823000 -0.297831110 0.448224650 0.318913399
 2.687000000 1.224718837 -0.297193134 0.447000023 0.319211212
 2.689000000 1.225612225 -0.296554563 0.445776597 0.319507877
 2.691000000 1.226503167 -0.295915399 0.444554368 0.319803401
 2.693000000 1.227391665 -0.295275645 0.443333330 0.320097785
 2.695000000 1.228277721 -0.294635303 0.442113478 0.320391035
 2.697000000 1.229161339 -0.293994375 0.440894809 0.320683154
 2.699000000 1.230042520 -0.293352863 0.439677315 0.320974146
 2.701000000 1.230921266 -0.292710769 0.438460994 0.321264017
 2.703000000 1.231797580 -0.292068097 0.437245839 0.321552768
 2.705000000 1.232671465 -0.291424847 0.436031846 0.321840405
 2.707000000 1.233542922 -0.290781023 0.434819010 0.322126932
 2.709000000 1.234411954 -0.290136626 0.433607327 0.322412351
 2.711000000 1.235278563 -0.289491659 0.432396791 0.322696668
 2.713000000 1.236142752 -0.288846124 0.431187397 0.322979886
 2.715000000 1.237004522 -0.288200023 0.429979141 0.323262009
