 t x y vx vy
 0.000000100 1.000000000 0.000000050 -0.000000100 0.500000000
 0.002714100 0.999996317 0.001357048 -0.002714104 0.499998158
 0.005428100 0.999985268 0.002714037 -0.005428133 0.499992634
 0.008142100 0.999966853 0.004071005 -0.008142212 0.499983426
 0.010856100 0.999941072 0.005427943 -0.010856367 0.499970535
 0.013570100 0.999907925 0.006784842 -0.013570621 0.499953959
 0.016284100 0.999867411 0.008141690 -0.016285000 0.499933699
 0.018998100 0.999819530 0.009498479 -0.018999529 0.499909753
 0.021712100 0.999764282 0.010855197 -0.021714233 0.499882120
 0.024426100 0.999701665 0.012211835 -0.024429137 0.499850799
 0.027140100 0.999631681 0.013568384 -0.027144266 0.499815789
 0.029854100 0.999554326 0.014924832 -0.029859645 0.499777089
 0.032568100 0.999469602 0.016281170 -0.032575299 0.499734696
 0.035282100 0.999377508 0.017637389 -0.035291254 0.499688608
 0.037996100 0.999278042 0.018993477 -0.038007534 0.499638825
 0.040710100 0.999171203 0.020349425 -0.040724164 0.499585344
 0.043424100 0.999056991 0.021705223 -0.043441169 0.499528162
 0.046138100 0.998935404 0.023060860 -0.046158576 0.499467277
 0.048852100 0.998806442 0.024416328 -0.048876408 0.499402686
 0.051566100 0.998670103 0.025771615 -0.051594691 0.499334387
 0.054280100 0.998526386 0.027126712 -0.054313451 0.499262378
 0.056994100 0.998375289 0.028481608 -0.057032711 0.499186654
 0.059708100 0.998216812 0.029836293 -0.059752499 0.499107212
 0.062422100 0.998050952 0.031190758 -0.062472838 0.499024050
 0.065136100 0.997877709 0.032544992 -0.065193755 0.498937163
 0.067850100 0.997697080 0.033898986 -0.067915274 0.498846548
 0.070564100 0.997509065 0.035252728 -0.070637421 0.498752201
 0.073278100 0.997313660 0.036606209 -0.073360221 0.498654118
 0.075992100 0.997110865 0.037959419 -0.076083700 0.498552296
 0.078706100 0.996900677 0.039312348 -0.078807884 0.498446728
 0.081420100 0.996683095 0.040664985 -0.081532796 0.498337412
 0.084134100 0.996458117 0.042017320 -0.084258465 0.498224342
 0.086848100 0.996225740 0.043369343 -0.086984913 0.498107513
 0.089562100 0.995985962 0.044721044 -0.089712169 0.497986921
 0.092276100 0.995738782 0.046072413 -0.092440256 0.497862560
 0.094990100 0.995484196 0.047423439 -0.095169201 0.497734425
 0.097704100 0.995222203 0.048774112 -0.097899029 0.497602510
 0.100418100 0.994952800 0.050124422 -0.100629767 0.497466811
 0.103132100 0.994675984 0.051474358 -0.103361439 0.497327320
 0.105846100 0.994391753 0.052823911 -0.106094072 0.497184032
 0.108560100 0.994100105 0.054173070 -0.108827692 0.497036941
 0.111274100 0.993801036 0.055521824 -0.111562325 0.496886040
 0.113988100 0.993494544 0.056870164 -0.114297997 0.496731324
 0.116702100 0.993180626 0.058218078 -0.117034733 0.496572784
 0.119416100 0.992859279 0.059565557 -0.119772560 0.496410415
 0.122130100 0.992530500 0.060912591 -0.122511505 0.496244209
 0.124844100 0.992194285 0.062259167 -0.125251592 0.496074160
 0.127558100 0.991850633 0.063605278 -0.127992849 0.495900259
 0.130272100 0.991499539 0.064950911 -0.130735302 0.495722499
 0.132986100 0.991141001 0.066296056 -0.133478978 0.495540873
 0.135700100 0.990775015 0.067640703 -0.136223902 0.495355372
 0.138414100 0.990401577 0.068984841 -0.138970101 0.495165989
 0.141128100 0.990020684 0.070328460 -0.141717603 0.494972715
 0.143842100 0.989632333 0.071671550 -0.144466432 0.494775542
 0.146556100 0.989236519 0.073014099 -0.147216618 0.494574461
 0.149270100 0.988833240 0.074356096 -0.149968185 0.494369464
 0.151984100 0.988422491 0.075697533 -0.152721161 0.494160541
 0.154698100 0.988004269 0.077038396 -0.155475573 0.493947683
 0.157412100 0.987578569 0.078378677 -0.158231447 0.493730881
 0.160126100 0.987145387 0.079718364 -0.160988812 0.493510125
 0.162840100 0.986704720 0.081057446 -0.163747694 0.493285406
 0.165554100 0.986256564 0.082395914 -0.166508120 0.493056713
 0.168268100 0.985800913 0.083733755 -0.169270117 0.492824037
 0.170982100 0.985337764 0.085070959 -0.172033714 0.492587368
 0.173696100 0.984867113 0.086407515 -0.174798937 0.492346694
 0.176410100 0.984388954 0.087743413 -0.177565814 0.492102005
 0.179124100 0.983903284 0.089078641 -0.180334373 0.491853291
 0.181838100 0.983410098 0.090413189 -0.183104641 0.491600539
 0.184552100 0.982909391 0.091747045 -0.185876646 0.491343740
 0.187266100 0.982401158 0.093080199 -0.188650417 0.491082881
 0.189980100 0.981885395 0.094412640 -0.191425980 0.490817951
 0.192694100 0.981362097 0.095744355 -0.194203365 0.490548937
 0.195408100 0.980831258 0.097075336 -0.196982599 0.490275829
 0.198122100 0.980292874 0.098405569 -0.199763711 0.489998613
 0.200836100 0.979746939 0.099735044 -0.202546728 0.489717277
 0.203550100 0.979193449 0.101063751 -0.205331681 0.489431809
 0.206264100 0.978632397 0.102391677 -0.208118596 0.489142195
 0.208978100 0.978063779 0.103718811 -0.210907502 0.488848422
 0.211692100 0.977487590 0.105045142 -0.213698430 0.488550478
 0.214406100 0.976903823 0.106370659 -0.216491407 0.488248348
 0.217120100 0.976312473 0.107695350 -0.219286462 0.487942019
 0.219834100 0.975713534 0.109019204 -0.222083624 0.487631476
 0.222548100 0.975107001 0.110342210 -0.224882923 0.487316707
 0.225262100 0.974492868 0.111664356 -0.227684389 0.486997695
 0.227976100 0.973871129 0.112985630 -0.230488049 0.486674428
 0.230690100 0.973241777 0.114306021 -0.233293935 0.486346889
 0.233404100 0.972604807 0.115625517 -0.236102075 0.486015064
 0.236118100 0.971960213 0.116944107 -0.238912500 0.485678937
 0.238832100 0.971307989 0.118261778 -0.241725239 0.485338493
 0.241546100 0.970648127 0.119578520 -0.244540322 0.484993717
 0.244260100 0.969980622 0.120894320 -0.247357780 0.484644591
 0.246974100 0.969305467 0.122209167 -0.250177643 0.484291101
 0.249688100 0.968622656 0.123523048 -0.252999941 0.483933228
 0.252402100 0.967932181 0.124835953 -0.255824704 0.483570958
 0.255116100 0.967234037 0.126147868 -0.258651965 0.483204273
 0.257830100 0.966528216 0.127458781 -0.261481752 0.482833155
 0.260544100 0.965814712 0.128768682 -0.264314098 0.482457587
 0.263258100 0.965093517 0.130077557 -0.267149033 0.482077552
 0.265972100 0.964364625 0.131385395 -0.269986588 0.481693031
 0.268686100 0.963628028 0.132692183 -0.272826795 0.481304007
 0.271400100 0.962883719 0.133997909 -0.275669686 0.480910460
 0.274114100 0.962131691 0.135302561 -0.278515292 0.480512373
 0.276828100 0.961371936 0.136606126 -0.281363645 0.480109726
 0.279542100 0.960604447 0.137908592 -0.284214776 0.479702500
 0.282256100 0.959829216 0.139209947 -0.287068718 0.479290676
 0.284970100 0.959046236 0.140510178 -0.289925504 0.478874233
 0.287684100 0.958255498 0.141809272 -0.292785165 0.478453152
 0.290398100 0.957456995 0.143107218 -0.295647734 0.478027413
 0.293112100 0.956650720 0.144404001 -0.298513244 0.477596994
 0.295826100 0.955836663 0.145699610 -0.301381728 0.477161876
 0.298540100 0.955014817 0.146994031 -0.304253219 0.476722036
 0.301254100 0.954185174 0.148287253 -0.307127750 0.476277454
 0.303968100 0.953347725 0.149579261 -0.310005355 0.475828107
 0.306682100 0.952502462 0.150870043 -0.312886066 0.475373975
 0.309396100 0.951649377 0.152159587 -0.315769918 0.474915033
 0.312110100 0.950788461 0.153447878 -0.318656946 0.474451261
 0.314824100 0.949919705 0.154734904 -0.321547182 0.473982634
 0.317538100 0.949043100 0.156020651 -0.324440661 0.473509131
 0.320252100 0.948158638 0.157305107 -0.327337417 0.473030726
 0.322966100 0.947266310 0.158588258 -0.330237486 0.472547397
 0.325680100 0.946366106 0.159870090 -0.333140902 0.472059120
 0.328394100 0.945458018 0.161150590 -0.336047701 0.471565869
 0.331108100 0.944542037 0.162429745 -0.338957916 0.471067620
 0.333822100 0.943618152 0.163707541 -0.341871584 0.470564349
 0.336536100 0.942686355 0.164983964 -0.344788741 0.470056029
 0.339250100 0.941746636 0.166259000 -0.347709422 0.469542635
 0.341964100 0.940798985 0.167532637 -0.350633663 0.469024141
 0.344678100 0.939843393 0.168804859 -0.353561501 0.468500520
 0.347392100 0.938879850 0.170075653 -0.356492972 0.467971747
 0.350106100 0.937908346 0.171345005 -0.359428112 0.467437792
 0.352820100 0.936928871 0.172612900 -0.362366959 0.466898630
 0.355534100 0.935941415 0.173879326 -0.365309549 0.466354233
 0.358248100 0.934945968 0.175144267 -0.368255920 0.465804571
 0.360962100 0.933942519 0.176407708 -0.371206109 0.465249618
 0.363676100 0.932931058 0.177669637 -0.374160155 0.464689343
 0.366390100 0.931911575 0.178930037 -0.377118094 0.464123718
 0.369104100 0.930884058 0.180188895 -0.380079966 0.463552713
 0.371818100 0.929848497 0.181446197 -0.383045809 0.462976298
 0.374532100 0.928804882 0.182701926 -0.386015661 0.462394442
 0.377246100 0.927753201 0.183956069 -0.388989562 0.461807115
 0.379960100 0.926693443 0.185208610 -0.391967549 0.461214286
 0.382674100 0.925625598 0.186459535 -0.394949664 0.460615924
 0.385388100 0.924549653 0.187708828 -0.397935946 0.460011995
 0.388102100 0.923465598 0.188956475 -0.400926434 0.459402468
 0.390816100 0.922373421 0.190202460 -0.403921169 0.458787310
 0.393530100 0.921273110 0.191446767 -0.406920190 0.458166489
 0.396244100 0.920164654 0.192689382 -0.409923540 0.457539969
 0.398958100 0.919048041 0.193930289 -0.412931258 0.456907717
 0.401672100 0.917923260 0.195169472 -0.415943387 0.456269700
 0.404386100 0.916790297 0.196406916 -0.418959967 0.455625881
 0.407100100 0.915649141 0.197642604 -0.421981040 0.454976225
 0.409814100 0.914499780 0.198876522 -0.425006648 0.454320698
 0.412528100 0.913342201 0.200108652 -0.428036834 0.453659261
 0.415242100 0.912176392 0.201338979 -0.431071641 0.452991879
 0.417956100 0.911002340 0.202567487 -0.434111110 0.452318515
 0.420670100 0.909820033 0.203794158 -0.437155286 0.451639131
 0.423384100 0.908629458 0.205018978 -0.440204212 0.450953688
 0.426098100 0.907430601 0.206241930 -0.443257931 0.450262148
 0.428812100 0.906223449 0.207462996 -0.446316489 0.449564473
 0.431526100 0.905007991 0.208682160 -0.449379928 0.448860621
 0.434240100 0.903784211 0.209899406 -0.452448295 0.448150554
 0.436954100 0.902552097 0.211114716 -0.455521633 0.447434231
 0.439668100 0.901311635 0.212328073 -0.458599989 0.446711610
 0.442382100 0.900062812 0.213539461 -0.461683408 0.445982650
 0.445096100 0.898805614 0.214748861 -0.464771936 0.445247308
 0.447810100 0.897540026 0.215956257 -0.467865619 0.444505543
 0.450524100 0.896266035 0.217161631 -0.470964504 0.443757310
 0.453238100 0.894983626 0.218364966 -0.474068639 0.443002565
 0.455952100 0.893692786 0.219566244 -0.477178070 0.442241266
 0.458666100 0.892393499 0.220765446 -0.480292845 0.441473365
 0.461380100 0.891085751 0.221962555 -0.483413012 0.440698818
 0.464094100 0.889769528 0.223157553 -0.486538621 0.439917580
 0.466808100 0.888444815 0.224350422 -0.489669718 0.439129602
 0.469522100 0.887111596 0.225541142 -0.492806355 0.438334837
 0.472236100 0.885769857 0.226729697 -0.495948579 0.437533239
 0.474950100 0.884419583 0.227916067 -0.499096442 0.436724758
 0.477664100 0.883060757 0.229100233 -0.502249993 0.435909345
 0.480378100 0.881693365 0.230282176 -0.505409283 0.435086950
 0.483092100 0.880317391 0.231461879 -0.508574363 0.434257522
 0.485806100 0.878932818 0.232639320 -0.511745285 0.433421012
 0.488520100 0.877539632 0.233814481 -0.514922101 0.432577366
 0.491234100 0.876137816 0.234987343 -0.518104862 0.431726533
 0.493948100 0.874727354 0.236157887 -0.521293622 0.430868459
 0.496662100 0.873308229 0.237326091 -0.524488433 0.430003091
 0.499376100 0.871880426 0.238491937 -0.527689349 0.429130374
 0.502090100 0.870443926 0.239655404 -0.530896424 0.428250252
 0.504804100 0.868998714 0.240816472 -0.534109713 0.427362670
 0.507518100 0.867544773 0.241975122 -0.537329270 0.426467571
 0.510232100 0.866082086 0.243131332 -0.540555150 0.425564898
 0.512946100 0.864610634 0.244285081 -0.543787410 0.424654593
 0.515660100 0.863130402 0.245436350 -0.547026105 0.423736596
 0.518374100 0.861641371 0.246585117 -0.550271292 0.422810847
 0.521088100 0.860143524 0.247731360 -0.553523028 0.421877287
 0.523802100 0.858636843 0.248875060 -0.556781370 0.420935854
 0.526516100 0.857121309 0.250016193 -0.560046377 0.419986486
 0.529230100 0.855596905 0.251154739 -0.563318108 0.419029119
 0.531944100 0.854063613 0.252290676 -0.566596620 0.418063690
 0.534658100 0.852521413 0.253423981 -0.569881975 0.417090135
 0.537372100 0.850970287 0.254554634 -0.573174231 0.416108387
 0.540086100 0.849410217 0.255682610 -0.576473449 0.415118381
 0.542800100 0.847841183 0.256807889 -0.579779691 0.414120049
 0.545514100 0.846263167 0.257930447 -0.583093018 0.413113322
 0.548228100 0.844676148 0.259050260 -0.586413491 0.412098133
 0.550942100 0.843080108 0.260167308 -0.589741175 0.411074410
 0.553656100 0.841475027 0.261281565 -0.593076131 0.410042082
 0.556370100 0.839860885 0.262393008 -0.596418423 0.409001078
 0.559084100 0.838237661 0.263501615 -0.599768117 0.407951325
 0.561798100 0.836605337 0.264607360 -0.603125276 0.406892749
 0.564512100 0.834963891 0.265710221 -0.606489966 0.405825274
 0.567226100 0.833313303 0.266810172 -0.609862253 0.404748825
 0.569940100 0.831653552 0.267907189 -0.613242204 0.403663324
 0.572654100 0.829984618 0.269001248 -0.616629886 0.402568694
 0.575368100 0.828306478 0.270092324 -0.620025367 0.401464856
 0.578082100 0.826619113 0.271180391 -0.623428715 0.400351728
 0.580796100 0.824922500 0.272265425 -0.626839998 0.399229231
 0.583510100 0.823216619 0.273347399 -0.630259288 0.398097280
 0.586224100 0.821501446 0.274426288 -0.633686653 0.396955793
 0.588938100 0.819776960 0.275502066 -0.637122166 0.395804684
 0.591652100 0.818043140 0.276574707 -0.640565897 0.394643868
 0.594366100 0.816299962 0.277644185 -0.644017919 0.393473257
 0.597080100 0.814547403 0.278710471 -0.647478304 0.392292763
 0.599794100 0.812785442 0.279773541 -0.650947127 0.391102296
 0.602508100 0.811014055 0.280833366 -0.654424461 0.389901765
 0.605222100 0.809233219 0.281889918 -0.657910382 0.388691077
 0.607936100 0.807442910 0.282943172 -0.661404965 0.387470140
 0.610650100 0.805643105 0.283993097 -0.664908287 0.386238857
 0.613364100 0.803833780 0.285039667 -0.668420424 0.384997133
 0.616078100 0.802014911 0.286082852 -0.671941455 0.383744871
 0.618792100 0.800186474 0.287122624 -0.675471458 0.382481970
 0.621506100 0.798348444 0.288158955 -0.679010512 0.381208330
 0.624220100 0.796500797 0.289191814 -0.682558698 0.379923850
 0.626934100 0.794643508 0.290221172 -0.686116097 0.378628425
 0.629648100 0.792776551 0.291246999 -0.689682790 0.377321951
 0.632362100 0.790899901 0.292269265 -0.693258859 0.376004321
 0.635076100 0.789013534 0.293287940 -0.696844388 0.374675427
 0.637790100 0.787117422 0.294302993 -0.700439461 0.373335159
 0.640504100 0.785211540 0.295314393 -0.704044163 0.371983407
 0.643218100 0.783295862 0.296322109 -0.707658580 0.370620056
 0.645932100 0.781370361 0.297326108 -0.711282797 0.369244992
 0.648646100 0.779435010 0.298326360 -0.714916904 0.367858099
 0.651360100 0.777489783 0.299322832 -0.718560987 0.366459259
 0.654074100 0.775534652 0.300315490 -0.722215137 0.365048352
 0.656788100 0.773569590 0.301304303 -0.725879444 0.363625255
 0.659502100 0.771594570 0.302289237 -0.729553997 0.362189846
 0.662216100 0.769609562 0.303270258 -0.733238890 0.360742000
 0.664930100 0.767614540 0.304247333 -0.736934215 0.359281587
 0.667644100 0.765609474 0.305220428 -0.740640067 0.357808481
 0.670358100 0.763594336 0.306189506 -0.744356539 0.356322548
 0.673072100 0.761569098 0.307154535 -0.748083728 0.354823656
 0.675786100 0.759533729 0.308115478 -0.751821730 0.353311670
 0.678500100 0.757488200 0.309072299 -0.755570644 0.351786451
 0.681214100 0.755432482 0.310024962 -0.759330567 0.350247862
 0.683928100 0.753366544 0.310973432 -0.763101601 0.348695758
 0.686642100 0.751290356 0.311917671 -0.766883845 0.347129998
 0.689356100 0.749203888 0.312857641 -0.770677401 0.345550434
 0.692070100 0.747107109 0.313793306 -0.774482373 0.343956918
 0.694784100 0.744999988 0.314724627 -0.778298864 0.342349299
 0.697498100 0.742882493 0.315651565 -0.782126980 0.340727423
 0.700212100 0.740754593 0.316574082 -0.785966827 0.339091136
 0.702926100 0.738616255 0.317492139 -0.789818513 0.337440279
 0.705640100 0.736467447 0.318405695 -0.793682145 0.335774690
 0.708354100 0.734308138 0.319314711 -0.797557834 0.334094208
 0.711068100 0.732138293 0.320219145 -0.801445691 0.332398664
 0.713782100 0.729957880 0.321118957 -0.805345827 0.330687893
 0.716496100 0.727766865 0.322014105 -0.809258356 0.328961720
 0.719210100 0.725565214 0.322904547 -0.813183393 0.327219973
 0.721924100 0.723352894 0.323790241 -0.817121053 0.325462474
 0.724638100 0.721129870 0.324671143 -0.821071454 0.323689044
 0.727352100 0.718896107 0.325547211 -0.825034713 0.321899499
 0.730066100 0.716651570 0.326418399 -0.829010951 0.320093653
 0.732780100 0.714396224 0.327284664 -0.833000287 0.318271317
 0.735494100 0.712130033 0.328145961 -0.837002846 0.316432299
 0.738208100 0.709852961 0.329002244 -0.841018750 0.314576404
 0.740922100 0.707564972 0.329853467 -0.845048123 0.312703432
 0.743636100 0.705266028 0.330699583 -0.849091094 0.310813181
 0.746350100 0.702956093 0.331540545 -0.853147789 0.308905446
 0.749064100 0.700635130 0.332376306 -0.857218338 0.306980017
 0.751778100 0.698303100 0.333206816 -0.861302872 0.305036683
 0.754492100 0.695959965 0.334032029 -0.865401522 0.303075225
 0.757206100 0.693605688 0.334851892 -0.869514422 0.301095425
 0.759920100 0.691240229 0.335666358 -0.873641709 0.299097059
 0.762634100 0.688863548 0.336475374 -0.877783517 0.297079898
 0.765348100 0.686475607 0.337278891 -0.881939986 0.295043711
 0.768062100 0.684076365 0.338076854 -0.886111256 0.292988261
 0.770776100 0.681665782 0.338869213 -0.890297468 0.290913309
 0.773490100 0.679243817 0.339655914 -0.894498765 0.288818611
 0.776204100 0.676810429 0.340436903 -0.898715291 0.286703917
 0.778918100 0.674365577 0.341212125 -0.902947194 0.284568975
 0.781632100 0.671909218 0.341981525 -0.907194622 0.282413527
 0.784346100 0.669441311 0.342745047 -0.911457723 0.280237310
 0.787060100 0.666961812 0.343502634 -0.915736651 0.278040058
 0.789774100 0.664470678 0.344254229 -0.920031557 0.275821499
 0.792488100 0.661967866 0.344999774 -0.924342598 0.273581355
 0.795202100 0.659453332 0.345739209 -0.928669930 0.271319345
 0.797916100 0.656927031 0.346472476 -0.933013712 0.269035182
 0.800630100 0.654388919 0.347199512 -0.937374105 0.266728573
 0.803344100 0.651838950 0.347920258 -0.941751271 0.264399219
 0.806058100 0.649277078 0.348634651 -0.946145375 0.262046819
 0.808772100 0.646703258 0.349342627 -0.950556583 0.259671062
 0.811486100 0.644117442 0.350044124 -0.954985063 0.257271633
 0.814200100 0.641519584 0.350739076 -0.959430985 0.254848212
 0.816914100 0.638909635 0.351427418 -0.963894524 0.252400471
 0.819628100 0.636287549 0.352109084 -0.968375851 0.249928076
 0.822342100 0.633653275 0.352784006 -0.972875145 0.247430689
 0.825056100 0.631006766 0.353452115 -0.977392583 0.244907963
 0.827770100 0.628347972 0.354113343 -0.981928347 0.242359545
 0.830484100 0.625676843 0.354767619 -0.986482619 0.239785074
 0.833198100 0.622993328 0.355414873 -0.991055585 0.237184184
 0.835912100 0.620297377 0.356055031 -0.995647431 0.234556501
 0.838626100 0.617588937 0.356688021 -1.000258348 0.231901642
 0.841340100 0.614867957 0.357313769 -1.004888526 0.229219220
 0.844054100 0.612134385 0.357932198 -1.009538161 0.226508836
 0.846768100 0.609388167 0.358543233 -1.014207449 0.223770087
 0.849482100 0.606629249 0.359146796 -1.018896588 0.221002558
 0.852196100 0.603857579 0.359742809 -1.023605780 0.218205828
 0.854910100 0.601073099 0.360331191 -1.028335228 0.215379468
 0.857624100 0.598275757 0.360911862 -1.033085139 0.212523038
 0.860338100 0.595465495 0.361484739 -1.037855720 0.209636091
 0.863052100 0.592642258 0.362049739 -1.042647184 0.206718169
 0.865766100 0.589805988 0.362606777 -1.047459744 0.203768806
 0.868480100 0.586956627 0.363155767 -1.052293615 0.200787525
 0.871194100 0.584094119 0.363696623 -1.057149017 0.197773841
 0.873908100 0.581218403 0.364229254 -1.062026171 0.194727255
 0.876622100 0.578329421 0.364753572 -1.066925301 0.191647262
 0.879336100 0.575427113 0.365269485 -1.071846634 0.188533343
 0.882050100 0.572511418 0.365776900 -1.076790399 0.185384969
 0.884764100 0.569582275 0.366275723 -1.081756829 0.182201599
 0.887478100 0.566639622 0.366765859 -1.086746158 0.178982681
 0.890192100 0.563683396 0.367247209 -1.091758625 0.175727651
 0.892906100 0.560713535 0.367719676 -1.096794469 0.172435932
 0.895620100 0.557729975 0.368183158 -1.101853935 0.169106935
 0.898334100 0.554732651 0.368637554 -1.106937268 0.165740058
 0.901048100 0.551721498 0.369082760 -1.112044717 0.162334684
 0.903762100 0.548696451 0.369518672 -1.117176536 0.158890184
 0.906476100 0.545657442 0.369945181 -1.122332978 0.155405914
 0.909190100 0.542604405 0.370362179 -1.127514302 0.151881216
 0.911904100 0.539537272 0.370769555 -1.132720769 0.148315417
 0.914618100 0.536455975 0.371167197 -1.137952643 0.144707827
 0.917332100 0.533360443 0.371554991 -1.143210191 0.141057742
 0.920046100 0.530250607 0.371932820 -1.148493683 0.137364441
 0.922760100 0.527126396 0.372300566 -1.153803391 0.133627187
 0.925474100 0.523987738 0.372658108 -1.159139594 0.129845224
 0.928188100 0.520834562 0.373005325 -1.164502568 0.126017779
 0.930902100 0.517666795 0.373342091 -1.169892598 0.122144062
 0.933616100 0.514484361 0.373668281 -1.175309968 0.118223263
 0.936330100 0.511287188 0.373983764 -1.180754967 0.114254551
 0.939044100 0.508075199 0.374288411 -1.186227887 0.110237078
 0.941758100 0.504848318 0.374582087 -1.191729022 0.106169974
 0.944472100 0.501606468 0.374864656 -1.197258669 0.102052348
 0.947186100 0.498349572 0.375135981 -1.202817131 0.097883286
 0.949900100 0.495077551 0.375395920 -1.208404711 0.093661852
 0.952614100 0.491790325 0.375644329 -1.214021716 0.089387089
 0.955328100 0.488487815 0.375881064 -1.219668456 0.085058012
 0.958042100 0.485169938 0.376105975 -1.225345244 0.080673615
 0.960756100 0.481836614 0.376318910 -1.231052396 0.076232864
 0.963470100 0.478487759 0.376519715 -1.236790231 0.071734700
 0.966184100 0.475123289 0.376708233 -1.242559070 0.067178036
 0.968898100 0.471743120 0.376884304 -1.248359239 0.062561758
 0.971612100 0.468347167 0.377047764 -1.254191066 0.057884723
 0.974326100 0.464935343 0.377198447 -1.260054879 0.053145756
 0.977040100 0.461507560 0.377336183 -1.265951012 0.048343655
 0.979754100 0.458063732 0.377460798 -1.271879800 0.043477182
 0.982468100 0.454603768 0.377572118 -1.277841581 0.038545069
 0.985182100 0.451127578 0.377669961 -1.283836695 0.033546013
 0.987896100 0.447635072 0.377754144 -1.289865485 0.028478676
 0.990610100 0.444126158 0.377824481 -1.295928295 0.023341684
 0.993324100 0.440600743 0.377880779 -1.302025471 0.018133625
 0.996038100 0.437058733 0.377922845 -1.308157363 0.012853048
 0.998752100 0.433500034 0.377950479 -1.314324319 0.007498462
 1.001466100 0.429924549 0.377963479 -1.320526692 0.002068335
 1.004180100 0.426332183 0.377961637 -1.326764834 -0.003438909
 1.006894100 0.422722838 0.377944742 -1.333039100 -0.009024889
 1.009608100 0.419096414 0.377912578 -1.339349843 -0.014691271
 1.012322100 0.415452814 0.377864924 -1.345697419 -0.020439768
 1.015036100 0.411791936 0.377801555 -1.352082183 -0.026272145
 1.017750100 0.408113679 0.377722242 -1.358504492 -0.032190215
 1.020464100 0.404417940 0.377626748 -1.364964699 -0.038195845
 1.023178100 0.400704616 0.377514834 -1.371463159 -0.044290957
 1.025892100 0.396973604 0.377386255 -1.378000226 -0.050477530
 1.028606100 0.393224796 0.377240758 -1.384576251 -0.056757603
 1.031320100 0.389458089 0.377078089 -1.391191584 -0.063133275
 1.034034100 0.385673373 0.376897983 -1.397846572 -0.069606708
 1.036748100 0.381870542 0.376700174 -1.404541558 -0.076180131
 1.039462100 0.378049486 0.376484386 -1.411276884 -0.082855843
 1.042176100 0.374210095 0.376250338 -1.418052885 -0.089636210
 1.044890100 0.370352258 0.375997744 -1.424869892 -0.096523676
 1.047604100 0.366475865 0.375726309 -1.431728230 -0.103520758
 1.050318100 0.362580801 0.375435732 -1.438628219 -0.110630055
 1.053032100 0.358666953 0.375125706 -1.445570169 -0.117854247
 1.055746100 0.354734208 0.374795914 -1.452554383 -0.125196102
 1.058460100 0.350782450 0.374446033 -1.459581155 -0.132658476
 1.061174100 0.346811564 0.374075733 -1.466650767 -0.140244318
 1.063888100 0.342821432 0.373684673 -1.473763492 -0.147956674
 1.066602100 0.338811937 0.373272507 -1.480919586 -0.155798690
 1.069316100 0.334782961 0.372838879 -1.488119295 -0.163773618
 1.072030100 0.330734386 0.372383422 -1.495362846 -0.171884818
 1.074744100 0.326666093 0.371905762 -1.502650449 -0.180135763
 1.077458100 0.322577960 0.371405516 -1.509982295 -0.188530046
 1.080172100 0.318469869 0.370882289 -1.517358555 -0.197071382
 1.082886100 0.314341699 0.370335677 -1.524779376 -0.205763614
 1.085600100 0.310193327 0.369765265 -1.532244878 -0.214610721
 1.088314100 0.306024634 0.369170627 -1.539755154 -0.223616819
 1.091028100 0.301835496 0.368551326 -1.547310269 -0.232786171
 1.093742100 0.297625794 0.367906913 -1.554910252 -0.242123193
 1.096456100 0.293395404 0.367236926 -1.562555095 -0.251632456
 1.099170100 0.289144205 0.366540893 -1.570244753 -0.261318701
 1.101884100 0.284872076 0.365818325 -1.577979137 -0.271186839
 1.104598100 0.280578895 0.365068722 -1.585758110 -0.281241963
 1.107312100 0.276264541 0.364291571 -1.593581486 -0.291489354
 1.110026100 0.271928895 0.363486340 -1.601449020 -0.301934490
 1.112740100 0.267571837 0.362652487 -1.609360409 -0.312583056
 1.115454100 0.263193248 0.361789451 -1.617315284 -0.323440953
 1.118168100 0.258793011 0.360896656 -1.625313204 -0.334514306
 1.120882100 0.254371011 0.359973508 -1.633353651 -0.345809478
 1.123596100 0.249927131 0.359019397 -1.641436020 -0.357333077
 1.126310100 0.245461259 0.358033692 -1.649559617 -0.369091971
 1.129024100 0.240973285 0.357015747 -1.657723647 -0.381093299
 1.131738100 0.236463100 0.355964893 -1.665927206 -0.393344484
 1.134452100 0.231930598 0.354880442 -1.674169274 -0.405853244
 1.137166100 0.227375677 0.353761683 -1.682448701 -0.418627610
 1.139880100 0.222798235 0.352607884 -1.690764199 -0.431675942
 1.142594100 0.218198178 0.351418291 -1.699114329 -0.445006937
 1.145308100 0.213575414 0.350192124 -1.707497486 -0.458629657
 1.148022100 0.208929854 0.348928578 -1.715911890 -0.472553536
 1.150736100 0.204261418 0.347626824 -1.724355563 -0.486788406
 1.153450100 0.199570029 0.346286002 -1.732826320 -0.501344513
 1.156164100 0.194855615 0.344905227 -1.741321742 -0.516232539
 1.158878100 0.190118115 0.343483583 -1.749839164 -0.531463620
 1.161592100 0.185357472 0.342020123 -1.758375648 -0.547049376
 1.164306100 0.180573639 0.340513869 -1.766927960 -0.563001929
 1.167020100 0.175766577 0.338963807 -1.775492545 -0.579333929
 1.169734100 0.170936258 0.337368890 -1.784065497 -0.596058583
 1.172448100 0.166082666 0.335728035 -1.792642527 -0.613189681
 1.175162100 0.161205796 0.334040118 -1.801218932 -0.630741627
 1.177876100 0.156305656 0.332303977 -1.809789553 -0.648729466
 1.180590100 0.151382270 0.330518408 -1.818348738 -0.667168921
 1.183304100 0.146435676 0.328682162 -1.826890292 -0.686076425
 1.186018100 0.141465932 0.326793948 -1.835407433 -0.705469153
 1.188732100 0.136473114 0.324852423 -1.843892735 -0.725365065
 1.191446100 0.131457319 0.322856196 -1.852338066 -0.745782939
 1.194160100 0.126418668 0.320803825 -1.860734527 -0.766742413
 1.196874100 0.121357306 0.318693812 -1.869072380 -0.788264027
 1.199588100 0.116273407 0.316524602 -1.877340963 -0.810369266
 1.202302100 0.111167173 0.314294581 -1.885528609 -0.833080600
 1.205016100 0.106038843 0.312002073 -1.893622551 -0.856421535
 1.207730100 0.100888688 0.309645336 -1.901608809 -0.880416654
 1.210444100 0.095717022 0.307222559 -1.909472085 -0.905091667
 1.213158100 0.090524201 0.304731861 -1.917195624 -0.930473455
 1.215872100 0.085310628 0.302171287 -1.924761083 -0.956590119
 1.218586100 0.080076760 0.299538802 -1.932148369 -0.983471024
 1.221300100 0.074823109 0.296832290 -1.939335471 -1.011146842
 1.224014100 0.069550250 0.294049551 -1.946298270 -1.039649595
 1.226728100 0.064258829 0.291188297 -1.953010335 -1.069012694
 1.229442100 0.058949564 0.288246144 -1.959442686 -1.099270967
 1.232156100 0.053623256 0.285220614 -1.965563549 -1.130460688
 1.234870100 0.048280799 0.282109129 -1.971338073 -1.162619594
 1.237584100 0.042923182 0.278909006 -1.976728025 -1.195786888
 1.240298100 0.037551505 0.275617453 -1.981691452 -1.230003228
 1.243012100 0.032166988 0.272231565 -1.986182309 -1.265310706
 1.245726100 0.026770981 0.268748323 -1.990150052 -1.301752789
 1.248440100 0.021364978 0.265164588 -1.993539193 -1.339374248
 1.251154100 0.015950629 0.261477095 -1.996288803 -1.378221038
 1.253868100 0.010529761 0.257682457 -1.998331984 -1.418340149
 1.256582100 0.005104389 0.253777155 -1.999595285 -1.459779398
 1.259296100 -0.000323264 0.249757540 -1.999998063 -1.502587158
 1.262010100 -0.005750743 0.245619834 -1.999451805 -1.546812023
 1.264724100 -0.011175342 0.241360123 -1.997859387 -1.592502374
 1.267438100 -0.016594081 0.236974367 -1.995114290 -1.639705842
 1.270152100 -0.022003675 0.232458394 -1.991099758 -1.688468650
 1.272866100 -0.027400507 0.227807913 -1.985687926 -1.738834799
 1.275580100 -0.032780599 0.223018516 -1.978738904 -1.790845088
 1.278294100 -0.038139574 0.218085691 -1.970099851 -1.844535923
 1.281008100 -0.043472623 0.213004833 -1.959604043 -1.899937895
 1.283722100 -0.048774463 0.207771264 -1.947069979 -1.957074085
 1.286436100 -0.054039298 0.202380259 -1.932300544 -2.015958056
 1.289150100 -0.059260777 0.196827067 -1.915082300 -2.076591506
 1.291864100 -0.064431944 0.191106955 -1.895184957 -2.138961523
 1.294578100 -0.069545196 0.185215246 -1.872361098 -2.203037425
 1.297292100 -0.074592236 0.179147377 -1.846346289 -2.268767147
 1.300006100 -0.079564026 0.172898958 -1.816859663 -2.336073163
 1.302720100 -0.084450745 0.166465849 -1.783605160 -2.404847952
 1.305434100 -0.089241750 0.159844249 -1.746273566 -2.474949030
 1.308148100 -0.093925545 0.153030797 -1.704545578 -2.546193639
 1.310862100 -0.098489757 0.146022688 -1.658096083 -2.618353206
 1.313576100 -0.102921129 0.138817807 -1.606599887 -2.691147788
 1.316290100 -0.107205533 0.131414873 -1.549739093 -2.764240763
 1.319004100 -0.111327993 0.123813603 -1.487212301 -2.837234168
 1.321718100 -0.115272753 0.116014880 -1.418745741 -2.909665148
 1.324432100 -0.119023366 0.108020934 -1.344106304 -2.981004111
 1.327146100 -0.122562822 0.099835522 -1.263116315 -3.050655249
 1.329860100 -0.125873726 0.091464105 -1.175669628 -3.117960139
 1.332574100 -0.128938506 0.082914008 -1.081748406 -3.182205099
 1.335288100 -0.131739683 0.074194554 -0.981439610 -3.242632888
 1.338002100 -0.134260175 0.065317165 -0.874949988 -3.298459077
 1.340716100 -0.136483633 0.056295403 -0.762618084 -3.348893072
 1.343430100 -0.138394820 0.047144956 -0.644921715 -3.393163297
 1.346144100 -0.139979983 0.037883550 -0.522479409 -3.430545485
 1.348858100 -0.141227235 0.028530778 -0.396044591 -3.460392449
 1.351572100 -0.142126902 0.019107853 -0.266491853 -3.482163262
 1.354286100 -0.142671824 0.009637278 -0.134795344 -3.495449450
 1.357000100 -0.142857589 0.000142465 -0.002000204 -3.499995861
 1.359714100 -0.142682680 -0.009352708 0.130811245 -3.495714154
 1.362428100 -0.142148525 -0.018824356 0.262556125 -3.482687555
 1.365142100 -0.141259452 -0.028249048 0.392187672 -3.461166376
 1.367856100 -0.140022542 -0.037604246 0.518729165 -3.431554769
 1.370570100 -0.138447396 -0.046868694 0.641302681 -3.394390053
 1.373284100 -0.136545842 -0.056022747 0.759150928 -3.350316647
 1.375998100 -0.134331579 -0.065048620 0.871651217 -3.300056944
 1.378712100 -0.131819808 -0.073930561 0.978321504 -3.244381524
 1.381426100 -0.129026848 -0.082654944 1.078819158 -3.184080793
 1.384140100 -0.125969766 -0.091210285 1.172933641 -3.119939692
 1.386854100 -0.122666033 -0.099587197 1.260574609 -3.052716534
 1.389568100 -0.119133221 -0.107778297 1.341757000 -2.983126496
 1.392282100 -0.115388735 -0.115778072 1.416584555 -2.911829783
 1.394996100 -0.111449599 -0.123582715 1.485233049 -2.839424145
 1.397710100 -0.107332278 -0.131189953 1.547934149 -2.766441176
 1.400424100 -0.103052553 -0.138598865 1.604960608 -2.693345713
 1.403138100 -0.098625420 -0.145809703 1.656613165 -2.620537616
 1.405852100 -0.094065036 -0.152823719 1.703209367 -2.548355280
 1.408566100 -0.089384684 -0.159643005 1.745074304 -2.477080271
 1.411280100 -0.084596762 -0.166270348 1.782533179 -2.406942619
 1.413994100 -0.079712794 -0.172709093 1.815905538 -2.338126373
 1.416708100 -0.074743447 -0.178963031 1.845500945 -2.270775145
 1.419422100 -0.069698566 -0.185036292 1.871615887 -2.204997430
 1.422136100 -0.064587212 -0.190933259 1.894531707 -2.140871584
 1.424850100 -0.059417704 -0.196658492 1.914513342 -2.078450373
 1.427564100 -0.054197665 -0.202216664 1.931808719 -2.017765065
 1.430278100 -0.048934068 -0.207612510 1.946648639 -1.958829058
 1.432992100 -0.043633285 -0.212850776 1.959247039 -1.901641051
 1.435706100 -0.038301125 -0.217936192 1.969801509 -1.846187799
 1.438420100 -0.032942887 -0.222873438 1.978494007 -1.792446477
 1.441134100 -0.027563393 -0.227667119 1.985491687 -1.740386694
 1.443848100 -0.022167033 -0.232321751 1.990947791 -1.689972196
 1.446562100 -0.016757797 -0.236841744 1.995002583 -1.641162299
 1.449276100 -0.011339311 -0.241231396 1.997784275 -1.593913082
 1.451990100 -0.005914869 -0.245494879 1.999409941 -1.548178379
 1.454704100 -0.000487463 -0.249636240 1.999986396 -1.503910588
 1.457418100 0.004940196 -0.253659394 1.999611032 -1.461061345
 1.460132100 0.010365646 -0.257568125 1.998372610 -1.419582058
 1.462846100 0.015786655 -0.261366085 1.996351996 -1.379424338
 1.465560100 0.021201204 -0.265056796 1.993622849 -1.340540351
 1.468274100 0.026607460 -0.268643651 1.990252254 -1.302883080
 1.470988100 0.032003768 -0.272129917 1.986301310 -1.266406534
 1.473702100 0.037388630 -0.275518737 1.981825661 -1.231065908
 1.476416100 0.042760690 -0.278813135 1.976875992 -1.196817692
 1.479130100 0.048118726 -0.282016017 1.971498478 -1.163619757
 1.481844100 0.053461635 -0.285130179 1.965735188 -1.131431398
 1.484558100 0.058788423 -0.288158308 1.959624461 -1.100213369
 1.487272100 0.064098195 -0.291102984 1.953201245 -1.069927891
 1.489986100 0.069390146 -0.293966690 1.946497402 -1.040538646
 1.492700100 0.074663556 -0.296751810 1.939541991 -1.012010763
 1.495414100 0.079917778 -0.299460636 1.932361518 -0.984310790
 1.498128100 0.085152233 -0.302095372 1.924980167 -0.957406664
 1.500842100 0.090366409 -0.304658134 1.917420010 -0.931267673
 1.503556100 0.095559847 -0.307150961 1.909701193 -0.905864413
 1.506270100 0.100732141 -0.309575809 1.901842112 -0.881168748
 1.508984100 0.105882935 -0.311934563 1.893859564 -0.857153760
 1.511698100 0.111011914 -0.314229035 1.885768892 -0.833793705
 1.514412100 0.116118804 -0.316460968 1.877584112 -0.811063967
 1.517126100 0.121203368 -0.318632041 1.869318026 -0.788941010
 1.519840100 0.126265400 -0.320743870 1.860982335 -0.767402331
 1.522554100 0.131304727 -0.322798012 1.852587725 -0.746426419
 1.525268100 0.136321203 -0.324795965 1.844143964 -0.725992705
 1.527982100 0.141314705 -0.326739175 1.835659975 -0.706081526
 1.530696100 0.146285137 -0.328629034 1.827143911 -0.686674077
 1.533410100 0.151232421 -0.330466883 1.818603219 -0.667752376
 1.536124100 0.156156500 -0.332254019 1.810044700 -0.649299224
 1.538838100 0.161057334 -0.333991690 1.801474564 -0.631298167
 1.541552100 0.165934899 -0.335681102 1.792898480 -0.613733462
 1.544266100 0.170789187 -0.337323418 1.784321620 -0.596590043
 1.546980100 0.175620201 -0.338919763 1.775748703 -0.579853488
 1.549694100 0.180427959 -0.340471220 1.767184027 -0.563509989
 1.552408100 0.185212488 -0.341978840 1.758631510 -0.547546322
 1.555122100 0.189973826 -0.343443635 1.750094718 -0.531949821
 1.557836100 0.194712020 -0.344866586 1.741576893 -0.516708348
 1.560550100 0.199427126 -0.346248641 1.733080982 -0.501810270
 1.563264100 0.204119207 -0.347590715 1.724609659 -0.487244436
 1.565978100 0.208788333 -0.348893696 1.716165348 -0.473000149
 1.568692100 0.213434580 -0.350158442 1.707750242 -0.459067153
 1.571406100 0.218058030 -0.351385786 1.699366325 -0.445435603
 1.574120100 0.222658771 -0.352576532 1.691015382 -0.432096052
 1.576834100 0.227236894 -0.353731461 1.682699025 -0.419039430
 1.579548100 0.231792495 -0.354851328 1.674418695 -0.406257027
 1.582262100 0.236325673 -0.355936866 1.666175687 -0.393740474
 1.584976100 0.240836532 -0.356988786 1.657971153 -0.381481732
 1.587690100 0.245325177 -0.358007776 1.649806118 -0.369473071
 1.590404100 0.249791717 -0.358994506 1.641681489 -0.357707060
 1.593118100 0.254236262 -0.359949624 1.633598063 -0.346176553
 1.595832100 0.258658926 -0.360873760 1.625556540 -0.334874675
 1.598546100 0.263059822 -0.361767526 1.617557525 -0.323794808
 1.601260100 0.267439068 -0.362631515 1.609601538 -0.312930583
 1.603974100 0.271796780 -0.363466304 1.601689024 -0.302275868
 1.606688100 0.276133076 -0.364272453 1.593820354 -0.291824755
 1.609402100 0.280448077 -0.365050509 1.585995834 -0.281571553
 1.612116100 0.284741903 -0.365800999 1.578215707 -0.271510779
 1.614830100 0.289014673 -0.366524439 1.570480164 -0.261637145
 1.617544100 0.293266510 -0.367221331 1.562789341 -0.251945553
 1.620258100 0.297497535 -0.367892161 1.555143331 -0.242431086
 1.622972100 0.301707870 -0.368537404 1.547542179 -0.233088999
 1.625686100 0.305897635 -0.369157521 1.539985894 -0.223914716
 1.628400100 0.310066954 -0.369752962 1.532474447 -0.214903815
 1.631114100 0.314215948 -0.370324164 1.525007777 -0.206052031
 1.633828100 0.318344738 -0.370871553 1.517585790 -0.197355241
 1.636542100 0.322453445 -0.371395545 1.510208366 -0.188809465
 1.639256100 0.326542190 -0.371896545 1.502875360 -0.180410853
 1.641970100 0.330611093 -0.372374946 1.495586601 -0.172155688
 1.644684100 0.334660274 -0.372831133 1.488341900 -0.164040374
 1.647398100 0.338689853 -0.373265481 1.481141046 -0.156061433
 1.650112100 0.342699948 -0.373678356 1.473983813 -0.148215502
 1.652826100 0.346690677 -0.374070113 1.466869956 -0.140499326
 1.655540100 0.350662158 -0.374441101 1.459799218 -0.132909757
 1.658254100 0.354614507 -0.374791660 1.452771328 -0.125443745
 1.660968100 0.358547840 -0.375122120 1.445786004 -0.118098337
 1.663682100 0.362462272 -0.375432805 1.438842952 -0.110870676
 1.666396100 0.366357918 -0.375724031 1.431941869 -0.103757992
 1.669110100 0.370234891 -0.375996106 1.425082445 -0.096757601
 1.671824100 0.374093304 -0.376249331 1.418264362 -0.089866903
 1.674538100 0.377933268 -0.376484001 1.411487294 -0.083083376
 1.677252100 0.381754894 -0.376700403 1.404750910 -0.076404577
 1.679966100 0.385558293 -0.376898818 1.398054874 -0.069828135
 1.682680100 0.389343573 -0.377079521 1.391398847 -0.063351750
 1.685394100 0.393110842 -0.377242781 1.384782485 -0.056973193
 1.688108100 0.396860208 -0.377388859 1.378205439 -0.050690298
 1.690822100 0.400591777 -0.377518013 1.371667362 -0.044500963
 1.693536100 0.404305654 -0.377630493 1.365167901 -0.038403150
 1.696250100 0.408001944 -0.377726547 1.358706703 -0.032394876
 1.698964100 0.411680749 -0.377806413 1.352283414 -0.026474220
 1.701678100 0.415342173 -0.377870327 1.345897679 -0.020639310
 1.704392100 0.418986316 -0.377918519 1.339549142 -0.014888333
 1.707106100 0.422613280 -0.377951216 1.333237449 -0.009219523
 1.709820100 0.426223163 -0.377968636 1.326962242 -0.003631166
 1.712534100 0.429816064 -0.377970997 1.320723169 0.001878406
 1.715248100 0.433392081 -0.377958511 1.314519876 0.007310814
 1.717962100 0.436951311 -0.377931383 1.308352008 0.012667635
 1.720676100 0.440493848 -0.377889818 1.302219216 0.017950403
 1.723390100 0.444019789 -0.377834015 1.296121148 0.023160609
 1.726104100 0.447529226 -0.377764167 1.290057457 0.028299705
 1.728818100 0.451022252 -0.377680467 1.284027796 0.033369105
 1.731532100 0.454498959 -0.377583102 1.278031820 0.038370183
 1.734246100 0.457959439 -0.377472255 1.272069187 0.043304279
 1.736960100 0.461403781 -0.377348106 1.266139557 0.048172697
 1.739674100 0.464832075 -0.377210832 1.260242591 0.052976707
 1.742388100 0.468244408 -0.377060606 1.254377955 0.057717545
 1.745102100 0.471640868 -0.376897598 1.248545315 0.062396417
 1.747816100 0.475021541 -0.376721974 1.242744341 0.067014497
 1.750530100 0.478386513 -0.376533898 1.236974706 0.071572930
 1.753244100 0.481735869 -0.376333530 1.231236085 0.076072830
 1.755958100 0.485069691 -0.376121027 1.225528157 0.080515285
 1.758672100 0.488388064 -0.375896544 1.219850601 0.084901355
 1.761386100 0.491691068 -0.375660233 1.214203102 0.089232075
 1.764100100 0.494978785 -0.375412242 1.208585348 0.093508452
 1.766814100 0.498251296 -0.375152718 1.202997027 0.097731470
 1.769528100 0.501508680 -0.374881804 1.197437833 0.101902088
 1.772242100 0.504751016 -0.374599640 1.191907461 0.106021244
 1.774956100 0.507978380 -0.374306366 1.186405611 0.110089851
 1.777670100 0.511190851 -0.374002118 1.180931985 0.114108800
 1.780384100 0.514388505 -0.373687028 1.175486287 0.118078962
 1.783098100 0.517571416 -0.373361229 1.170068227 0.122001187
 1.785812100 0.520739660 -0.373024849 1.164677516 0.125876306
 1.788526100 0.523893311 -0.372678015 1.159313868 0.129705129
 1.791240100 0.527032441 -0.372320851 1.153977000 0.133488446
 1.793954100 0.530157123 -0.371953480 1.148666633 0.137227033
 1.796668100 0.533267428 -0.371576023 1.143382492 0.140921644
 1.799382100 0.536363427 -0.371188597 1.138124302 0.144573017
 1.802096100 0.539445190 -0.370791319 1.132891794 0.148181875
 1.804810100 0.542512787 -0.370384304 1.127684700 0.151748921
 1.807524100 0.545566286 -0.369967664 1.122502757 0.155274845
 1.810238100 0.548605755 -0.369541509 1.117345703 0.158760322
 1.812952100 0.551631261 -0.369105949 1.112213281 0.162206010
 1.815666100 0.554642871 -0.368661091 1.107105234 0.165612553
 1.818380100 0.557640651 -0.368207039 1.102021311 0.168980581
 1.821094100 0.560624665 -0.367743899 1.096961263 0.172310710
 1.823808100 0.563594978 -0.367271771 1.091924843 0.175603543
 1.826522100 0.566551655 -0.366790756 1.086911808 0.178859671
 1.829236100 0.569494757 -0.366300954 1.081921917 0.182079669
 1.831950100 0.572424348 -0.365802460 1.076954933 0.185264103
 1.834664100 0.575340489 -0.365295372 1.072010619 0.188413525
 1.837378100 0.578243243 -0.364779783 1.067088745 0.191528477
 1.840092100 0.581132668 -0.364255786 1.062189079 0.194609487
 1.842806100 0.584008825 -0.363723473 1.057311397 0.197657074
 1.845520100 0.586871774 -0.363182934 1.052455473 0.200671745
 1.848234100 0.589721574 -0.362634257 1.047621086 0.203653998
 1.850948100 0.592558281 -0.362077529 1.042808017 0.206604319
 1.853662100 0.595381955 -0.361512837 1.038016050 0.209523185
 1.856376100 0.598192652 -0.360940266 1.033244971 0.212411062
 1.859090100 0.600990428 -0.360359898 1.028494570 0.215268409
 1.861804100 0.603775339 -0.359771816 1.023764636 0.218095674
 1.864518100 0.606547441 -0.359176102 1.019054965 0.220893294
 1.867232100 0.609306788 -0.358572834 1.014365353 0.223661702
 1.869946100 0.612053435 -0.357962092 1.009695598 0.226401318
 1.872660100 0.614787434 -0.357343954 1.005045501 0.229112556
 1.875374100 0.617508840 -0.356718495 1.000414867 0.231795821
 1.878088100 0.620217704 -0.356085791 0.995803499 0.234451510
 1.880802100 0.622914079 -0.355445917 0.991211208 0.237080013
 1.883516100 0.625598016 -0.354798945 0.986637803 0.239681711
 1.886230100 0.628269566 -0.354144949 0.982083097 0.242256979
 1.888944100 0.630928780 -0.353483998 0.977546904 0.244806184
 1.891658100 0.633575708 -0.352816164 0.973029042 0.247329687
 1.894372100 0.636210399 -0.352141516 0.968529330 0.249827840
 1.897086100 0.638832902 -0.351460122 0.964047590 0.252300990
 1.899800100 0.641443266 -0.350772049 0.959583644 0.254749477
 1.902514100 0.644041538 -0.350077364 0.955137318 0.257173635
 1.905228100 0.646627767 -0.349376132 0.950708439 0.259573790
 1.907942100 0.649202000 -0.348668419 0.946296839 0.261950264
 1.910656100 0.651764282 -0.347954288 0.941902347 0.264303373
 1.913370100 0.654314661 -0.347233801 0.937524797 0.266633426
 1.916084100 0.656853183 -0.346507022 0.933164026 0.268940725
 1.918798100 0.659379891 -0.345774012 0.928819870 0.271225570
 1.921512100 0.661894832 -0.345034830 0.924492168 0.273488253
 1.924226100 0.664398050 -0.344289537 0.920180763 0.275729062
 1.926940100 0.666889588 -0.343538192 0.915885496 0.277948278
 1.929654100 0.669369491 -0.342780854 0.911606213 0.280146179
 1.932368100 0.671837802 -0.342017578 0.907342760 0.282323036
 1.935082100 0.674294562 -0.341248423 0.903094986 0.284479117
 1.937796100 0.676739816 -0.340473444 0.898862740 0.286614684
 1.940510100 0.679173604 -0.339692697 0.894645875 0.288729996
 1.943224100 0.681595968 -0.338906236 0.890444245 0.290825304
 1.945938100 0.684006949 -0.338114116 0.886257703 0.292900859
 1.948652100 0.686406588 -0.337316388 0.882086108 0.294956905
 1.951366100 0.688794926 -0.336513107 0.877929317 0.296993681
 1.954080100 0.691172002 -0.335704324 0.873787191 0.299011425
 1.956794100 0.693537857 -0.334890090 0.869659592 0.301010367
 1.959508100 0.695892528 -0.334070457 0.865546382 0.302990736
 1.962222100 0.698236056 -0.333245473 0.861447426 0.304952755
 1.964936100 0.700568478 -0.332415190 0.857362591 0.306896646
 1.967650100 0.702889833 -0.331579655 0.853291744 0.308822624
 1.970364100 0.705200158 -0.330738917 0.849234755 0.310730903
 1.973078100 0.707499492 -0.329893023 0.845191495 0.312621692
 1.975792100 0.709787871 -0.329042022 0.841161834 0.314495195
 1.978506100 0.712065331 -0.328185959 0.837145648 0.316351617
 1.981220100 0.714331910 -0.327324881 0.833142811 0.318191155
 1.983934100 0.716587643 -0.326458833 0.829153198 0.320014005
 1.986648100 0.718832565 -0.325587860 0.825176689 0.321820359
 1.989362100 0.721066714 -0.324712007 0.821213162 0.323610408
 1.992076100 0.723290123 -0.323831317 0.817262496 0.325384336
 1.994790100 0.725502827 -0.322945835 0.813324575 0.327142328
 1.997504100 0.727704860 -0.322055603 0.809399280 0.328884562
 2.000218100 0.729896258 -0.321160664 0.805486497 0.330611217
 2.002932100 0.732077052 -0.320261060 0.801586109 0.332322466
 2.005646100 0.734247278 -0.319356832 0.797698005 0.334018482
 2.008360100 0.736406969 -0.318448021 0.793822071 0.335699432
 2.011074100 0.738556156 -0.317534669 0.789958198 0.337365483
 2.013788100 0.740694873 -0.316616815 0.786106274 0.339016799
 2.016502100 0.742823152 -0.315694499 0.782266193 0.340653540
 2.019216100 0.744941025 -0.314767761 0.778437845 0.342275864
 2.021930100 0.747048523 -0.313836639 0.774621125 0.343883927
 2.024644100 0.749145679 -0.312901172 0.770815928 0.345477884
 2.027358100 0.751232523 -0.311961398 0.767022149 0.347057883
 2.030072100 0.753309086 -0.311017354 0.763239686 0.348624075
 2.032786100 0.755375399 -0.310069079 0.759468437 0.350176606
 2.035500100 0.757431491 -0.309116608 0.755708300 0.351715619
 2.038214100 0.759477394 -0.308159978 0.751959176 0.353241256
 2.040928100 0.761513136 -0.307199226 0.748220967 0.354753657
 2.043642100 0.763538747 -0.306234388 0.744493573 0.356252960
 2.046356100 0.765554257 -0.305265497 0.740776899 0.357739300
 2.049070100 0.767559694 -0.304292590 0.737070849 0.359212810
 2.051784100 0.769555087 -0.303315702 0.733375328 0.360673622
 2.054498100 0.771540465 -0.302334866 0.729690242 0.362121865
 2.057212100 0.773515856 -0.301350116 0.726015498 0.363557666
 2.059926100 0.775481287 -0.300361486 0.722351004 0.364981151
 2.062640100 0.777436787 -0.299369009 0.718696670 0.366392444
 2.065354100 0.779382382 -0.298372719 0.715052404 0.367791666
 2.068068100 0.781318100 -0.297372647 0.711418118 0.369178937
 2.070782100 0.783243969 -0.296368826 0.707793723 0.370554376
 2.073496100 0.785160014 -0.295361289 0.704179133 0.371918098
 2.076210100 0.787066262 -0.294350065 0.700574259 0.373270219
 2.078924100 0.788962740 -0.293335188 0.696979017 0.374610852
 2.081638100 0.790849473 -0.292316688 0.693393321 0.375940108
 2.084352100 0.792726488 -0.291294596 0.689817088 0.377258097
 2.087066100 0.794593809 -0.290268941 0.686250234 0.378564927
 2.089780100 0.796451463 -0.289239755 0.682692676 0.379860704
 2.092494100 0.798299474 -0.288207068 0.679144334 0.381145534
 2.095208100 0.800137867 -0.287170907 0.675605125 0.382419521
 2.097922100 0.801966667 -0.286131304 0.672074971 0.383682766
 2.100636100 0.803785898 -0.285088287 0.668553791 0.384935370
 2.103350100 0.805595585 -0.284041885 0.665041507 0.386177432
 2.106064100 0.807395752 -0.282992126 0.661538040 0.387409050
 2.108778100 0.809186422 -0.281939038 0.658043315 0.388630321
 2.111492100 0.810967619 -0.280882650 0.654557255 0.389841338
 2.114206100 0.812739367 -0.279822988 0.651079783 0.391042197
 2.116920100 0.814501688 -0.278760082 0.647610825 0.392232989
 2.119634100 0.816254607 -0.277693957 0.644150306 0.393413806
 2.122348100 0.817998144 -0.276624641 0.640698154 0.394584737
 2.125062100 0.819732324 -0.275552160 0.637254294 0.395745870
 2.127776100 0.821457168 -0.274476541 0.633818655 0.396897294
 2.130490100 0.823172699 -0.273397810 0.630391165 0.398039094
 2.133204100 0.824878939 -0.272315994 0.626971754 0.399171355
 2.135918100 0.826575910 -0.271231117 0.623560350 0.400294160
 2.138632100 0.828263632 -0.270143205 0.620156885 0.401407593
 2.141346100 0.829942129 -0.269052285 0.616761289 0.402511735
 2.144060100 0.831611420 -0.267958380 0.613373493 0.403606666
 2.146774100 0.833271527 -0.266861516 0.609993431 0.404692466
 2.149488100 0.834922472 -0.265761718 0.606621034 0.405769211
 2.152202100 0.836564274 -0.264659009 0.603256237 0.406836981
 2.154916100 0.838196954 -0.263553415 0.599898973 0.407895850
 2.157630100 0.839820532 -0.262444959 0.596549176 0.408945893
 2.160344100 0.841435030 -0.261333665 0.593206782 0.409987185
 2.163058100 0.843040466 -0.260219556 0.589871727 0.411019799
 2.165772100 0.844636860 -0.259102657 0.586543947 0.412043807
 2.168486100 0.846224233 -0.257982990 0.583223378 0.413059279
 2.171200100 0.847802604 -0.256860579 0.579909958 0.414066286
 2.173914100 0.849371991 -0.255735446 0.576603625 0.415064896
 2.176628100 0.850932415 -0.254607614 0.573304317 0.416055179
 2.179342100 0.852483894 -0.253477106 0.570011974 0.417037202
 2.182056100 0.854026446 -0.252343944 0.566726534 0.418011030
 2.184770100 0.855560092 -0.251208150 0.563447937 0.418976730
 2.187484100 0.857084848 -0.250069746 0.560176125 0.419934366
 2.190198100 0.858600734 -0.248928753 0.556911038 0.420884003
 2.192912100 0.860107768 -0.247785195 0.553652617 0.421825702
 2.195626100 0.861605967 -0.246639091 0.550400805 0.422759526
 2.198340100 0.863095349 -0.245490463 0.547155544 0.423685537
 2.201054100 0.864575933 -0.244339333 0.543916776 0.424603795
 2.203768100 0.866047736 -0.243185721 0.540684446 0.425514360
 2.206482100 0.867510775 -0.242029648 0.537458496 0.426417291
 2.209196100 0.868965067 -0.240871135 0.534238872 0.427312646
 2.211910100 0.870410629 -0.239710202 0.531025518 0.428200483
 2.214624100 0.871847479 -0.238546869 0.527818379 0.429080857
 2.217338100 0.873275633 -0.237381157 0.524617400 0.429953827
 2.220052100 0.874695108 -0.236213086 0.521422529 0.430819445
 2.222766100 0.876105920 -0.235042676 0.518233711 0.431677768
 2.225480100 0.877508086 -0.233869946 0.515050892 0.432528848
 2.228194100 0.878901622 -0.232694916 0.511874022 0.433372740
 2.230908100 0.880286544 -0.231517606 0.508703046 0.434209495
 2.233622100 0.881662868 -0.230338034 0.505537914 0.435039165
 2.236336100 0.883030610 -0.229156219 0.502378574 0.435861802
 2.239050100 0.884389785 -0.227972182 0.499224974 0.436677455
 2.241764100 0.885740408 -0.226785941 0.496077064 0.437486176
 2.244478100 0.887082496 -0.225597513 0.492934794 0.438288012
 2.247192100 0.888416064 -0.224406919 0.489798114 0.439083013
 2.249906100 0.889741126 -0.223214177 0.486666975 0.439871226
 2.252620100 0.891057697 -0.222019305 0.483541326 0.440652699
 2.255334100 0.892365793 -0.220822320 0.480421120 0.441427478
 2.258048100 0.893665428 -0.219623242 0.477306307 0.442195610
 2.260762100 0.894956617 -0.218422089 0.474196841 0.442957141
 2.263476100 0.896239374 -0.217218877 0.471092672 0.443712114
 2.266190100 0.897513713 -0.216013625 0.467993754 0.444460576
 2.268904100 0.898779649 -0.214806351 0.464900040 0.445202568
 2.271618100 0.900037196 -0.213597072 0.461811483 0.445938136
 2.274332100 0.901286367 -0.212385805 0.458728036 0.446667321
 2.277046100 0.902527176 -0.211172567 0.455649654 0.447390165
 2.279760100 0.903759638 -0.209957377 0.452576290 0.448106711
 2.282474100 0.904983765 -0.208740250 0.449507900 0.448817000
 2.285188100 0.906199572 -0.207521204 0.446444439 0.449521072
 2.287902100 0.907407070 -0.206300255 0.443385861 0.450218967
 2.290616100 0.908606275 -0.205077421 0.440332123 0.450910726
 2.293330100 0.909797198 -0.203852717 0.437283180 0.451596386
 2.296044100 0.910979852 -0.202626161 0.434238988 0.452275987
 2.298758100 0.912154251 -0.201397769 0.431199504 0.452949567
 2.301472100 0.913320408 -0.200167556 0.428164685 0.453617163
 2.304186100 0.914478334 -0.198935540 0.425134487 0.454278814
 2.306900100 0.915628042 -0.197701736 0.422108869 0.454934554
 2.309614100 0.916769545 -0.196466161 0.419087787 0.455584422
 2.312328100 0.917902855 -0.195228829 0.416071200 0.456228452
 2.315042100 0.919027984 -0.193989758 0.413059066 0.456866680
 2.317756100 0.920144944 -0.192748962 0.410051343 0.457499141
 2.320470100 0.921253747 -0.191506458 0.407047990 0.458125869
 2.323184100 0.922354405 -0.190262260 0.404048967 0.458746899
 2.325898100 0.923446929 -0.189016385 0.401054232 0.459362264
 2.328612100 0.924531331 -0.187768847 0.398063745 0.459971997
 2.331326100 0.925607623 -0.186519662 0.395077466 0.460576131
 2.334040100 0.926675816 -0.185268845 0.392095355 0.461174698
 2.336754100 0.927735921 -0.184016411 0.389117373 0.461767731
 2.339468100 0.928787949 -0.182762375 0.386143479 0.462355261
 2.342182100 0.929831911 -0.181506751 0.383173635 0.462937319
 2.344896100 0.930867819 -0.180249556 0.380207802 0.463513935
 2.347610100 0.931895683 -0.178990803 0.377245941 0.464085142
 2.350324100 0.932915514 -0.177730507 0.374288014 0.464650967
 2.353038100 0.933927322 -0.176468682 0.371333982 0.465211441
 2.355752100 0.934931119 -0.175205344 0.368383807 0.465766594
 2.358466100 0.935926913 -0.173940506 0.365437452 0.466316454
 2.361180100 0.936914717 -0.172674183 0.362494880 0.466861049
 2.363894100 0.937894539 -0.171406389 0.359556052 0.467400408
 2.366608100 0.938866391 -0.170137138 0.356620932 0.467934559
 2.369322100 0.939830281 -0.168866445 0.353689483 0.468463528
 2.372036100 0.940786221 -0.167594323 0.350761668 0.468987344
 2.374750100 0.941734219 -0.166320786 0.347837451 0.469506033
 2.377464100 0.942674286 -0.165045849 0.344916795 0.470019621
 2.380178100 0.943606431 -0.163769524 0.341999665 0.470528134
 2.382892100 0.944530664 -0.162491827 0.339086025 0.471031598
 2.385606100 0.945446993 -0.161212770 0.336175839 0.471530039
 2.388320100 0.946355430 -0.159932366 0.333269071 0.472023482
 2.391034100 0.947255981 -0.158650631 0.330365687 0.472511951
 2.393748100 0.948148658 -0.157367576 0.327465651 0.472995471
 2.396462100 0.949033468 -0.156083216 0.324568929 0.473474066
 2.399176100 0.949910421 -0.154797563 0.321675486 0.473947759
 2.401890100 0.950779526 -0.153510632 0.318785287 0.474416575
 2.404604100 0.951640791 -0.152222435 0.315898298 0.474880536
 2.407318100 0.952494225 -0.150932985 0.313014485 0.475339666
 2.410032100 0.953339837 -0.149642295 0.310133814 0.475793987
 2.412746100 0.954177635 -0.148350379 0.307256252 0.476243521
 2.415460100 0.955007627 -0.147057250 0.304381764 0.476688290
 2.418174100 0.955829822 -0.145762920 0.301510318 0.477128316
 2.420888100 0.956644228 -0.144467402 0.298641880 0.477563621
 2.423602100 0.957450853 -0.143170709 0.295776417 0.477994226
 2.426316100 0.958249705 -0.141872853 0.292913896 0.478420151
 2.429030100 0.959040792 -0.140573848 0.290054284 0.478841417
 2.431744100 0.959824123 -0.139273706 0.287197549 0.479258044
 2.434458100 0.960599704 -0.137972440 0.284343659 0.479670053
 2.437172100 0.961367543 -0.136670061 0.281492581 0.480077463
 2.439886100 0.962127648 -0.135366583 0.278644283 0.480480293
 2.442600100 0.962880027 -0.134062018 0.275798733 0.480878564
 2.445314100 0.963624686 -0.132756379 0.272955899 0.481272293
 2.448028100 0.964361634 -0.131449677 0.270115750 0.481661500
 2.450742100 0.965090877 -0.130141924 0.267278253 0.482046204
 2.453456100 0.965812423 -0.128833134 0.264443379 0.482426421
 2.456170100 0.966526279 -0.127523318 0.261611095 0.482802171
 2.458884100 0.967232451 -0.126212488 0.258781371 0.483173470
 2.461598100 0.967930946 -0.124900656 0.255954175 0.483540337
 2.464312100 0.968621773 -0.123587835 0.253129476 0.483902788
 2.467026100 0.969304936 -0.122274036 0.250307245 0.484260841
 2.469740100 0.969980443 -0.120959271 0.247487450 0.484614512
 2.472454100 0.970648300 -0.119643552 0.244670061 0.484963818
 2.475168100 0.971308514 -0.118326891 0.241855048 0.485308775
 2.477882100 0.971961092 -0.117009300 0.239042380 0.485649398
 2.480596100 0.972606039 -0.115690790 0.236232028 0.485985705
 2.483310100 0.973243362 -0.114371374 0.233423962 0.486317709
 2.486024100 0.973873066 -0.113051062 0.230618151 0.486645428
 2.488738100 0.974495159 -0.111729866 0.227814567 0.486968874
 2.491452100 0.975109646 -0.110407799 0.225013179 0.487288065
 2.494166100 0.975716533 -0.109084870 0.222213958 0.487603013
 2.496880100 0.976315826 -0.107761093 0.219416876 0.487913734
 2.499594100 0.976907530 -0.106436479 0.216621901 0.488220241
 2.502308100 0.977491651 -0.105111038 0.213829007 0.488522549
 2.505022100 0.978068196 -0.103784782 0.211038163 0.488820672
 2.507736100 0.978637169 -0.102457723 0.208249341 0.489114623
 2.510450100 0.979198575 -0.101129872 0.205462511 0.489404415
 2.513164100 0.979752421 -0.099801239 0.202677646 0.489690061
 2.515878100 0.980298712 -0.098471838 0.199894716 0.489971574
 2.518592100 0.980837452 -0.097141678 0.197113694 0.490248968
 2.521306100 0.981368647 -0.095810770 0.194334550 0.490522254
 2.524020100 0.981892302 -0.094479126 0.191557257 0.490791445
 2.526734100 0.982408422 -0.093146758 0.188781787 0.491056552
 2.529448100 0.982917011 -0.091813675 0.186008110 0.491317589
 2.532162100 0.983418075 -0.090479890 0.183236200 0.491574565
 2.534876100 0.983911619 -0.089145412 0.180466028 0.491827494
 2.537590100 0.984397647 -0.087810254 0.177697567 0.492076385
 2.540304100 0.984876163 -0.086474425 0.174930789 0.492321251
 2.543018100 0.985347173 -0.085137938 0.172165665 0.492562102
 2.545732100 0.985810680 -0.083800802 0.169402170 0.492798949
 2.548446100 0.986266690 -0.082463029 0.166640274 0.493031802
 2.551160100 0.986715205 -0.081124629 0.163879952 0.493260671
 2.553874100 0.987156232 -0.079785613 0.161121175 0.493485568
 2.556588100 0.987589773 -0.078445993 0.158363916 0.493706501
 2.559302100 0.988015833 -0.077105778 0.155608148 0.493923480
 2.562016100 0.988434415 -0.075764980 0.152853844 0.494136515
 2.564730100 0.988845525 -0.074423609 0.150100978 0.494345615
 2.567444100 0.989249165 -0.073081675 0.147349521 0.494550790
 2.570158100 0.989645340 -0.071739190 0.144599448 0.494752048
 2.572872100 0.990034052 -0.070396165 0.141850731 0.494949399
 2.575586100 0.990415307 -0.069052609 0.139103343 0.495142850
 2.578300100 0.990789107 -0.067708533 0.136357259 0.495332410
 2.581014100 0.991155456 -0.066363948 0.133612451 0.495518089
 2.583728100 0.991514357 -0.065018864 0.130868894 0.495699892
 2.586442100 0.991865813 -0.063673292 0.128126559 0.495877830
 2.589156100 0.992209829 -0.062327243 0.125385422 0.496051909
 2.591870100 0.992546407 -0.060980726 0.122645456 0.496222136
 2.594584100 0.992875550 -0.059633753 0.119906634 0.496388520
 2.597298100 0.993197261 -0.058286333 0.117168930 0.496551067
 2.600012100 0.993511544 -0.056938477 0.114432319 0.496709785
 2.602726100 0.993818401 -0.055590195 0.111696773 0.496864680
 2.605440100 0.994117835 -0.054241499 0.108962268 0.497015760
 2.608154100 0.994409849 -0.052892397 0.106228776 0.497163030
 2.610868100 0.994694446 -0.051542901 0.103496272 0.497306496
 2.613582100 0.994971628 -0.050193021 0.100764730 0.497446166
 2.616296100 0.995241398 -0.048842767 0.098034125 0.497582045
 2.619010100 0.995503759 -0.047492149 0.095304430 0.497714139
 2.621724100 0.995758712 -0.046141178 0.092575619 0.497842454
 2.624438100 0.996006260 -0.044789864 0.089847667 0.497966995
 2.627152100 0.996246406 -0.043438217 0.087120549 0.498087767
 2.629866100 0.996479151 -0.042086247 0.084394238 0.498204776
 2.632580100 0.996704499 -0.040733965 0.081668709 0.498318027
 2.635294100 0.996922450 -0.039381380 0.078943937 0.498427524
 2.638008100 0.997133007 -0.038028503 0.076219895 0.498533272
 2.640722100 0.997336173 -0.036675345 0.073496559 0.498635276
 2.643436100 0.997531948 -0.035321914 0.070773902 0.498733540
 2.646150100 0.997720334 -0.033968223 0.068051901 0.498828069
 2.648864100 0.997901334 -0.032614279 0.065330528 0.498918866
 2.651578100 0.998074949 -0.031260094 0.062609759 0.499005935
 2.654292100 0.998241181 -0.029905678 0.059889569 0.499089280
 2.657006100 0.998400031 -0.028551041 0.057169932 0.499168904
 2.659720100 0.998551500 -0.027196193 0.054450822 0.499244812
 2.662434100 0.998695590 -0.025841144 0.051732215 0.499317005
 2.665148100 0.998832303 -0.024485903 0.049014086 0.499385488
 2.667862100 0.998961639 -0.023130483 0.046296409 0.499450262
 2.670576100 0.999083601 -0.021774891 0.043579159 0.499511331
 2.673290100 0.999198188 -0.020419138 0.040862311 0.499568698
 2.676004100 0.999305402 -0.019063235 0.038145840 0.499622365
 2.678718100 0.999405244 -0.017707192 0.035429720 0.499672334
 2.681432100 0.999497715 -0.016351017 0.032713927 0.499718607
 2.684146100 0.999582816 -0.014994722 0.029998435 0.499761186
 2.686860100 0.999660547 -0.013638317 0.027283220 0.499800073
 2.689574100 0.999730910 -0.012281811 0.024568256 0.499835270
 2.692288100 0.999793904 -0.010925214 0.021853518 0.499866778
 2.695002100 0.999849531 -0.009568537 0.019138982 0.499894599
 2.697716100 0.999897791 -0.008211790 0.016424622 0.499918733
 2.700430100 0.999938684 -0.006854982 0.013710413 0.499939182
 2.703144100 0.999972211 -0.005498123 0.010996330 0.499955947
 2.705858100 0.999998373 -0.004141224 0.008282349 0.499969027
 2.708572100 1.000017168 -0.002784295 0.005568444 0.499978425
 2.711286100 1.000028598 -0.001427345 0.002854590 0.499984140
 2.714000100 1.000032663 -0.000070384 0.000140763 0.499986172
