 t x y vx vy
 0.000300000 0.999999955 0.000150000 -0.000300000 0.499999977
0.00300000000000 0.99999549999578 0.00149999774999 -0.00300000562502 0.49999774999030
0.00570000000000 0.99998375494502 0.00284998456711 -0.00570003858229 0.49999187737355
0.00840000000000 0.99996471974069 0.00419995060700 -0.00840012348290 0.49998235940357
0.01110000000000 0.99993839420932 0.00554988602671 -0.01110028493480 0.49996919568137
0.01380000000000 0.99990477811099 0.00689978098201 -0.01380054754967 0.49995238565505
0.01650000000000 0.99986387113935 0.00824962562695 -0.01650093594410 0.49993192861981
0.01920000000000 0.99981567292153 0.00959941011348 -0.01920147474077 0.49990782371783
0.02190000000000 0.99976018301822 0.01094912459104 -0.02190218856964 0.49988006993816
0.02460000000000 0.99969740092355 0.01229875920611 -0.02460310206920 0.49984866611666
0.02730000000000 0.99962732606516 0.01364830410185 -0.02730423988758 0.49981361093582
0.03000000000000 0.99954995780408 0.01499774941762 -0.03000562668384 0.49977490292465
0.03270000000000 0.99946529543478 0.01634708528864 -0.03270728712908 0.49973254045851
0.03540000000000 0.99937333818508 0.01769630184549 -0.03540924590772 0.49968652175891
0.03810000000000 0.99927408521615 0.01904538921379 -0.03811152771864 0.49963684489333
0.04080000000000 0.99916753562243 0.02039433751370 -0.04081415727642 0.49958350777501
0.04350000000000 0.99905368843163 0.02174313685954 -0.04351715931253 0.49952650816271
0.04620000000000 0.99893254260464 0.02309177735938 -0.04622055857656 0.49946584366047
0.04890000000000 0.99880409703552 0.02444024911461 -0.04892437983738 0.49940151171733
0.05160000000000 0.99866835055141 0.02578854221952 -0.05162864788441 0.49933350962705
0.05430000000000 0.99852530191251 0.02713664676089 -0.05433338752879 0.49926183452785
0.05700000000000 0.99837494981197 0.02848455281755 -0.05703862360462 0.49918648340201
0.05970000000000 0.99821729287588 0.02983225045999 -0.05974438097016 0.49910745307562
0.06240000000000 0.99805232966317 0.03117972974989 -0.06245068450908 0.49902474021818
0.06510000000000 0.99788005866556 0.03252698073975 -0.06515755913165 0.49893834134223
0.06780000000000 0.99770047830744 0.03387399347245 -0.06786502977599 0.49884825280297
0.07050000000000 0.99751358694588 0.03522075798078 -0.07057312140931 0.49875447079789
0.07320000000000 0.99731938287045 0.03656726428707 -0.07328185902910 0.49865699136626
0.07590000000000 0.99711786430321 0.03791350240277 -0.07599126766442 0.49855581038878
0.07860000000000 0.99690902939859 0.03925946232794 -0.07870137237711 0.49845092358706
0.08130000000000 0.99669287624332 0.04060513405091 -0.08141219826303 0.49834232652316
0.08400000000000 0.99646940285630 0.04195050754779 -0.08412377045335 0.49823001459910
0.08670000000000 0.99623860718854 0.04329557278209 -0.08683611411573 0.49811398305634
0.08940000000000 0.99600048712306 0.04464031970422 -0.08954925445567 0.49799422697525
0.09210000000000 0.99575504047476 0.04598473825110 -0.09226321671768 0.49787074127455
0.09480000000000 0.99550226499030 0.04732881834573 -0.09497802618660 0.49774352071073
0.09750000000000 0.99524215834807 0.04867254989670 -0.09769370818887 0.49761255987749
0.10020000000000 0.99497471815797 0.05001592279782 -0.10041028809377 0.49747785320512
0.10290000000000 0.99469994196138 0.05135892692760 -0.10312779131472 0.49733939495984
0.10560000000000 0.99441782723098 0.05270155214888 -0.10584624331059 0.49719717924321
0.10830000000000 0.99412837137065 0.05404378830834 -0.10856566958696 0.49705119999141
0.11100000000000 0.99383157171536 0.05538562523605 -0.11128609569739 0.49690145097459
0.11370000000000 0.99352742553099 0.05672705274506 -0.11400754724480 0.49674792579615
0.11640000000000 0.99321593001426 0.05806806063090 -0.11673004988269 0.49659061789201
0.11910000000000 0.99289708229251 0.05940863867117 -0.11945362931651 0.49642952052987
0.12180000000000 0.99257087942365 0.06074877662504 -0.12217831130496 0.49626462680845
0.12450000000000 0.99223731839594 0.06208846423285 -0.12490412166132 0.49609592965669
0.12720000000000 0.99189639612787 0.06342769121559 -0.12763108625477 0.49592342183297
0.12990000000000 0.99154810946802 0.06476644727448 -0.13035923101172 0.49574709592424
0.13260000000000 0.99119245519487 0.06610472209048 -0.13308858191718 0.49556694434521
0.13530000000000 0.99082943001669 0.06744250532386 -0.13581916501612 0.49538295933746
0.13800000000000 0.99045903057132 0.06877978661369 -0.13855100641476 0.49519513296857
0.14070000000000 0.99008125342603 0.07011655557738 -0.14128413228202 0.49500345713117
0.14340000000000 0.98969609507737 0.07145280181022 -0.14401856885085 0.49480792354205
0.14610000000000 0.98930355195094 0.07278851488492 -0.14675434241958 0.49460852374119
0.14880000000000 0.98890362040127 0.07412368435107 -0.14949147935339 0.49440524909075
0.15150000000000 0.98849629671161 0.07545829973471 -0.15223000608563 0.49419809077413
0.15420000000000 0.98808157709374 0.07679235053786 -0.15496994911923 0.49398703979489
0.15690000000000 0.98765945768778 0.07812582623796 -0.15771133502818 0.49377208697575
0.15960000000000 0.98722993456202 0.07945871628745 -0.16045419045887 0.49355322295749
0.16230000000000 0.98679300371269 0.08079101011326 -0.16319854213155 0.49333043819788
0.16500000000000 0.98634866106378 0.08212269711630 -0.16594441684177 0.49310372297054
0.16770000000000 0.98589690246683 0.08345376667097 -0.16869184146183 0.49287306736385
0.17040000000000 0.98543772370071 0.08478420812465 -0.17144084294222 0.49263846127973
0.17310000000000 0.98497112047144 0.08611401079720 -0.17419144831310 0.49239989443249
0.17580000000000 0.98449708841192 0.08744316398047 -0.17694368468576 0.49215735634759
0.17850000000000 0.98401562308176 0.08877165693777 -0.17969757925411 0.49191083636046
0.18120000000000 0.98352671996703 0.09009947890334 -0.18245315929617 0.49166032361516
0.18390000000000 0.98303037448001 0.09142661908187 -0.18521045217560 0.49140580706317
0.18660000000000 0.98252658195902 0.09275306664794 -0.18796948534315 0.49114727546202
0.18930000000000 0.98201533766812 0.09407881074553 -0.19073028633826 0.49088471737399
0.19200000000000 0.98149663679689 0.09540384048746 -0.19349288279054 0.49061812116473
0.19470000000000 0.98097047446019 0.09672814495487 -0.19625730242134 0.49034747500186
0.19740000000000 0.98043684569792 0.09805171319669 -0.19902357304531 0.49007276685358
0.20010000000000 0.97989574547474 0.09937453422909 -0.20179172257194 0.48979398448720
0.20280000000000 0.97934716867982 0.10069659703494 -0.20456177900717 0.48951111546767
0.20550000000000 0.97879111012659 0.10201789056326 -0.20733377045498 0.48922414715610
0.20820000000000 0.97822756455247 0.10333840372867 -0.21010772511897 0.48893306670821
0.21090000000000 0.97765652661858 0.10465812541082 -0.21288367130398 0.48863786107278
0.21360000000000 0.97707799090950 0.10597704445386 -0.21566163741775 0.48833851699008
0.21630000000000 0.97649195193293 0.10729514966585 -0.21844165197251 0.48803502099020
0.21900000000000 0.97589840411949 0.10861242981818 -0.22122374358668 0.48772735939150
0.22170000000000 0.97529734182236 0.10992887364502 -0.22400794098650 0.48741551829883
0.22440000000000 0.97468875931701 0.11124446984275 -0.22679427300772 0.48709948360189
0.22710000000000 0.97407265080091 0.11255920706934 -0.22958276859732 0.48677924097349
0.22980000000000 0.97344901039322 0.11387307394379 -0.23237345681517 0.48645477586774
0.23250000000000 0.97281783213449 0.11518605904552 -0.23516636683577 0.48612607351831
0.23520000000000 0.97217910998633 0.11649815091378 -0.23796152795000 0.48579311893654
0.23790000000000 0.97153283783111 0.11780933804708 -0.24075896956686 0.48545589690960
0.24060000000000 0.97087900947164 0.11911960890251 -0.24355872121522 0.48511439199861
0.24330000000000 0.97021761863084 0.12042895189518 -0.24636081254560 0.48476858853668
0.24600000000000 0.96954865895139 0.12173735539761 -0.24916527333200 0.48441847062695
0.24870000000000 0.96887212399543 0.12304480773906 -0.25197213347364 0.48406402214060
0.25140000000000 0.96818800724419 0.12435129720493 -0.25478142299688 0.48370522671482
0.25410000000000 0.96749630209767 0.12565681203614 -0.25759317205696 0.48334206775070
0.25680000000000 0.96679700187425 0.12696134042845 -0.26040741093993 0.48297452841118
0.25950000000000 0.96609009981038 0.12826487053186 -0.26322417006451 0.48260259161887
0.26220000000000 0.96537558906019 0.12956739044991 -0.26604347998393 0.48222624005385
0.26490000000000 0.96465346269513 0.13086888823905 -0.26886537138792 0.48184545615152
0.26760000000000 0.96392371370362 0.13216935190800 -0.27168987510457 0.48146022210027
0.27030000000000 0.96318633499062 0.13346876941701 -0.27451702210231 0.48107051983923
0.27300000000000 0.96244131937732 0.13476712867727 -0.27734684349185 0.48067633105591
0.27570000000000 0.96168865960069 0.13606441755014 -0.28017937052816 0.48027763718385
0.27840000000000 0.96092834831313 0.13736062384655 -0.28301463461250 0.47987441940017
0.28110000000000 0.96016037808205 0.13865573532622 -0.28585266729437 0.47946665862315
0.28380000000000 0.95938474138947 0.13994973969702 -0.28869350027363 0.47905433550970
0.28650000000000 0.95860143063164 0.14124262461423 -0.29153716540249 0.47863743045286
0.28920000000000 0.95781043811856 0.14253437767984 -0.29438369468760 0.47821592357914
0.29190000000000 0.95701175607364 0.14382498644180 -0.29723312029219 0.47778979474599
0.29460000000000 0.95620537663321 0.14511443839334 -0.30008547453810 0.47735902353903
0.29730000000000 0.95539129184613 0.14640272097216 -0.30294078990801 0.47692358926943
0.30000000000000 0.95456949367332 0.14768982155977 -0.30579909904753 0.47648347097104
0.30270000000000 0.95373997398736 0.14897572748067 -0.30866043476740 0.47603864739767
0.30540000000000 0.95290272457198 0.15026042600161 -0.31152483004571 0.47558909702018
0.30810000000000 0.95205773712168 0.15154390433083 -0.31439231803010 0.47513479802358
0.31080000000000 0.95120500324120 0.15282614961729 -0.31726293204002 0.47467572830411
0.31350000000000 0.95034451444510 0.15410714894987 -0.32013670556898 0.47421186546618
0.31620000000000 0.94947626215726 0.15538688935659 -0.32301367228686 0.47374318681934
0.31890000000000 0.94860023771042 0.15666535780379 -0.32589386604223 0.47326966937518
0.32160000000000 0.94771643234568 0.15794254119535 -0.32877732086467 0.47279128984418
0.32430000000000 0.94682483721201 0.15921842637184 -0.33166407096714 0.47230802463244
0.32700000000000 0.94592544336575 0.16049300010975 -0.33455415074839 0.47181984983847
0.32970000000000 0.94501824177013 0.16176624912057 -0.33744759479535 0.47132674124987
0.33240000000000 0.94410322329473 0.16303816005002 -0.34034443788556 0.47082867433990
0.33510000000000 0.94318037871495 0.16430871947716 -0.34324471498968 0.47032562426408
0.33780000000000 0.94224969871153 0.16557791391355 -0.34614846127394 0.46981756585672
0.34050000000000 0.94131117386998 0.16684572980236 -0.34905571210268 0.46930447362730
0.34320000000000 0.94036479468008 0.16811215351748 -0.35196650304088 0.46878632175693
0.34590000000000 0.93941055153528 0.16937717136264 -0.35488086985676 0.46826308409463
0.34860000000000 0.93844843473219 0.17064076957055 -0.35779884852436 0.46773473415363
0.35130000000000 0.93747843447002 0.17190293430189 -0.36072047522617 0.46720124510753
0.35400000000000 0.93650054084999 0.17316365164449 -0.36364578635581 0.46666258978648
0.35670000000000 0.93551474387477 0.17442290761233 -0.36657481852069 0.46611874067324
0.35940000000000 0.93452103344791 0.17568068814464 -0.36950760854476 0.46556966989917
0.36210000000000 0.93351939937323 0.17693697910490 -0.37244419347125 0.46501534924019
0.36480000000000 0.93250983135422 0.17819176627993 -0.37538461056542 0.46445575011265
0.36750000000000 0.93149231899349 0.17944503537885 -0.37832889731742 0.46389084356911
0.37020000000000 0.93046685179208 0.18069677203215 -0.38127709144511 0.46332060029409
0.37290000000000 0.92943341914890 0.18194696179067 -0.38422923089692 0.46274499059974
0.37560000000000 0.92839201036009 0.18319559012457 -0.38718535385481 0.46216398442137
0.37830000000000 0.92734261461836 0.18444264242232 -0.39014549873713 0.46157755131301
0.38100000000000 0.92628522101239 0.18568810398968 -0.39310970420170 0.46098566044284
0.38370000000000 0.92521981852614 0.18693196004864 -0.39607800914874 0.46038828058851
0.38640000000000 0.92414639603823 0.18817419573633 -0.39905045272393 0.45978538013243
0.38910000000000 0.92306494232122 0.18941479610401 -0.40202707432153 0.45917692705699
0.39180000000000 0.92197544604100 0.19065374611591 -0.40500791358747 0.45856288893962
0.39450000000000 0.92087789575605 0.19189103064821 -0.40799301042251 0.45794323294788
0.39720000000000 0.91977227991677 0.19312663448784 -0.41098240498540 0.45731792583433
0.39990000000000 0.91865858686480 0.19436054233141 -0.41397613769617 0.45668693393148
0.40260000000000 0.91753680483227 0.19559273878408 -0.41697424923938 0.45605022314644
0.40530000000000 0.91640692194111 0.19682320835835 -0.41997678056738 0.45540775895573
0.40800000000000 0.91526892620231 0.19805193547293 -0.42298377290371 0.45475950639974
0.41070000000000 0.91412280551518 0.19927890445154 -0.42599526774648 0.45410543007730
0.41340000000000 0.91296854766663 0.20050409952171 -0.42901130687178 0.45344549414008
0.41610000000000 0.91180614033038 0.20172750481358 -0.43203193233717 0.45277966228682
0.41880000000000 0.91063557106620 0.20294910435866 -0.43505718648517 0.45210789775760
0.42150000000000 0.90945682731918 0.20416888208858 -0.43808711194684 0.45143016332793
0.42420000000000 0.90826989641889 0.20538682183381 -0.44112175164536 0.45074642130271
0.42690000000000 0.90707476557860 0.20660290732243 -0.44416114879969 0.45005663351015
0.42960000000000 0.90587142189450 0.20781712217880 -0.44720534692825 0.44936076129555
0.43230000000000 0.90465985234488 0.20902944992224 -0.45025438985266 0.44865876551499
0.43500000000000 0.90344004378927 0.21023987396571 -0.45330832170152 0.44795060652886
0.43770000000000 0.90221198296767 0.21144837761449 -0.45636718691421 0.44723624419535
0.44040000000000 0.90097565649964 0.21265494406478 -0.45943103024484 0.44651563786376
0.44310000000000 0.89973105088349 0.21385955640233 -0.46249989676608 0.44578874636775
0.44580000000000 0.89847815249539 0.21506219760102 -0.46557383187321 0.44505552801839
0.44850000000000 0.89721694758850 0.21626285052148 -0.46865288128813 0.44431594059719
0.45120000000000 0.89594742229211 0.21746149790961 -0.47173709106340 0.44356994134892
0.45390000000000 0.89466956261070 0.21865812239516 -0.47482650758641 0.44281748697434
0.45660000000000 0.89338335442303 0.21985270649021 -0.47792117758354 0.44205853362281
0.45930000000000 0.89208878348127 0.22104523258770 -0.48102114812440 0.44129303688472
0.46200000000000 0.89078583541001 0.22223568295988 -0.48412646662612 0.44052095178385
0.46470000000000 0.88947449570534 0.22342403975683 -0.48723718085770 0.43974223276956
0.46740000000000 0.88815474973392 0.22461028500481 -0.49035333894441 0.43895683370880
0.47010000000000 0.88682658273195 0.22579440060478 -0.49347498937223 0.43816470787807
0.47280000000000 0.88548997980424 0.22697636833069 -0.49660218099240 0.43736580795512
0.47550000000000 0.88414492592323 0.22815616982793 -0.49973496302596 0.43656008601061
0.47820000000000 0.88279140592791 0.22933378661166 -0.50287338506842 0.43574749349956
0.48090000000000 0.88142940452288 0.23050920006509 -0.50601749709442 0.43492798125261
0.48360000000000 0.88005890627730 0.23168239143785 -0.50916734946253 0.43410149946721
0.48630000000000 0.87867989562382 0.23285334184425 -0.51232299292002 0.43326799769858
0.48900000000000 0.87729235685754 0.23402203226148 -0.51548447860782 0.43242742485052
0.49170000000000 0.87589627413495 0.23518844352791 -0.51865185806537 0.43157972916609
0.49440000000000 0.87449163147285 0.23635255634126 -0.52182518323573 0.43072485821802
0.49710000000000 0.87307841274723 0.23751435125677 -0.52500450647062 0.42986275889907
0.49980000000000 0.87165660169218 0.23867380868538 -0.52818988053556 0.42899337741212
0.50250000000000 0.87022618189874 0.23983090889182 -0.53138135861513 0.42811665926010
0.50520000000000 0.86878713681381 0.24098563199272 -0.53457899431821 0.42723254923575
0.50790000000000 0.86733944973894 0.24213795795469 -0.53778284168339 0.42634099141116
0.51060000000000 0.86588310382921 0.24328786659235 -0.54099295518440 0.42544192912714
0.51330000000000 0.86441808209201 0.24443533756633 -0.54420938973557 0.42453530498238
0.51600000000000 0.86294436738588 0.24558035038126 -0.54743220069748 0.42362106082241
0.51870000000000 0.86146194241926 0.24672288438375 -0.55066144388258 0.42269913772830
0.52140000000000 0.85997078974929 0.24786291876026 -0.55389717556093 0.42176947600528
0.52410000000000 0.85847089178054 0.24900043253500 -0.55713945246606 0.42083201517098
0.52680000000000 0.85696223076380 0.25013540456785 -0.56038833180078 0.41988669394356
0.52950000000000 0.85544478879473 0.25126781355209 -0.56364387124327 0.41893345022956
0.53220000000000 0.85391854781266 0.25239763801225 -0.56690612895302 0.41797222111153
0.53490000000000 0.85238348959918 0.25352485630187 -0.57017516357709 0.41700294283547
0.53760000000000 0.85083959577691 0.25464944660120 -0.57345103425627 0.41602555079791
0.54030000000000 0.84928684780808 0.25577138691490 -0.57673380063139 0.41503997953287
0.54300000000000 0.84772522699325 0.25689065506969 -0.58002352284978 0.41404616269852
0.54570000000000 0.84615471446986 0.25800722871198 -0.58332026157172 0.41304403306351
0.54840000000000 0.84457529121087 0.25912108530542 -0.58662407797705 0.41203352249315
0.55110000000000 0.84298693802335 0.26023220212848 -0.58993503377183 0.41101456193527
0.55380000000000 0.84138963554705 0.26134055627193 -0.59325319119510 0.40998708140574
0.55650000000000 0.83978336425294 0.26244612463629 -0.59657861302581 0.40895100997385
0.55920000000000 0.83816810444177 0.26354888392930 -0.59991136258971 0.40790627574725
0.56190000000000 0.83654383624252 0.26464881066326 -0.60325150376646 0.40685280585668
0.56460000000000 0.83491053961100 0.26574588115238 -0.60659910099678 0.40579052644038
0.56730000000000 0.83326819432820 0.26684007151011 -0.60995421928970 0.40471936262818
0.57000000000000 0.83161677999887 0.26793135764634 -0.61331692422996 0.40363923852528
0.57270000000000 0.82995627604985 0.26901971526467 -0.61668728198548 0.40255007719570
0.57540000000000 0.82828666172855 0.27010511985954 -0.62006535931491 0.40145180064541
0.57810000000000 0.82660791610132 0.27118754671333 -0.62345122357534 0.40034432980510
0.58080000000000 0.82492001805185 0.27226697089351 -0.62684494273013 0.39922758451263
0.58350000000000 0.82322294627948 0.27334336724958 -0.63024658535675 0.39810148349506
0.58620000000000 0.82151667929754 0.27441671041010 -0.63365622065490 0.39696594435044
0.58890000000000 0.81980119543171 0.27548697477960 -0.63707391845456 0.39582088352907
0.59160000000000 0.81807647281823 0.27655413453544 -0.64049974922433 0.39466621631452
0.59430000000000 0.81634248940224 0.27761816362467 -0.64393378407975 0.39350185680414
0.59700000000000 0.81459922293595 0.27867903576076 -0.64737609479183 0.39232771788929
0.59970000000000 0.81284665097692 0.27973672442034 -0.65082675379570 0.39114371123502
0.60240000000000 0.81108475088622 0.28079120283987 -0.65428583419928 0.38994974725947
0.60510000000000 0.80931349982659 0.28184244401223 -0.65775340979226 0.38874573511276
0.60780000000000 0.80753287476066 0.28289042068324 -0.66122955505504 0.38753158265543
0.61050000000000 0.80574285244895 0.28393510534822 -0.66471434516787 0.38630719643648
0.61320000000000 0.80394340944810 0.28497647024835 -0.66820785602018 0.38507248167091
0.61590000000000 0.80213452210885 0.28601448736707 -0.67171016421992 0.38382734221681
0.61860000000000 0.80031616657412 0.28704912842637 -0.67522134710315 0.38257168055195
0.62130000000000 0.79848831877704 0.28808036488307 -0.67874148274372 0.38130539774989
0.62400000000000 0.79665095443891 0.28910816792492 -0.68227064996310 0.38002839345552
0.62670000000000 0.79480404906722 0.29013250846680 -0.68580892834034 0.37874056586019
0.62940000000000 0.79294757795354 0.29115335714668 -0.68935639822221 0.37744181167622
0.63210000000000 0.79108151617148 0.29217068432165 -0.69291314073348 0.37613202611087
0.63480000000000 0.78920583857452 0.29318446006379 -0.69647923778731 0.37481110283975
0.63750000000000 0.78732051979392 0.29419465415601 -0.70005477209586 0.37347893397973
0.64020000000000 0.78542553423652 0.29520123608778 -0.70363982718101 0.37213541006111
0.64290000000000 0.78352085608256 0.29620417505086 -0.70723448738525 0.37078041999934
0.64560000000000 0.78160645928341 0.29720343993484 -0.71083883788274 0.36941385106603
0.64830000000000 0.77968231755934 0.29819899932272 -0.71445296469055 0.36803558885929
0.65100000000000 0.77774840439724 0.29919082148629 -0.71807695467998 0.36664551727357
0.65370000000000 0.77580469304827 0.30017887438155 -0.72171089558821 0.36524351846864
0.65640000000000 0.77385115652551 0.30116312564393 -0.72535487602993 0.36382947283801
0.65910000000000 0.77188776760160 0.30214354258352 -0.72900898550931 0.36240325897661
0.66180000000000 0.76991449880629 0.30312009218014 -0.73267331443205 0.36096475364773
0.66450000000000 0.76793132242401 0.30409274107837 -0.73634795411763 0.35951383174925
0.66720000000000 0.76593821049137 0.30506145558243 -0.74003299681176 0.35805036627908
0.66990000000000 0.76393513479468 0.30602620165107 -0.74372853569900 0.35657422829981
0.67260000000000 0.76192206686733 0.30698694489224 -0.74743466491558 0.35508528690261
0.67530000000000 0.75989897798727 0.30794365055771 -0.75115147956239 0.35358340917026
0.67800000000000 0.75786583917436 0.30889628353765 -0.75487907571819 0.35206846013933
0.68070000000000 0.75582262118771 0.30984480835501 -0.75861755045298 0.35054030276153
0.68340000000000 0.75376929452296 0.31078918915986 -0.76236700184162 0.34899879786413
0.68610000000000 0.75170582940962 0.31172938972357 -0.76612752897761 0.34744380410952
0.68880000000000 0.74963219580823 0.31266537343296 -0.76989923198706 0.34587517795374
0.69150000000000 0.74754836340758 0.31359710328422 -0.77368221204295 0.34429277360411
0.69420000000000 0.74545430162187 0.31452454187684 -0.77747657137949 0.34269644297589
0.69690000000000 0.74334997958783 0.31544765140733 -0.78128241330680 0.34108603564785
0.69960000000000 0.74123536616176 0.31636639366286 -0.78509984222571 0.33946139881683
0.70230000000000 0.73911042991660 0.31728073001475 -0.78892896364285 0.33782237725125
0.70500000000000 0.73697513913891 0.31819062141189 -0.79276988418593 0.33616881324344
0.70770000000000 0.73482946182583 0.31909602837394 -0.79662271161926 0.33450054656094
0.71040000000000 0.73267336568197 0.31999691098446 -0.80048755485946 0.33281741439651
0.71310000000000 0.73050681811632 0.32089322888393 -0.80436452399148 0.33111925131706
0.71580000000000 0.72832978623901 0.32178494126253 -0.80825373028475 0.32940588921124
0.71850000000000 0.72614223685815 0.32267200685288 -0.81215528620966 0.32767715723585
0.72120000000000 0.72394413647653 0.32355438392254 -0.81606930545421 0.32593288176085
0.72390000000000 0.72173545128832 0.32443203026650 -0.81999590294097 0.32417288631314
0.72660000000000 0.71951614717571 0.32530490319931 -0.82393519484420 0.32239699151888
0.72930000000000 0.71728618970552 0.32617295954728 -0.82788729860731 0.32060501504436
0.73200000000000 0.71504554412574 0.32703615564031 -0.83185233296050 0.31879677153556
0.73470000000000 0.71279417536201 0.32789444730374 -0.83583041793867 0.31697207255601
0.73740000000000 0.71053204801412 0.32874778984986 -0.83982167489964 0.31513072652324
0.74010000000000 0.70825912635238 0.32959613806940 -0.84382622654252 0.31327253864360
0.74280000000000 0.70597537431397 0.33043944622271 -0.84784419692646 0.31139731084545
0.74550000000000 0.70368075549926 0.33127766803087 -0.85187571148957 0.30950484171061
0.74820000000000 0.70137523316805 0.33211075666650 -0.85592089706818 0.30759492640414
0.75090000000000 0.69905877023579 0.33293866474451 -0.85997988191630 0.30566735660233
0.75360000000000 0.69673132926969 0.33376134431252 -0.86405279572537 0.30372192041877
0.75630000000000 0.69439287248482 0.33457874684117 -0.86813976964436 0.30175840232864
0.75900000000000 0.69204336174019 0.33539082321417 -0.87224093630000 0.29977658309094
0.76170000000000 0.68968275853467 0.33619752371821 -0.87635642981743 0.29777623966879
0.76440000000000 0.68731102400296 0.33699879803252 -0.88048638584099 0.29575714514760
0.76710000000000 0.68492811891145 0.33779459521835 -0.88463094155545 0.29371906865114
0.76980000000000 0.68253400365402 0.33858486370815 -0.88879023570735 0.29166177525538
0.77250000000000 0.68012863824779 0.33936955129449 -0.89296440862675 0.28958502590010
0.77520000000000 0.67771198232885 0.34014860511881 -0.89715360224920 0.28748857729813
0.77790000000000 0.67528399514786 0.34092197165986 -0.90135796013800 0.28537218184217
0.78060000000000 0.67284463556562 0.34168959672191 -0.90557762750676 0.28323558750918
0.78330000000000 0.67039386204864 0.34245142542268 -0.90981275124226 0.28107853776216
0.78600000000000 0.66793163266451 0.34320740218106 -0.91406347992750 0.27890077144927
0.78870000000000 0.66545790507736 0.34395747070446 -0.91832996386519 0.27670202270031
0.79140000000000 0.66297263654312 0.34470157397597 -0.92261235510134 0.27448202082026
0.79410000000000 0.66047578390486 0.34543965424115 -0.92691080744931 0.27224049018006
0.79680000000000 0.65796730358791 0.34617165299460 -0.93122547651399 0.26997715010428
0.79950000000000 0.65544715159502 0.34689751096613 -0.93555651971635 0.26769171475578
0.80220000000000 0.65291528350144 0.34761716810670 -0.93990409631823 0.26538389301710
0.80490000000000 0.65037165444988 0.34833056357397 -0.94426836744740 0.26305338836866
0.80760000000000 0.64781621914549 0.34903763571759 -0.94864949612291 0.26069989876348
0.81030000000000 0.64524893185064 0.34973832206407 -0.95304764728069 0.25832311649843
0.81300000000000 0.64266974637980 0.35043255930133 -0.95746298779938 0.25592272808181
0.81570000000000 0.64007861609420 0.35112028326289 -0.96189568652650 0.25349841409729
0.81840000000000 0.63747549389648 0.35180142891169 -0.96634591430476 0.25104984906384
0.82110000000000 0.63486033222529 0.35247593032356 -0.97081384399869 0.24857670129179
0.82380000000000 0.63223308304980 0.35314372067016 -0.97529965052149 0.24607863273469
0.82650000000000 0.62959369786410 0.35380473220172 -0.97980351086208 0.24355529883693
0.82920000000000 0.62694212768159 0.35445889622918 -0.98432560411238 0.24100634837694
0.83190000000000 0.62427832302924 0.35510614310601 -0.98886611149481 0.23843142330583
0.83460000000000 0.62160223394182 0.35574640220956 -0.99342521638999 0.23583015858134
0.83730000000000 0.61891380995603 0.35637960192190 -0.99800310436455 0.23320218199687
0.84000000000000 0.61621300010455 0.35700566961030 -1.00259996319925 0.23054711400553
0.84270000000000 0.61349975291003 0.35762453160713 -1.00721598291708 0.22786456753890
0.84540000000000 0.61077401637900 0.35823611318932 -1.01185135581166 0.22515414782045
0.84810000000000 0.60803573799572 0.35884033855727 -1.01650627647566 0.22241545217337
0.85080000000000 0.60528486471588 0.35943713081327 -1.02118094182934 0.21964806982259
0.85350000000000 0.60252134296034 0.36002641193936 -1.02587555114917 0.21685158169086
0.85620000000000 0.59974511860869 0.36060810277463 -1.03059030609654 0.21402556018860
0.85890000000000 0.59695613699276 0.36118212299193 -1.03532541074647 0.21116956899737
0.86160000000000 0.59415434289013 0.36174839107403 -1.04008107161629 0.20828316284669
0.86430000000000 0.59133968051742 0.36230682428911 -1.04485749769440 0.20536588728396
0.86700000000000 0.58851209352363 0.36285733866570 -1.04965490046882 0.20241727843728
0.86970000000000 0.58567152498333 0.36339984896683 -1.05447349395584 0.19943686277089
0.87240000000000 0.58281791738979 0.36393426866372 -1.05931349472834 0.19642415683296
0.87510000000000 0.57995121264807 0.36446050990854 -1.06417512194411 0.19337866699544
0.87780000000000 0.57707135206798 0.36497848350664 -1.06905859737385 0.19029988918566
0.88050000000000 0.57417827635697 0.36548809888798 -1.07396414542900 0.18718730860950
0.88320000000000 0.57127192561301 0.36598926407776 -1.07889199318917 0.18404039946561
0.88590000000000 0.56835223931730 0.36648188566634 -1.08384237042930 0.18085862465056
0.88860000000000 0.56541915632699 0.36696586877829 -1.08881550964635 0.17764143545442
0.89130000000000 0.56247261486779 0.36744111704065 -1.09381164608551 0.17438827124646
0.89400000000000 0.55951255252650 0.36790753255030 -1.09883101776590 0.17109855915070
0.89670000000000 0.55653890624349 0.36836501584044 -1.10387386550565 0.16777171371072
0.89940000000000 0.55355161230512 0.36881346584618 -1.10894043294624 0.16440713654352
0.90210000000000 0.55055060633609 0.36925277986913 -1.11403096657609 0.16100421598187
0.90480000000000 0.54753582329171 0.36968285354106 -1.11914571575332 0.15756232670479
0.90750000000000 0.54450719745010 0.37010358078650 -1.12428493272752 0.15408082935565
0.91020000000000 0.54146466240440 0.37051485378435 -1.12944887266044 0.15055907014746
0.91290000000000 0.53840815105487 0.37091656292832 -1.13463779364554 0.14699638045479
0.91560000000000 0.53533759560092 0.37130859678634 -1.13985195672625 0.14339207639180
0.91830000000000 0.53225292753314 0.37169084205876 -1.14509162591279 0.13974545837590
0.92100000000000 0.52915407762529 0.37206318353536 -1.15035706819750 0.13605581067641
0.92370000000000 0.52604097592619 0.37242550405110 -1.15564855356840 0.13232240094758
0.92640000000000 0.52291355175164 0.37277768444068 -1.16096635502094 0.12854447974545
0.92910000000000 0.51977173367628 0.37311960349161 -1.16631074856778 0.12472128002783
0.93180000000000 0.51661544952545 0.37345113789608 -1.17168201324629 0.12085201663665
0.93450000000000 0.51344462636696 0.37377216220129 -1.17708043112373 0.11693588576219
0.93720000000000 0.51025919050300 0.37408254875834 -1.18250628729980 0.11297206438811
0.93990000000000 0.50705906746185 0.37438216766963 -1.18795986990644 0.10895970971677
0.94260000000000 0.50384418198976 0.37467088673461 -1.19344147010451 0.10489795857393
0.94530000000000 0.50061445804278 0.37494857139400 -1.19895138207726 0.10078592679191
0.94800000000000 0.49736981877856 0.37521508467216 -1.20448990302013 0.09662270857036
0.95070000000000 0.49411018654831 0.37547028711789 -1.21005733312680 0.09240737581376
0.95340000000000 0.49083548288866 0.37571403674322 -1.21565397557100 0.08813897744449
0.95610000000000 0.48754562851369 0.37594618896047 -1.22128013648386 0.08381653869063
0.95880000000000 0.48424054330696 0.37616659651727 -1.22693612492636 0.07943906034728
0.96150000000000 0.48092014631364 0.37637510942953 -1.23262225285658 0.07500551801026
0.96420000000000 0.47758435573275 0.37657157491238 -1.23833883509129 0.07051486128108
0.96690000000000 0.47423308890949 0.37675583730883 -1.24408618926143 0.06596601294184
0.96960000000000 0.47086626232772 0.37692773801627 -1.24986463576101 0.06135786809879
0.97230000000000 0.46748379160257 0.37708711541049 -1.25567449768898 0.05668929329315
0.97500000000000 0.46408559147323 0.37723380476735 -1.26151610078348 0.05195912557775
0.97770000000000 0.46067157579589 0.37736763818187 -1.26738977334780 0.04716617155799
0.98040000000000 0.45724165753699 0.37748844448471 -1.27329584616766 0.04230920639546
0.98310000000000 0.45379574876657 0.37759604915580 -1.27923465241881 0.03738697277260
0.98580000000000 0.45033376065199 0.37769027423532 -1.28520652756460 0.03239817981664
0.98850000000000 0.44685560345190 0.37777093823149 -1.29121180924234 0.02734150198085
0.99120000000000 0.44336118651054 0.37783785602549 -1.29725083713801 0.02221557788138
0.99390000000000 0.43985041825238 0.37789083877298 -1.30332395284810 0.01701900908736
0.99660000000000 0.43632320617716 0.37792969380246 -1.30943149972784 0.01175035886236
0.99930000000000 0.43277945685538 0.37795422451006 -1.31557382272466 0.00640815085474
1.00200000000000 0.42921907592425 0.37796423025075 -1.32175126819582 0.00099086773462
1.00470000000000 0.42564196808412 0.37795950622579 -1.32796418370898 -0.00450305022506
1.00740000000000 0.42204803709550 0.37793984336630 -1.33421291782449 -0.01007520662610
1.01010000000000 0.41843718577675 0.37790502821271 -1.34049781985795 -0.01572725048390
1.01280000000000 0.41480931600232 0.37785484279000 -1.34681923962152 -0.02146087783065
1.01550000000000 0.41116432870181 0.37778906447854 -1.35317752714254 -0.02727783338594
1.01820000000000 0.40750212385981 0.37770746588026 -1.35957303235750 -0.03317991229796
1.02090000000000 0.40382260051657 0.37760981468009 -1.36600610477972 -0.03916896195880
1.02360000000000 0.40012565676963 0.37749587350232 -1.37247709313856 -0.04524688389751
1.02630000000000 0.39641118977643 0.37736539976186 -1.37898634498819 -0.05141563575465
1.02900000000000 0.39267909575813 0.37721814550990 -1.38553420628332 -0.05767723334240
1.03170000000000 0.38892927000442 0.37705385727401 -1.39212102091972 -0.06403375279450
1.03440000000000 0.38516160687985 0.37687227589225 -1.39874713023652 -0.07048733281055
1.03710000000000 0.38137599983140 0.37667313634109 -1.40541287247758 -0.07704017699926
1.03980000000000 0.37757234139761 0.37645616755692 -1.41211858220864 -0.08369455632584
1.04250000000000 0.37375052321935 0.37622109225070 -1.41886458968691 -0.09045281166873
1.04520000000000 0.36991043605241 0.37596762671564 -1.42565122017944 -0.09731735649119
1.04790000000000 0.36605196978189 0.37569548062751 -1.43247879322627 -0.10429067963383
1.05060000000000 0.36217501343876 0.37540435683715 -1.43934762184400 -0.11137534823409
1.05330000000000 0.35827945521860 0.37509395115503 -1.44625801166529 -0.11857401077946
1.05600000000000 0.35436518250281 0.37476395212729 -1.45321026000910 -0.12588940030132
1.05870000000000 0.35043208188237 0.37441404080304 -1.46020465487636 -0.13332433771673
1.06140000000000 0.34648003918442 0.37404389049230 -1.46724147386507 -0.14088173532608
1.06410000000000 0.34250893950198 0.37365316651446 -1.47432098299857 -0.14856460047470
1.06680000000000 0.33851866722681 0.37324152593644 -1.48144343546000 -0.15637603938734
1.06950000000000 0.33450910608595 0.37280861730038 -1.48860907022541 -0.16431926118454
1.07220000000000 0.33048013918204 0.37235408034019 -1.49581811058754 -0.17239758209082
1.07490000000000 0.32643164903776 0.37187754568641 -1.50307076256130 -0.18061442984495
1.07760000000000 0.32236351764482 0.37137863455900 -1.51036721316154 -0.18897334832329
1.08030000000000 0.31827562651770 0.37085695844722 -1.51770762854254 -0.19747800238777
1.08300000000000 0.31416785675268 0.37031211877618 -1.52509215198812 -0.20613218297068
1.08570000000000 0.31004008909247 0.36974370655932 -1.53252090173995 -0.21493981240950
1.08840000000000 0.30589220399694 0.36915130203608 -1.53999396865082 -0.22390495004523
1.09110000000000 0.30172408172050 0.36853447429417 -1.54751141364828 -0.23303179809899
1.09380000000000 0.29753560239646 0.36789278087549 -1.55507326499296 -0.24232470784223
1.09650000000000 0.29332664612929 0.36722576736504 -1.56267951531419 -0.25178818607682
1.09920000000000 0.28909709309501 0.36653296696189 -1.57033011840438 -0.26142690194237
1.10190000000000 0.28484682365070 0.36581390003123 -1.57802498575155 -0.27124569406907
1.10460000000000 0.28057571845373 0.36506807363675 -1.58576398278782 -0.28124957809529
1.10730000000000 0.27628365859150 0.36429498105211 -1.59354692482947 -0.29144375457056
1.11000000000000 0.27197052572264 0.36349410125053 -1.60137357268213 -0.30183361726544
1.11270000000000 0.26763620223048 0.36266489837145 -1.60924362788189 -0.31242476191127
1.11540000000000 0.26328057138997 0.36180682116288 -1.61715672754081 -0.32322299539401
1.11810000000000 0.25890351754907 0.36091930239835 -1.62511243876209 -0.33423434542756
1.12080000000000 0.25450492632583 0.36000175826707 -1.63311025258686 -0.34546507073383
1.12350000000000 0.25008468482249 0.35905358773583 -1.64114957743127 -0.35692167175774
1.12620000000000 0.24564268185806 0.35807417188128 -1.64922973196813 -0.36861090194740
1.12890000000000 0.24117880822088 0.35706287319089 -1.65734993740341 -0.38053977963089
1.13160000000000 0.23669295694300 0.35601903483110 -1.66550930909289 -0.39271560052312
1.13430000000000 0.23218502359805 0.35494197988066 -1.67370684743888 -0.40514595089750
1.13700000000000 0.22765490662478 0.35383101052765 -1.68194142800128 -0.41783872145925
1.13970000000000 0.22310250767846 0.35268540722787 -1.69021179075054 -0.43080212195880
1.14240000000000 0.21852773201253 0.35150442782287 -1.69851652838300 -0.44404469658526
1.14510000000000 0.21393048889314 0.35028730661526 -1.70685407361134 -0.45757534018217
1.14780000000000 0.20931069204952 0.34903325339906 -1.71522268533376 -0.47140331532890
1.15050000000000 0.20466826016332 0.34774145244275 -1.72362043357612 -0.48553827033308
1.15320000000000 0.20000311740038 0.34641106142244 -1.73204518309038 -0.49999025818078
1.15590000000000 0.19531519398877 0.34504121030252 -1.74049457548086 -0.51476975649262
1.15860000000000 0.19060442684721 0.34363100016105 -1.74896600971657 -0.52988768853498
1.16130000000000 0.18587076026847 0.34217950195688 -1.75745662087331 -0.54535544533661
1.16400000000000 0.18111414666272 0.34068575523555 -1.76596325693302 -0.56118490896108
1.16670000000000 0.17633454736642 0.33914876677076 -1.77448245344987 -0.57738847698588
1.16940000000000 0.17153193352267 0.33756750913797 -1.78301040587263 -0.59397908823813
1.17210000000000 0.16670628703972 0.33594091921686 -1.79154293929072 -0.61097024983556
1.17480000000000 0.16185760163495 0.33426789661891 -1.80007547534676 -0.62837606557930
1.17750000000000 0.15698588397232 0.33254730203648 -1.80860299603108 -0.64621126574118
1.18020000000000 0.15209115490212 0.33077795550948 -1.81712000404359 -0.66449123828384
1.18290000000000 0.14717345081281 0.32895863460583 -1.82562047937446 -0.68323206154477
1.18560000000000 0.14223282510553 0.32708807251169 -1.83409783171800 -0.70245053840707
1.18830000000000 0.13726934980335 0.32516495602732 -1.84254484829265 -0.72216423196793
1.19100000000000 0.13228311730795 0.32318792346469 -1.85095363659407 -0.74239150270144
1.19370000000000 0.12727424231842 0.32115556244272 -1.85931556155749 -0.76315154709402
1.19640000000000 0.12224286392792 0.31906640757630 -1.86762117654906 -0.78446443770749
1.19910000000000 0.11718914791556 0.31691893805525 -1.87586014754375 -0.80635116459632
1.20180000000000 0.11211328925322 0.31471157510976 -1.88402116977838 -0.82883367797046
1.20450000000000 0.10701551484823 0.31244267935912 -1.89209187609240 -0.85193493195139
1.20720000000000 0.10189608654583 0.31011054804108 -1.90005873608561 -0.87567892921635
1.20990000000000 0.09675530441737 0.30771341211973 -1.90790694512970 -0.90009076626082
1.21260000000000 0.09159351036305 0.30524943327075 -1.91562030217044 -0.92519667893090
1.21530000000000 0.08641109206099 0.30271670074382 -1.92318107514713 -0.95102408778203
1.21800000000000 0.08120848729788 0.30011322810344 -1.93056985273663 -0.97760164270543
1.22070000000000 0.07598618871999 0.29743694985098 -1.93776538100054 -1.00495926612512
1.22340000000000 0.07074474904722 0.29468571793299 -1.94474438337528 -1.03312819390136
1.22610000000000 0.06548478679776 0.29185729814337 -1.95148136229742 -1.06214101287596
1.22880000000000 0.06020699257505 0.28894936643009 -1.95794838060117 -1.09203169375467
1.23150000000000 0.05491213597466 0.28595950512121 -1.96411482066336 -1.12283561773424
1.23420000000000 0.04960107317389 0.28288519908958 -1.96994711910613 -1.15458959493846
1.23690000000000 0.04427475527338 0.27972383188139 -1.97540847470365 -1.18733187231787
1.23960000000000 0.03893423746623 0.27647268184077 -1.98045852698158 -1.22110212818103
1.24230000000000 0.03358068911756 0.27312891827097 -1.98505300285540 -1.25594144994714
1.24500000000000 0.02821540484434 0.26968959768270 -1.98914332853728 -1.29189229102534
1.24770000000000 0.02283981669316 0.26615166019263 -1.99267620386566 -1.32899840191822
1.25040000000000 0.01745550752127 0.26251192614904 -1.99559313619735 -1.36730472969650
1.25310000000000 0.01206422569386 0.25876709307935 -1.99782993107538 -1.40685727887739
1.25580000000000 0.00666790121782 0.25491373307456 -1.99931613708064 -1.44770292543909
1.25850000000000 0.00126866343882 0.25094829074984 -1.99997444263673 -1.48988917419473
1.26120000000000 -0.00413113956616 0.24686708194947 -1.99972002312195 -1.53346384800915
1.26390000000000 -0.00952891976547 0.24266629339790 -1.99845983752185 -1.57847469535087
1.26660000000000 -0.01492182598262 0.23834198353802 -1.99609187512166 -1.62496890041698
1.26930000000000 -0.02030671860705 0.23389008484400 -1.99250435450239 -1.67299247754447
1.27200000000000 -0.02568014208273 0.22930640794873 -1.98757487950706 -1.72258952884240
1.27470000000000 -0.03103829506823 0.22458664798707 -1.98116956005159 -1.77380134098028
1.27740000000000 -0.03637699818853 0.21972639362512 -1.97314210987011 -1.82666529392443
1.28010000000000 -0.04169165933863 0.21472113932363 -1.96333293873952 -1.88121355125131
1.28280000000000 -0.04697723655541 0.20956630146962 -1.95156826368873 -1.93747149868299
1.28550000000000 -0.05222819855161 0.20425723910402 -1.93765927245304 -1.99545589498313
1.28820000000000 -0.05743848310998 0.19878928007218 -1.92140138328036 -2.05517269774807
1.29090000000000 -0.06260145367179 0.19315775352612 -1.90257365841134 -2.11661452652014
1.29360000000000 -0.06770985462937 0.18735802980622 -1.88093844435087 -2.17975772784067
1.29630000000000 -0.07275576605450 0.18138556881912 -1.85624133050050 -2.24455901239443
1.29900000000000 -0.07773055886881 0.17523597809674 -1.82821153866665 -2.31095164460161
1.30170000000000 -0.08262485179727 0.16890508175348 -1.79656287885808 -2.37884118150271
1.30440000000000 -0.08742847184319 0.16238900153618 -1.76099543053222 -2.44810078242802
1.30710000000000 -0.09213042048427 0.15568425105880 -1.72119813114897 -2.51856614577822
1.30980000000000 -0.09671884830651 0.14878784410119 -1.67685247259883 -2.59003017625006
1.31250000000000 -0.10118104135134 0.14169741749349 -1.62763751654919 -2.66223754659652
1.31520000000000 -0.10550342301981 0.13441136856652 -1.57323643627093 -2.73487939313419
1.31790000000000 -0.10967157591108 0.12692900638589 -1.51334476784807 -2.80758847258069
1.32060000000000 -0.11367028840017 0.11925071497278 -1.44768049942677 -2.87993520557305
1.32330000000000 -0.11748363099210 0.11137812543034 -1.37599603455498 -2.95142513168653
1.32600000000000 -0.12109506741103 0.10331429235448 -1.29809192708635 -3.02149838936417
1.32870000000000 -0.12448760486226 0.09506386816133 -1.21383209648003 -3.08953189384865
1.33140000000000 -0.12764398681047 0.08663326712210 -1.12315999620377 -3.15484489392141
1.33410000000000 -0.13054692983321 0.07803080913159 -1.02611493716386 -3.21670851799098
1.33680000000000 -0.13317940357512 0.06926683179664 -0.92284748883978 -3.27435974716496
1.33950000000000 -0.13552494957325 0.06035375861552 -0.81363263401622 -3.32701996072421
1.34220000000000 -0.13756803090608 0.05130611115755 -0.69887919220113 -3.37391778761310
1.34490000000000 -0.13929440054871 0.04214045453925 -0.57913401102859 -3.41431549053380
1.34760000000000 -0.14069147246095 0.03287526832034 -0.45507960622797 -3.44753756113350
1.35030000000000 -0.14174867637071 0.02353073921556 -0.32752433782649 -3.47299969796340
1.35300000000000 -0.14245777554756 0.01412847749183 -0.19738483238238 -3.49023597293853
1.35570000000000 -0.14281312710267 0.00469116508133 -0.06566113799104 -3.49892186315289
1.35840000000000 -0.14281186678205 -0.00475785045001 0.06659407692244 -3.49889099976717
1.36110000000000 -0.14245400478772 -0.01419499673428 0.19831023564492 -3.49014397732099
1.36380000000000 -0.14174242543397 -0.02359692938737 0.32843492273090 -3.47284832198408
1.36650000000000 -0.14068279066484 -0.03294097267234 0.45596857696319 -3.44732962203164
1.36920000000000 -0.13928335467414 -0.04220552521114 0.57999525692352 -3.41405472804732
1.37190000000000 -0.13755470313247 -0.05137041143225 0.69970743833162 -3.37360868399764
1.37460000000000 -0.13550943507914 -0.06041716465557 0.81442353781180 -3.32666753982758
1.37730000000000 -0.13316180795208 -0.06932923382827 0.92359768214492 -3.27396936882569
1.38000000000000 -0.13052736645528 -0.07809211208385 1.02682201824327 -3.21628568217533
1.38270000000000 -0.12762257428380 -0.08669339076339 1.12382247984891 -3.15439506580796
1.38540000000000 -0.12446446465476 -0.09512274680064 1.21444933243113 -3.08906035723500
1.38810000000000 -0.12107032173284 -0.10337187418947 1.29866399751141 -3.02101013196534
1.39080000000000 -0.11745740096976 -0.11143437162946 1.37652364063176 -2.95092476260876
1.39350000000000 -0.11364269256184 -0.11930559857567 1.44816484556441 -2.87942690275245
1.39620000000000 -0.10964272897999 -0.12698251109821 1.51378745017108 -2.80707595634963
1.39890000000000 -0.10547343499750 -0.13446348751337 1.57363934000770 -2.73436592124877
1.40160000000000 -0.10115001686262 -0.14174815198303 1.62800272515672 -2.66172592587079
1.40430000000000 -0.09668688617230 -0.14883720243674 1.67718218994910 -2.58952278621138
1.40700000000000 -0.09209761348657 -0.15573224742653 1.72149461695048 -2.51806497030658
1.40970000000000 -0.08739490664723 -0.16243565498508 1.76126094835301 -2.44760744602409
1.41240000000000 -0.08259060899821 -0.16895041527650 1.79679965560914 -2.37835698753729
1.41510000000000 -0.07769571313394 -0.17528001781555 1.82842173413753 -2.31047761356219
1.41780000000000 -0.07272038633578 -0.18142834327049 1.85642701544909 -2.24409591872429
1.42050000000000 -0.06767400442528 -0.18739956932488 1.88110158568236 -2.17930613444472
1.42320000000000 -0.06256519132117 -0.19319808971700 1.90271611009008 -2.11617481639079
1.42590000000000 -0.05740186210399 -0.19882844536380 1.92152488176904 -2.05474510245048
1.42860000000000 -0.05219126785310 -0.20429526637451 1.93776543564005 -1.99504051994643
1.43130000000000 -0.04694004091754 -0.20960322373680 1.95165859243126 -1.93706834538687
1.43400000000000 -0.04165423961652 -0.21475698949094 1.96340882030509 -1.88082253648924
1.43670000000000 -0.03633939163978 -0.21976120427597 1.97320482269901 -1.82628626637852
1.43940000000000 -0.03100053563931 -0.22462045122052 1.98122027938334 -1.77343409536865
1.44210000000000 -0.02564226067942 -0.22933923525044 1.98761468351611 -1.72223381790593
1.44480000000000 -0.02026874334793 -0.23392196698690 1.99253423067295 -1.67264802213319
1.44750000000000 -0.01488378243530 -0.23837295050795 1.99611272666027 -1.62463539792110
1.45020000000000 -0.00949083116553 -0.24269637433999 1.99847248966138 -1.57815182670154
1.45290000000000 -0.00409302701944 -0.24689630513178 1.99972522921418 -1.53315128345228
1.45560000000000 0.00130678077006 -0.25097668354107 1.99997288996451 -1.48958657801865
1.45830000000000 0.00670600594399 -0.25494132193338 1.99930845234642 -1.44740995981487
1.46100000000000 0.01210230204153 -0.25879390355297 1.99781668554260 -1.40657360695063
1.46370000000000 0.01749354118998 -0.26253798287931 1.99557485047568 -1.36703001805009
1.46640000000000 0.02287779472475 -0.26617698692807 1.99265335234151 -1.32873232250922
1.46910000000000 0.02825331550372 -0.26971421729508 1.98911634345856 -1.29163452268389
1.47180000000000 0.03361852178410 -0.27315285277550 1.98502227808448 -1.25569167951214
1.47450000000000 0.03897198253478 -0.27649595241890 1.98042442143380 -1.22086005133610
1.47720000000000 0.04431240406428 -0.27974645890555 1.97537131549040 -1.18709719418102
1.47990000000000 0.04963861785098 -0.28290720214921 1.96990720440267 -1.15436203045053
1.48260000000000 0.05494956947075 -0.28598090304963 1.96407242232158 -1.12261489188380
1.48530000000000 0.06024430852414 -0.28897017733175 1.95790374652708 -1.09181754167108
1.48800000000000 0.06552197947330 -0.29187753942127 1.95143471861269 -1.06193317981680
1.49070000000000 0.07078181330603 -0.29470540631590 1.94469593638098 -1.03292643515614
1.49340000000000 0.07602311995115 -0.29745610142030 1.93771531896024 -1.00476334685361
1.49610000000000 0.08124528137629 -0.30013185831962 1.93051834749505 -0.97741133772534
1.49880000000000 0.08644774530501 -0.30273482447206 1.92312828359902 -0.95083918131868
1.50150000000000 0.09163001949601 -0.30526706480605 1.91556636759350 -0.92501696433885
1.50420000000000 0.09679166653243 -0.30773056521115 1.90785199839411 -0.89991604572588
1.50690000000000 0.10193229907399 -0.31012723591514 1.90000289675173 -0.87550901344464
1.50960000000000 0.10705157552918 -0.31245891474240 1.89203525340708 -0.85176963985101
1.51230000000000 0.11214919610871 -0.31472737025060 1.88396386357946 -0.82867283633010
1.51500000000000 0.11722489922514 -0.31693430474460 1.87580224908152 -0.80619460776437
1.51770000000000 0.12227845820676 -0.31908135716769 1.86756276923242 -0.78431200727435
1.52040000000000 0.12730967829709 -0.32117010587140 1.85925672163209 -0.76300309157986
1.52310000000000 0.13231839391390 -0.32320207126594 1.85089443375880 -0.74224687725100
1.52580000000000 0.13730446614404 -0.32517871835391 1.84248534626034 -0.72202329805367
1.52850000000000 0.14226778045292 -0.32710145915058 1.83403808872564 -0.70231316354148
1.53120000000000 0.14720824458923 -0.32897165499410 1.82556054864765 -0.68309811900260
1.53390000000000 0.15212578666734 -0.33079061874953 1.81705993421960 -0.66436060683458
1.53660000000000 0.15702035341167 -0.33255961691053 1.80854283154435 -0.64608382939203
1.53930000000000 0.16189190854846 -0.33427987160279 1.80001525678036 -0.62825171332869
1.54200000000000 0.16674043133215 -0.33595256249315 1.79148270369700 -0.61084887543728
1.54470000000000 0.17156591519440 -0.33757882860856 1.78295018706578 -0.59386058997584
1.54740000000000 0.17636836650505 -0.33915977006878 1.77442228227321 -0.57727275745788
1.55010000000000 0.18114780343539 -0.34069644973673 1.76590316150308 -0.56107187487502
1.55280000000000 0.18590425491482 -0.34218989479039 1.75739662680301 -0.54524500731397
1.55550000000000 0.19063775967288 -0.34364109821983 1.74890614031933 -0.52977976092485
1.55820000000000 0.19534836535945 -0.34505102025306 1.74043485195740 -0.51466425719457
1.56090000000000 0.20003612773635 -0.34642058971416 1.73198562469972 -0.49988710847643
1.56360000000000 0.20470110993441 -0.34775070531694 1.72356105779223 -0.48543739472597
1.56630000000000 0.20934338177050 -0.34904223689733 1.71516350798915 -0.47130464139237
1.56900000000000 0.21396301911946 -0.35029602658765 1.70679510902867 -0.45747879841486
1.57170000000000 0.21856010333640 -0.35151288993556 1.69845778949590 -0.44395022027385
1.57440000000000 0.22313472072527 -0.35269361697053 1.69015328921443 -0.43070964704773
1.57710000000000 0.22768696204978 -0.35383897322045 1.68188317429521 -0.41774818642701
1.57980000000000 0.23221692208330 -0.35494970068095 1.67364885095900 -0.40505729663915
1.58250000000000 0.23672469919457 -0.35602651873978 1.66545157823847 -0.39262877023884
1.58520000000000 0.24121039496625 -0.35707012505851 1.65729247965586 -0.38045471872011
1.58790000000000 0.24567411384376 -0.35808119641380 1.64917255396373 -0.36852755790833
1.59060000000000 0.25011596281191 -0.35906038950019 1.64109268502810 -0.35683999409199
1.59330000000000 0.25453605109718 -0.36000834169647 1.63305365092642 -0.34538501085582
1.59600000000000 0.25893448989355 -0.36092567179729 1.62505613232607 -0.33415585657852
1.59870000000000 0.26331139211005 -0.36181298071198 1.61710072020342 -0.32314603256033
1.60140000000000 0.26766687213832 -0.36267085213208 1.60918792295802 -0.31234928174688
1.60410000000000 0.27200104563865 -0.36349985316917 1.60131817297187 -0.30175957801812
1.60680000000000 0.27631402934300 -0.36430053496459 1.59349183265910 -0.29137111601194
1.60950000000000 0.28060594087372 -0.36507343327228 1.58570920004766 -0.28117830145428
1.61220000000000 0.28487689857674 -0.36581906901622 1.57797051393092 -0.27117574196860
1.61490000000000 0.28912702136818 -0.36653794882364 1.57027595862384 -0.26135823833926
1.61760000000000 0.29335642859322 -0.36723056553529 1.56262566835535 -0.25172077620461
1.62030000000000 0.29756523989648 -0.36789739869374 1.55501973132600 -0.24225851815677
1.62300000000000 0.30175357510279 -0.36853891501097 1.54745819345742 -0.23296679622668
1.62570000000000 0.30592155410786 -0.36915556881610 1.53994106185782 -0.22384110473382
1.62840000000000 0.31006929677779 -0.36974780248428 1.53246830802585 -0.21487709348120
1.63110000000000 0.31419692285705 -0.37031604684776 1.52503987081338 -0.20607056127753
1.63380000000000 0.31830455188401 -0.37086072158970 1.51765565916562 -0.19741744976916
1.63650000000000 0.32239230311372 -0.37138223562194 1.51031555465612 -0.18891383756549
1.63920000000000 0.32646029544716 -0.37188098744713 1.50301941383222 -0.18055593464251
1.64190000000000 0.33050864736668 -0.37235736550615 1.49576707038552 -0.17234007700987
1.64460000000000 0.33453747687701 -0.37281174851152 1.48855833716071 -0.16426272162773
1.64730000000000 0.33854690145153 -0.37324450576738 1.48139300801502 -0.15632044156042
1.65000000000000 0.34253703798336 -0.37365599747661 1.47427085953957 -0.14850992135465
1.65270000000000 0.34650800274090 -0.37404657503594 1.46719165265297 -0.14082795263073
1.65540000000000 0.35045991132755 -0.37441658131923 1.46015513407681 -0.13327142987577
1.65810000000000 0.35439287864525 -0.37476635094980 1.45316103770170 -0.12583734642853
1.66080000000000 0.35830701886153 -0.37509621056210 1.44620908585221 -0.11852279064635
1.66350000000000 0.36220244537994 -0.37540647905329 1.43929899045794 -0.11132494224460
1.66620000000000 0.36607927081342 -0.37569746782515 1.43243045413781 -0.10424106880023
1.66890000000000 0.36993760696055 -0.37596948101672 1.42560317120386 -0.09726852241100
1.67160000000000 0.37377756478440 -0.37622281572825 1.41881682859051 -0.09040473650268
1.67430000000000 0.37759925439377 -0.37645776223654 1.41207110671457 -0.08364722277685
1.67700000000000 0.38140278502670 -0.37667460420239 1.40536568027127 -0.07699356829223
1.67970000000000 0.38518826503599 -0.37687361887020 1.39870021897063 -0.07044143267312
1.68240000000000 0.38895580187674 -0.37705507726035 1.39207438821882 -0.06398854543860
1.68510000000000 0.39270550209552 -0.37721924435434 1.38548784974813 -0.05763270344659
1.68780000000000 0.39643747132129 -0.37736637927338 1.37894026219955 -0.05137176844724
1.69050000000000 0.40015181425777 -0.37749673545031 1.37243128166108 -0.04520366474035
1.69320000000000 0.40384863467725 -0.37761056079554 1.36596056216514 -0.03912637693179
1.69590000000000 0.40752803541563 -0.37770809785686 1.35952775614784 -0.03313794778420
1.69860000000000 0.41119011836874 -0.37778958397372 1.35313251487293 -0.02723647615752
1.70130000000000 0.41483498448966 -0.37785525142600 1.34677448882289 -0.02142011503495
1.70400000000000 0.41846273378714 -0.37790532757754 1.34045332805945 -0.01568706963056
1.70670000000000 0.42207346532490 -0.37794003501475 1.33416868255575 -0.01003559557445
1.70940000000000 0.42566727722183 -0.37795959168032 1.32792020250216 -0.00446399717208
1.71210000000000 0.42924426665292 -0.37796421100239 1.32170753858754 0.00102937426583
1.71480000000000 0.43280452985100 -0.37795410201928 1.31553034225776 0.00644612202606
1.71750000000000 0.43634816210910 -0.37792946950001 1.30938826595293 0.01178780553128
1.72020000000000 0.43987525778341 -0.37789051406068 1.30328096332509 0.01705594181721
1.72290000000000 0.44338591029687 -0.37783743227704 1.29720808943741 0.02225200695113
1.72560000000000 0.44688021214318 -0.37777041679322 1.29116930094652 0.02737743739458
1.72830000000000 0.45035825489136 -0.37768965642687 1.28516425626890 0.03243363131253
1.73100000000000 0.45382012919070 -0.37759533627091 1.27919261573257 0.03742194983170
1.73370000000000 0.45726592477611 -0.37748763779183 1.27325404171512 0.04234371825002
1.73640000000000 0.46069573047385 -0.37736673892488 1.26734819876898 0.04720022719955
1.73910000000000 0.46410963420752 -0.37723281416613 1.26147475373492 0.05199273376485
1.74180000000000 0.46750772300438 -0.37708603466160 1.25563337584443 0.05672246255880
1.74450000000000 0.47089008300197 -0.37692656829353 1.24982373681204 0.06139060675762
1.74720000000000 0.47425679945491 -0.37675457976390 1.24404551091801 0.06599832909701
1.74990000000000 0.47760795674190 -0.37657023067530 1.23829837508225 0.07054676283092
1.75260000000000 0.48094363837298 -0.37637367960930 1.23258200893006 0.07503701265466
1.75530000000000 0.48426392699690 -0.37616508220235 1.22689609485018 0.07947015559385
1.75800000000000 0.48756890440864 -0.37594459121932 1.22124031804590 0.08384724186065
1.76070000000000 0.49085865155707 -0.37571235662475 1.21561436657945 0.08816929567859
1.76340000000000 0.49413324855275 -0.37546852565200 1.21001793141041 0.09243731607746
1.76610000000000 0.49739277467576 -0.37521324287016 1.20445070642845 0.09665227765937
1.76880000000000 0.50063730838370 -0.37494665024906 1.19891238848080 0.10081513133723
1.77150000000000 0.50386692731964 -0.37466888722224 1.19340267739488 0.10492680504683
1.77420000000000 0.50708170832026 -0.37438009074805 1.18792127599647 0.10898820443351
1.77690000000000 0.51028172742391 -0.37408039536895 1.18246789012363 0.11300021351454
1.77960000000000 0.51346705987879 -0.37376993326901 1.17704222863685 0.11696369531820
1.78230000000000 0.51663778015110 -0.37344883432980 1.17164400342560 0.12087949250043
1.78500000000000 0.51979396193327 -0.37311722618450 1.16627292941157 0.12474842794000
1.78770000000000 0.52293567815207 -0.37277523427062 1.16092872454892 0.12857130531307
1.79040000000000 0.52606300097687 -0.37242298188100 1.15561110982163 0.13234890964794
1.79310000000000 0.52917600182775 -0.37206059021350 1.15031980923840 0.13608200786082
1.79580000000000 0.53227475138372 -0.37168817841916 1.14505454982501 0.13977134927322
1.79850000000000 0.53535931959080 -0.37130586364905 1.13981506161465 0.14341766611193
1.80120000000000 0.53842977567015 -0.37091376109974 1.13460107763608 0.14702167399205
1.80390000000000 0.54148618812616 -0.37051198405756 1.12941233390007 0.15058407238379
1.80660000000000 0.54452862475442 -0.37010064394155 1.12424856938407 0.15410554506375
1.80930000000000 0.54755715264978 -0.36967985034524 1.11910952601539 0.15758676055116
1.81200000000000 0.55057183821422 -0.36924971107730 1.11399494865290 0.16102837252975
1.81470000000000 0.55357274716482 -0.36881033220099 1.10890458506751 0.16443102025569
1.81740000000000 0.55655994454150 -0.36836181807263 1.10383818592142 0.16779532895226
1.82010000000000 0.55953349471488 -0.36790427137896 1.09879550474638 0.17112191019163
1.82280000000000 0.56249346139396 -0.36743779317346 1.09377629792093 0.17441136226433
1.82550000000000 0.56543990763377 -0.36696248291177 1.08878032464680 0.17766427053676
1.82820000000000 0.56837289584297 -0.36647843848610 1.08380734692452 0.18088120779732
1.83090000000000 0.57129248779137 -0.36598575625873 1.07885712952840 0.18406273459144
1.83360000000000 0.57419874461740 -0.36548453109462 1.07392943998077 0.18720939954606
1.83630000000000 0.57709172683547 -0.36497485639318 1.06902404852583 0.19032173968376
1.83900000000000 0.57997149434329 -0.36445682411918 1.06414072810289 0.19340028072717
1.84170000000000 0.58283810642912 -0.36393052483287 1.05927925431925 0.19644553739375
1.84440000000000 0.58569162177893 -0.36339604771928 1.05443940542276 0.19945801368146
1.84710000000000 0.58853209848350 -0.36285348061682 1.04962096227397 0.20243820314561
1.84980000000000 0.59135959404541 -0.36230291004510 1.04482370831812 0.20538658916712
1.85250000000000 0.59417416538602 -0.36174442123201 1.04004742955691 0.20830364521266
1.85520000000000 0.59697586885229 -0.36117809814022 1.03529191452003 0.21118983508679
1.85790000000000 0.59976476022363 -0.36060402349287 1.03055695423665 0.21404561317647
1.86060000000000 0.60254089471853 -0.36002227879872 1.02584234220676 0.21687142468820
1.86330000000000 0.60530432700125 -0.35943294437658 1.02114787437249 0.21966770587803
1.86600000000000 0.60805511118836 -0.35883609937924 1.01647334908938 0.22243488427469
1.86870000000000 0.61079330085522 -0.35823182181665 1.01181856709770 0.22517337889612
1.87140000000000 0.61351894904237 -0.35762018857871 1.00718333149370 0.22788360045949
1.87410000000000 0.61623210826185 -0.35700127545733 1.00256744770105 0.23056595158517
1.87680000000000 0.61893283050347 -0.35637515716806 0.99797072344228 0.23322082699461
1.87950000000000 0.62162116724094 -0.35574190737116 0.99339296871029 0.23584861370249
1.88220000000000 0.62429716943802 -0.35510159869213 0.98883399574008 0.23844969120326
1.88490000000000 0.62696088755447 -0.35445430274179 0.98429361898052 0.24102443165234
1.88760000000000 0.62961237155201 -0.35380009013585 0.97977165506635 0.24357320004203
1.89030000000000 0.63225167090023 -0.35313903051402 0.97526792279026 0.24609635437244
1.89300000000000 0.63487883458232 -0.35247119255864 0.97078224307529 0.24859424581753
1.89570000000000 0.63749391110081 -0.35179664401294 0.96631443894725 0.25106721888642
1.89840000000000 0.64009694848319 -0.35111545169880 0.96186433550751 0.25351561158017
1.90110000000000 0.64268799428754 -0.35042768153408 0.95743175990591 0.25593975554409
1.90380000000000 0.64526709560794 -0.34973339854964 0.95301654131389 0.25833997621592
1.90650000000000 0.64783429907994 -0.34903266690587 0.94861851089796 0.26071659296967
1.90920000000000 0.65038965088591 -0.34832554990885 0.94423750179325 0.26306991925571
1.91190000000000 0.65293319676031 -0.34761211002624 0.93987334907746 0.26540026273679
1.91460000000000 0.65546498199491 -0.34689240890263 0.93552588974499 0.26770792542041
1.91730000000000 0.65798505144392 -0.34616650737469 0.93119496268133 0.26999320378761
1.92000000000000 0.66049344952905 -0.34543446548593 0.92688040863770 0.27225638891813
1.92270000000000 0.66299022024456 -0.34469634250107 0.92258207020606 0.27449776661226
1.92540000000000 0.66547540716213 -0.34395219692019 0.91829979179424 0.27671761750943
1.92810000000000 0.66794905343579 -0.34320208649246 0.91403341960145 0.27891621720347
1.93080000000000 0.67041120180669 -0.34244606822963 0.90978280159405 0.28109383635495
1.93350000000000 0.67286189460785 -0.34168419841923 0.90554778748158 0.28325074080042
1.93620000000000 0.67530117376884 -0.34091653263740 0.90132822869307 0.28538719165876
1.93890000000000 0.67772908082035 -0.34014312576151 0.89712397835365 0.28750344543477
1.94160000000000 0.68014565689882 -0.33936403198250 0.89293489126142 0.28959975411998
1.94430000000000 0.68255094275084 -0.33857930481690 0.88876082386467 0.29167636529085
1.94700000000000 0.68494497873763 -0.33778899711864 0.88460163423924 0.29373352220440
1.94970000000000 0.68732780483939 -0.33699316109058 0.88045718206634 0.29577146389134
1.95240000000000 0.68969946065959 -0.33619184829580 0.87632732861051 0.29779042524681
1.95510000000000 0.69205998542923 -0.33538510966866 0.87221193669796 0.29979063711878
1.95780000000000 0.69440941801103 -0.33457299552558 0.86811087069512 0.30177232639418
1.96050000000000 0.69674779690356 -0.33375555557565 0.86402399648751 0.30373571608281
1.96320000000000 0.69907516024528 -0.33293283893096 0.85995118145890 0.30568102539916
1.96590000000000 0.70139154581863 -0.33210489411677 0.85589229447070 0.30760846984210
1.96860000000000 0.70369699105390 -0.33127176908141 0.85184720584165 0.30951826127262
1.97130000000000 0.70599153303323 -0.33043351120603 0.84781578732784 0.31141060798956
1.97400000000000 0.70827520849439 -0.32959016731408 0.84379791210287 0.31328571480347
1.97670000000000 0.71054805383462 -0.32874178368065 0.83979345473844 0.31514378310868
1.97940000000000 0.71281010511437 -0.32788840604161 0.83580229118506 0.31698501095345
1.98210000000000 0.71506139806099 -0.32703007960253 0.83182429875315 0.31880959310853
1.98480000000000 0.71730196807239 -0.32616684904744 0.82785935609430 0.32061772113396
1.98750000000000 0.71953185022063 -0.32529875854745 0.82390734318287 0.32240958344422
1.99020000000000 0.72175107925546 -0.32442585176910 0.81996814129782 0.32418536537181
1.99290000000000 0.72395968960784 -0.32354817188262 0.81604163300476 0.32594524922931
1.99560000000000 0.72615771539334 -0.32266576157002 0.81212770213832 0.32768941436991
1.99830000000000 0.72834519041561 -0.32177866303298 0.80822623378471 0.32941803724642
2.00100000000000 0.73052214816969 -0.32088691800059 0.80433711426457 0.33113129146902
2.00370000000000 0.73268862184533 -0.31999056773701 0.80046023111606 0.33282934786144
2.00640000000000 0.73484464433028 -0.31908965304883 0.79659547307816 0.33451237451592
2.00910000000000 0.73699024821345 -0.31818421429243 0.79274273007423 0.33618053684685
2.01180000000000 0.73912546578816 -0.31727429138116 0.78890189319584 0.33783399764311
2.01450000000000 0.74125032905521 -0.31635992379227 0.78507285468675 0.33947291711917
2.01720000000000 0.74336486972601 -0.31544115057391 0.78125550792723 0.34109745296505
2.01990000000000 0.74546911922561 -0.31451801035176 0.77744974741850 0.34270776039502
2.02260000000000 0.74756310869571 -0.31359054133577 0.77365546876747 0.34430399219526
2.02530000000000 0.74964686899762 -0.31265878132654 0.76987256867170 0.34588629877036
2.02800000000000 0.75172043071520 -0.31172276772178 0.76610094490449 0.34745482818873
2.03070000000000 0.75378382415772 -0.31078253752250 0.76234049630032 0.34900972622700
2.03340000000000 0.75583707936273 -0.30983812733916 0.75859112274040 0.35055113641343
2.03610000000000 0.75788022609885 -0.30888957339768 0.75485272513848 0.35207920007020
2.03880000000000 0.75991329386855 -0.30793691154535 0.75112520542685 0.35359405635490
2.04150000000000 0.76193631191087 -0.30698017725660 0.74740846654254 0.35509584230097
2.04420000000000 0.76394930920413 -0.30601940563871 0.74370241241375 0.35658469285726
2.04690000000000 0.76595231446857 -0.30505463143735 0.74000694794644 0.35806074092668
2.04960000000000 0.76794535616899 -0.30408588904208 0.73632197901114 0.35952411740402
2.05230000000000 0.76992846251732 -0.30311321249171 0.73264741242997 0.36097495121290
2.05500000000000 0.77190166147519 -0.30213663547959 0.72898315596379 0.36241336934187
2.05770000000000 0.77386498075642 -0.30115619135874 0.72532911829962 0.36383949687978
2.06040000000000 0.77581844782954 -0.30017191314701 0.72168520903817 0.36525345705027
2.06310000000000 0.77776208992021 -0.29918383353200 0.71805133868160 0.36665537124561
2.06580000000000 0.77969593401366 -0.29819198487598 0.71442741862142 0.36804535905972
2.06850000000000 0.78162000685705 -0.29719639922072 0.71081336112665 0.36942353832045
2.07120000000000 0.78353433496185 -0.29619710829221 0.70720907933203 0.37079002512124
2.07390000000000 0.78543894460614 -0.29519414350528 0.70361448722648 0.37214493385205
2.07660000000000 0.78733386183691 -0.29418753596818 0.70002949964177 0.37348837722956
2.07930000000000 0.78921911247234 -0.29317731648704 0.69645403224122 0.37482046632684
2.08200000000000 0.79109472210399 -0.29216351557030 0.69288800150871 0.37614131060227
2.08470000000000 0.79296071609903 -0.29114616343300 0.68933132473776 0.37745101792790
2.08740000000000 0.79481711960240 -0.29012529000102 0.68578392002081 0.37874969461720
2.09010000000000 0.79666395753896 -0.28910092491529 0.68224570623862 0.38003744545218
2.09280000000000 0.79850125461560 -0.28807309753585 0.67871660304988 0.38131437371002
2.09550000000000 0.80032903532333 -0.28704183694591 0.67519653088091 0.38258058118901
2.09820000000000 0.80214732393932 -0.28600717195578 0.67168541091555 0.38383616823408
2.10090000000000 0.80395614452897 -0.28496913110677 0.66818316508522 0.38508123376167
2.10360000000000 0.80575552094788 -0.28392774267503 0.66468971605901 0.38631587528420
2.10630000000000 0.80754547684385 -0.28288303467528 0.66120498723407 0.38754018893392
2.10900000000000 0.80932603565881 -0.28183503486453 0.65772890272604 0.38875426948632
2.11170000000000 0.81109722063078 -0.28078377074571 0.65426138735960 0.38995821038306
2.11440000000000 0.81285905479573 -0.27972926957120 0.65080236665928 0.39115210375444
2.11710000000000 0.81461156098951 -0.27867155834641 0.64735176684025 0.39233604044129
2.11980000000000 0.81635476184965 -0.27761066383318 0.64390951479934 0.39351011001663
2.12250000000000 0.81808867981722 -0.27654661255319 0.64047553810615 0.39467440080665
2.12520000000000 0.81981333713863 -0.27547943079130 0.63704976499434 0.39582899991142
2.12790000000000 0.82152875586739 -0.27440914459884 0.63363212435294 0.39697399322514
2.13060000000000 0.82323495786592 -0.27333577979683 0.63022254571792 0.39810946545595
2.13330000000000 0.82493196480721 -0.27225936197914 0.62682095926374 0.39923550014536
2.13600000000000 0.82661979817661 -0.27117991651564 0.62342729579516 0.40035217968732
2.13870000000000 0.82829847927346 -0.27009746855528 0.62004148673904 0.40145958534683
2.14140000000000 0.82996802921279 -0.26901204302909 0.61666346413634 0.40255779727827
2.14410000000000 0.83162846892697 -0.26792366465315 0.61329316063423 0.40364689454329
2.14680000000000 0.83327981916731 -0.26683235793154 0.60993050947824 0.40472695512841
2.14950000000000 0.83492210050570 -0.26573814715920 0.60657544450460 0.40579805596219
2.15220000000000 0.83655533333616 -0.26464105642479 0.60322790013268 0.40686027293214
2.15490000000000 0.83817953787643 -0.26354110961344 0.59988781135745 0.40791368090125
2.15760000000000 0.83979473416952 -0.26243833040952 0.59655511374220 0.40895835372422
2.16030000000000 0.84140094208518 -0.26133274229935 0.59322974341120 0.40999436426336
2.16300000000000 0.84299818132149 -0.26022436857383 0.58991163704258 0.41102178440419
2.16570000000000 0.84458647140626 -0.25911323233107 0.58660073186124 0.41204068507068
2.16840000000000 0.84616583169858 -0.25799935647897 0.58329696563191 0.41305113624032
2.17110000000000 0.84773628139018 -0.25688276373775 0.58000027665227 0.41405320695877
2.17380000000000 0.84929783950695 -0.25576347664245 0.57671060374618 0.41504696535428
2.17650000000000 0.85085052491027 -0.25464151754540 0.57342788625699 0.41603247865188
2.17920000000000 0.85239435629847 -0.25351690861859 0.57015206404100 0.41700981318716
2.18190000000000 0.85392935220815 -0.25238967185613 0.56688307746089 0.41797903441999
2.18460000000000 0.85545553101559 -0.25125982907654 0.56362086737939 0.41894020694777
2.18730000000000 0.85697291093806 -0.25012740192505 0.56036537515292 0.41989339451857
2.19000000000000 0.85848151003513 -0.24899241187595 0.55711654262539 0.42083866004398
2.19270000000000 0.85998134621004 -0.24785488023475 0.55387431212202 0.42177606561166
2.19540000000000 0.86147243721092 -0.24671482814044 0.55063862644329 0.42270567249780
2.19810000000000 0.86295480063211 -0.24557227656763 0.54740942885901 0.42362754117914
2.20080000000000 0.86442845391539 -0.24442724632871 0.54418666310235 0.42454173134496
2.20350000000000 0.86589341435126 -0.24327975807598 0.54097027336407 0.42544830190873
2.20620000000000 0.86734969908014 -0.24212983230369 0.53776020428677 0.42634731101957
2.20890000000000 0.86879732509357 -0.24097748935010 0.53455640095922 0.42723881607352
2.21160000000000 0.87023630923545 -0.23982274939953 0.53135880891081 0.42812287372457
2.21430000000000 0.87166666820320 -0.23866563248430 0.52816737410600 0.42899953989551
2.21700000000000 0.87308841854889 -0.23750615848673 0.52498204293891 0.42986886978853
2.21970000000000 0.87450157668046 -0.23634434714103 0.52180276222794 0.43073091789575
2.22240000000000 0.87590615886283 -0.23518021803526 0.51862947921051 0.43158573800936
2.22510000000000 0.87730218121900 -0.23401379061316 0.51546214153781 0.43243338323179
2.22780000000000 0.87868965973119 -0.23284508417601 0.51230069726965 0.43327390598552
2.23050000000000 0.88006861024192 -0.23167411788446 0.50914509486940 0.43410735802281
2.23320000000000 0.88143904845513 -0.23050091076033 0.50599528319895 0.43493379043523
2.23590000000000 0.88280098993717 -0.22932548168836 0.50285121151377 0.43575325366299
2.23860000000000 0.88415445011796 -0.22814784941798 0.49971282945803 0.43656579750414
2.24130000000000 0.88549944429193 -0.22696803256502 0.49658008705978 0.43737147112359
2.24400000000000 0.88683598761913 -0.22578604961341 0.49345293472616 0.43817032306195
2.24670000000000 0.88816409512620 -0.22460191891685 0.49033132323877 0.43896240124426
2.24940000000000 0.88948378170740 -0.22341565870047 0.48721520374897 0.43974775298850
2.25210000000000 0.89079506212560 -0.22222728706244 0.48410452777332 0.44052642501398
2.25480000000000 0.89209795101322 -0.22103682197560 0.48099924718909 0.44129846344960
2.25750000000000 0.89339246287327 -0.21984428128903 0.47789931422979 0.44206391384192
2.26020000000000 0.89467861208024 -0.21864968272960 0.47480468148075 0.44282282116315
2.26290000000000 0.89595641288108 -0.21745304390353 0.47171530187479 0.44357522981891
2.26560000000000 0.89722587939613 -0.21625438229790 0.46863112868795 0.44432118365593
2.26830000000000 0.89848702562002 -0.21505371528215 0.46555211553521 0.44506072596958
2.27100000000000 0.89973986542260 -0.21385106010955 0.46247821636636 0.44579389951127
2.27370000000000 0.90098441254982 -0.21264643391867 0.45940938546182 0.44652074649574
2.27640000000000 0.90222068062466 -0.21143985373484 0.45634557742861 0.44724130860820
2.27910000000000 0.90344868314795 -0.21023133647151 0.45328674719631 0.44795562701133
2.28180000000000 0.90466843349926 -0.20902089893172 0.45023285001306 0.44866374235220
2.28450000000000 0.90587994493776 -0.20780855780942 0.44718384144166 0.44936569476908
2.28720000000000 0.90708323060307 -0.20659432969091 0.44413967735572 0.45006152389802
2.28990000000000 0.90827830351607 -0.20537823105609 0.44110031393576 0.45075126887950
2.29260000000000 0.90946517657975 -0.20416027827989 0.43806570766548 0.45143496836477
2.29530000000000 0.91064386258000 -0.20294048763350 0.43503581532804 0.45211266052224
2.29800000000000 0.91181437418642 -0.20171887528573 0.43201059400232 0.45278438304365
2.30070000000000 0.91297672395315 -0.20049545730423 0.42899000105932 0.45345017315022
2.30340000000000 0.91413092431957 -0.19927024965680 0.42597399415853 0.45411006759860
2.30610000000000 0.91527698761118 -0.19804326821261 0.42296253124439 0.45476410268681
2.30880000000000 0.91641492604028 -0.19681452874344 0.41995557054280 0.45541231426003
2.31150000000000 0.91754475170675 -0.19558404692489 0.41695307055759 0.45605473771630
2.31420000000000 0.91866647659882 -0.19435183833760 0.41395499006715 0.45669140801210
2.31690000000000 0.91978011259379 -0.19311791846839 0.41096128812101 0.45732235966788
2.31960000000000 0.92088567145875 -0.19188230271148 0.40797192403652 0.45794762677349
2.32230000000000 0.92198316485128 -0.19064500636960 0.40498685739551 0.45856724299345
2.32500000000000 0.92307260432023 -0.18940604465518 0.40200604804103 0.45918124157225
2.32770000000000 0.92415400130635 -0.18816543269143 0.39902945607414 0.45978965533942
2.33040000000000 0.92522736714299 -0.18692318551348 0.39605704185070 0.46039251671464
2.33310000000000 0.92629271305685 -0.18567931806950 0.39308876597824 0.46098985771270
2.33580000000000 0.92735005016855 -0.18443384522171 0.39012458931279 0.46158170994837
2.33850000000000 0.92839938949341 -0.18318678174755 0.38716447295585 0.46216810464122
2.34120000000000 0.92944074194200 -0.18193814234068 0.38420837825134 0.46274907262035
2.34390000000000 0.93047411832087 -0.18068794161203 0.38125626678255 0.46332464432902
2.34660000000000 0.93149952933317 -0.17943619409088 0.37830810036919 0.46389484982923
2.34930000000000 0.93251698557925 -0.17818291422582 0.37536384106448 0.46445971880619
2.35200000000000 0.93352649755736 -0.17692811638580 0.37242345115216 0.46501928057278
2.35470000000000 0.93452807566418 -0.17567181486115 0.36948689314369 0.46557356407384
2.35740000000000 0.93552173019551 -0.17441402386451 0.36655412977538 0.46612259789048
2.36010000000000 0.93650747134680 -0.17315475753185 0.36362512400555 0.46666641024425
2.36280000000000 0.93748530921383 -0.17189402992342 0.36069983901181 0.46720502900129
2.36550000000000 0.93845525379321 -0.17063185502470 0.35777823818826 0.46773848167639
2.36820000000000 0.93941731498304 -0.16936824674738 0.35486028514277 0.46826679543696
2.37090000000000 0.94037150258341 -0.16810321893022 0.35194594369433 0.46878999710697
2.37360000000000 0.94131782629704 -0.16683678534004 0.34903517787038 0.46930811317082
2.37630000000000 0.94225629572978 -0.16556895967260 0.34612795190413 0.46982116977713
2.37900000000000 0.94318692039118 -0.16429975555351 0.34322423023202 0.47032919274247
2.38170000000000 0.94410970969506 -0.16302918653911 0.34032397749113 0.47083220755503
2.38440000000000 0.94502467296002 -0.16175726611739 0.33742715851662 0.47133023937825
2.38710000000000 0.94593181940997 -0.16048400770879 0.33453373833919 0.47182331305433
2.38980000000000 0.94683115817466 -0.15920942466715 0.33164368218267 0.47231145310779
2.39250000000000 0.94772269829024 -0.15793353028047 0.32875695546144 0.47279468374882
2.39520000000000 0.94860644869968 -0.15665633777186 0.32587352377810 0.47327302887675
2.39790000000000 0.94948241825338 -0.15537786030026 0.32299335292098 0.47374651208328
2.40060000000000 0.95035061570957 -0.15409811096137 0.32011640886178 0.47421515665582
2.40330000000000 0.95121104973488 -0.15281710278839 0.31724265775321 0.47467898558066
2.40600000000000 0.95206372890479 -0.15153484875289 0.31437206592664 0.47513802154616
2.40870000000000 0.95290866170409 -0.15025136176554 0.31150459988979 0.47559228694582
2.41140000000000 0.95374585652741 -0.14896665467699 0.30864022632444 0.47604180388138
2.41410000000000 0.95457532167963 -0.14768074027856 0.30577891208415 0.47648659416579
2.41680000000000 0.95539706537637 -0.14639363130310 0.30292062419202 0.47692667932618
2.41950000000000 0.95621109574445 -0.14510534042568 0.30006532983849 0.47736208060676
2.42220000000000 0.95701742082230 -0.14381588026444 0.29721299637908 0.47779281897170
2.42490000000000 0.95781604856046 -0.14252526338123 0.29436359133230 0.47821891510790
2.42760000000000 0.95860698682197 -0.14123350228248 0.29151708237739 0.47864038942779
2.43030000000000 0.95939024338283 -0.13994060941982 0.28867343735226 0.47905726207204
2.43300000000000 0.96016582593240 -0.13864659719091 0.28583262425136 0.47946955291222
2.43570000000000 0.96093374207385 -0.13735147794007 0.28299461122354 0.47987728155344
2.43840000000000 0.96169399932454 -0.13605526395908 0.28015936657003 0.48028046733692
2.44110000000000 0.96244660511647 -0.13475796748784 0.27732685874237 0.48067912934257
2.44380000000000 0.96319156679663 -0.13345960071509 0.27449705634036 0.48107328639142
2.44650000000000 0.96392889162745 -0.13216017577907 0.27166992811003 0.48146295704814
2.44920000000000 0.96465858678718 -0.13085970476829 0.26884544294168 0.48184815962344
2.45190000000000 0.96538065937022 -0.12955819972212 0.26602356986790 0.48222891217643
2.45460000000000 0.96609511638760 -0.12825567263152 0.26320427806157 0.48260523251694
2.45730000000000 0.96680196476727 -0.12695213543971 0.26038753683395 0.48297713820787
2.46000000000000 0.96750121135452 -0.12564760004279 0.25757331563273 0.48334464656740
2.46270000000000 0.96819286291233 -0.12434207829046 0.25476158404016 0.48370777467122
2.46540000000000 0.96887692612173 -0.12303558198664 0.25195231177111 0.48406653935470
2.46810000000000 0.96955340758214 -0.12172812289008 0.24914546867126 0.48442095721508
2.47080000000000 0.97022231381178 -0.12041971271508 0.24634102471515 0.48477104461350
2.47350000000000 0.97088365124792 -0.11911036313206 0.24353895000446 0.48511681767716
2.47620000000000 0.97153742624732 -0.11780008576822 0.24073921476606 0.48545829230126
2.47890000000000 0.97218364508650 -0.11648889220813 0.23794178935029 0.48579548415109
2.48160000000000 0.97282231396207 -0.11517679399440 0.23514664422913 0.48612840866393
2.48430000000000 0.97345343899113 -0.11386380262825 0.23235374999443 0.48645708105102
2.48700000000000 0.97407702621148 -0.11254992957014 0.22956307735615 0.48678151629943
2.48970000000000 0.97469308158203 -0.11123518624036 0.22677459714058 0.48710172917394
2.49240000000000 0.97530161098306 -0.10991958401964 0.22398828028866 0.48741773421889
2.49510000000000 0.97590262021656 -0.10860313424973 0.22120409785422 0.48772954575993
2.49780000000000 0.97649611500649 -0.10728584823399 0.21842202100226 0.48803717790585
2.50050000000000 0.97708210099914 -0.10596773723798 0.21564202100733 0.48834064455025
2.50320000000000 0.97766058376335 -0.10464881249005 0.21286406925175 0.48863995937331
2.50590000000000 0.97823156879085 -0.10332908518188 0.21008813722404 0.48893513584342
2.50860000000000 0.97879506149654 -0.10200856646907 0.20731419651719 0.48922618721885
2.51130000000000 0.97935106721876 -0.10068726747173 0.20454221882709 0.48951312654935
2.51400000000000 0.97989959121954 -0.09936519927498 0.20177217595083 0.48979596667775
2.51670000000000 0.98044063868493 -0.09804237292957 0.19900403978514 0.49007472024148
2.51940000000000 0.98097421472521 -0.09671879945239 0.19623778232478 0.49034939967417
2.52210000000000 0.98150032437519 -0.09539448982703 0.19347337566090 0.49062001720708
2.52480000000000 0.98201897259446 -0.09406945500435 0.19071079197954 0.49088658487061
2.52750000000000 0.98253016426762 -0.09274370590296 0.18795000356000 0.49114911449572
2.53020000000000 0.98303390420455 -0.09141725340983 0.18519098277331 0.49140761771537
2.53290000000000 0.98353019714067 -0.09009010838076 0.18243370208066 0.49166210596591
2.53560000000000 0.98401904773716 -0.08876228164096 0.17967813403191 0.49191259048842
2.53830000000000 0.98450046058120 -0.08743378398553 0.17692425126403 0.49215908233008
2.54100000000000 0.98497444018619 -0.08610462618002 0.17417202649959 0.49240159234544
2.54370000000000 0.98544099099202 -0.08477481896091 0.17142143254526 0.49264013119776
2.54640000000000 0.98590011736526 -0.08344437303617 0.16867244229034 0.49287470936022
2.54910000000000 0.98635182359939 -0.08211329908572 0.16592502870523 0.49310533711718
2.55180000000000 0.98679611391501 -0.08078160776201 0.16317916484000 0.49333202456540
2.55450000000000 0.98723299246009 -0.07944930969042 0.16043482382290 0.49355478161521
2.55720000000000 0.98766246331010 -0.07811641546988 0.15769197885892 0.49377361799167
2.55990000000000 0.98808453046832 -0.07678293567328 0.15495060322832 0.49398854323571
2.56260000000000 0.98849919786595 -0.07544888084800 0.15221067028523 0.49419956670527
2.56530000000000 0.98890646936236 -0.07411426151641 0.14947215345618 0.49440669757635
2.56800000000000 0.98930634874527 -0.07277908817633 0.14673502623873 0.49460994484410
2.57070000000000 0.98969883973091 -0.07144337130155 0.14399926220001 0.49480931732389
2.57340000000000 0.99008394596428 -0.07010712134231 0.14126483497533 0.49500482365226
2.57610000000000 0.99046167101924 -0.06877034872575 0.13853171826681 0.49519647228801
2.57880000000000 0.99083201839877 -0.06743306385642 0.13579988584196 0.49538427151310
2.58150000000000 0.99119499153509 -0.06609527711675 0.13306931153232 0.49556822943364
2.58420000000000 0.99155059378985 -0.06475699886751 0.13033996923209 0.49574835398084
2.58690000000000 0.99189882845431 -0.06341823944830 0.12761183289675 0.49592465291190
2.58960000000000 0.99223969874947 -0.06207900917801 0.12488487654169 0.49609713381087
2.59230000000000 0.99257320782628 -0.06073931835527 0.12215907424092 0.49626580408959
2.59500000000000 0.99289935876574 -0.05939917725896 0.11943440012564 0.49643067098849
2.59770000000000 0.99321815457909 -0.05805859614861 0.11671082838298 0.49659174157742
2.60040000000000 0.99352959820796 -0.05671758526491 0.11398833325461 0.49674902275647
2.60310000000000 0.99383369252448 -0.05537615483013 0.11126688903547 0.49690252125673
2.60580000000000 0.99413044033148 -0.05403431504862 0.10854647007239 0.49705224364112
2.60850000000000 0.99441984436256 -0.05269207610721 0.10582705076283 0.49719819630504
2.61120000000000 0.99470190728229 -0.05134944817571 0.10310860555356 0.49734038547718
2.61390000000000 0.99497663168629 -0.05000644140732 0.10039110893933 0.49747881722018
2.61660000000000 0.99524402010138 -0.04866306593909 0.09767453546161 0.49761349743133
2.61930000000000 0.99550407498573 -0.04731933189240 0.09495885970729 0.49774443184323
2.62200000000000 0.99575679872892 -0.04597524937334 0.09224405630739 0.49787162602444
2.62470000000000 0.99600219365211 -0.04463082847321 0.08953009993577 0.49799508538013
2.62740000000000 0.99624026200814 -0.04328607926891 0.08681696530790 0.49811481515264
2.63010000000000 0.99647100598162 -0.04194101182343 0.08410462717951 0.49823082042210
2.63280000000000 0.99669442768907 -0.04059563618625 0.08139306034541 0.49834310610702
2.63550000000000 0.99691052917900 -0.03924996239379 0.07868223963817 0.49845167696480
2.63820000000000 0.99711931243202 -0.03790400046984 0.07597213992691 0.49855653759230
2.64090000000000 0.99732077936092 -0.03655776042600 0.07326273611598 0.49865769242631
2.64360000000000 0.99751493181080 -0.03521125226210 0.07055400314380 0.49875514574410
2.64630000000000 0.99770177155912 -0.03386448596664 0.06784591598153 0.49884890166386
2.64900000000000 0.99788130031583 -0.03251747151721 0.06513844963188 0.49893896414518
2.65170000000000 0.99805351972339 -0.03117021888092 0.06243157912787 0.49902533698948
2.65440000000000 0.99821843135693 -0.02982273801485 0.05972527953158 0.49910802384044
2.65710000000000 0.99837603672426 -0.02847503886644 0.05701952593293 0.49918702818441
2.65980000000000 0.99852633726597 -0.02712713137391 0.05431429344843 0.49926235335078
2.66250000000000 0.99866933435551 -0.02577902546674 0.05160955721999 0.49933400251237
2.66520000000000 0.99880502929924 -0.02443073106603 0.04890529241369 0.49940197868577
2.66790000000000 0.99893342333650 -0.02308225808495 0.04620147421853 0.49946628473169
2.67060000000000 0.99905451763966 -0.02173361642916 0.04349807784526 0.49952692335526
2.67330000000000 0.99916831331421 -0.02038481599721 0.04079507852513 0.49958389710634
2.67600000000000 0.99927481139877 -0.01903586668101 0.03809245150870 0.49963720837980
2.67870000000000 0.99937401286517 -0.01768677836617 0.03539017206461 0.49968685941579
2.68140000000000 0.99946591861849 -0.01633756093249 0.03268821547841 0.49973285229999
2.68410000000000 0.99955052949709 -0.01498822425434 0.02998655705131 0.49977518896382
2.68680000000000 0.99962784627269 -0.01363877820108 0.02728517209900 0.49981387118469
2.68950000000000 0.99969786965035 -0.01228923263748 0.02458403595045 0.49984890058614
2.69220000000000 0.99976060026855 -0.01093959742413 0.02188312394671 0.49988027863810
2.69490000000000 0.99981603869921 -0.00958988241786 0.01918241143970 0.49990800665698
2.69760000000000 0.99986418544770 -0.00824009747216 0.01648187379101 0.49993208580585
2.70030000000000 0.99990504095289 -0.00689025243758 0.01378148637073 0.49995251709457
2.70300000000000 0.99993860558715 -0.00554035716215 0.01108122455621 0.49996930137987
2.70570000000000 0.99996487965638 -0.00419042149179 0.00838106373092 0.49998243936549
2.70840000000000 0.99998386340003 -0.00284045527074 0.00568097928321 0.49999193160224
2.71110000000000 0.99999555699110 -0.00149046834195 0.00298094660514 0.49999777848804
2.71380000000000 0.99999996053615 -0.00014047054750 0.00028094109127 0.49999998026798
2.71410000000000 0.99999999981848 0.00000952945065 -0.00001905891335 0.49999999990914
