 t x y vx vy
 0.020000000 0.999799992 0.009999333 -0.020001667 0.499899981
0.03000000000000 0.99954995728213 0.01499774938713 -0.03000562676258 0.49977490172251
0.04000000000000 0.99919986557348 0.01999466412574 -0.04001334063412 0.49959969067653
0.05000000000000 0.99874967272610 0.02498957567354 -0.05002606370713 0.49937424673399
0.06000000000000 0.99819932235806 0.02998198107550 -0.06004505452590 0.49909843983032
0.07000000000000 0.99754874548173 0.03497137592957 -0.07007157581902 0.49877211059596
0.08000000000000 0.99679786045775 0.03995725409249 -0.08010689535046 0.49839507011335
0.09000000000000 0.99594657294035 0.04493910738287 -0.09015228677852 0.49796709962792
0.10000000000000 0.99499477581410 0.04991642528118 -0.10020903052397 0.49748795021250
0.11000000000000 0.99394234912189 0.05488869462617 -0.11027841464880 0.49695734238400
0.12000000000000 0.99278915998405 0.05985539930718 -0.12036173574694 0.49637496567127
0.13000000000000 0.99153506250858 0.06481601995189 -0.13046029984845 0.49574047813290
0.14000000000000 0.99017989769214 0.06977003360898 -0.14057542333865 0.49505350582344
0.15000000000000 0.98872349331186 0.07471691342522 -0.15070843389368 0.49431364220655
0.16000000000000 0.98716566380771 0.07965612831639 -0.16086067143416 0.49352044751324
0.17000000000000 0.98550621015515 0.08458714263148 -0.17103348909841 0.49267344804316
0.18000000000000 0.98374491972803 0.08950941580971 -0.18122825423709 0.49177213540706
0.19000000000000 0.98188156615141 0.09442240202950 -0.19144634943083 0.49081596570779
0.20000000000000 0.97991590914401 0.09932554984912 -0.20168917353283 0.48980435865743
0.21000000000000 0.97784769435024 0.10421830183803 -0.21195814273807 0.48873669662777
0.22000000000000 0.97567665316126 0.10910009419846 -0.22225469168139 0.48761232363107
0.23000000000000 0.97340250252498 0.11397035637643 -0.23258027456612 0.48643054422788
0.24000000000000 0.97102494474458 0.11882851066141 -0.24293636632574 0.48519062235825
0.25000000000000 0.96854366726529 0.12367397177400 -0.25332446382046 0.48389178009267
0.26000000000000 0.96595834244897 0.12850614644056 -0.26374608707133 0.48253319629843
0.27000000000000 0.96326862733611 0.13332443295421 -0.27420278053412 0.48111400521692
0.28000000000000 0.96047416339505 0.13812822072102 -0.28469611441562 0.47963329494711
0.29000000000000 0.95757457625758 0.14291688979061 -0.29522768603500 0.47809010582985
0.30000000000000 0.95456947544088 0.14768981037005 -0.30579912123314 0.47648342872743
0.31000000000000 0.95145845405506 0.15244634232001 -0.31641207583274 0.47481220319212
0.32000000000000 0.94824108849573 0.15718583463201 -0.32706823715256 0.47307531551729
0.33000000000000 0.94491693812133 0.16190762488556 -0.33776932557884 0.47127159666377
0.34000000000000 0.94148554491427 0.16661103868395 -0.34851709619767 0.46939982005388
0.35000000000000 0.93794643312556 0.17129538906719 -0.35931334049165 0.46745869922471
0.36000000000000 0.93429910890201 0.17595997590086 -0.37015988810510 0.46544688533168
0.37000000000000 0.93054305989554 0.18060408523910 -0.38105860868159 0.46336296449255
0.38000000000000 0.92667775485367 0.18522698866028 -0.39201141377838 0.46120545496151
0.39000000000000 0.92270264319046 0.18982794257345 -0.40302025886221 0.45897280412174
0.40000000000000 0.91861715453706 0.19440618749381 -0.41408714539147 0.45666338528418
0.41000000000000 0.91442069827105 0.19896094728510 -0.42521412298972 0.45427549427910
0.42000000000000 0.91011266302346 0.20349142836684 -0.43640329171632 0.45180734582599
0.43000000000000 0.90569241616268 0.20799681888405 -0.44765680443960 0.44925706966588
0.44000000000000 0.90115930325401 0.21247628783713 -0.45897686931918 0.44662270643913
0.45000000000000 0.89651264749390 0.21692898416905 -0.47036575240359 0.44390220329001
0.46000000000000 0.89175174911752 0.22135403580719 -0.48182578035041 0.44109340917794
0.47000000000000 0.88687588477853 0.22575054865677 -0.49335934327621 0.43819406987327
0.48000000000000 0.88188430689972 0.23011760554250 -0.50496889774416 0.43520182261380
0.49000000000000 0.87677624299291 0.23445426509502 -0.51665696989762 0.43211419039589
0.50000000000000 0.87155089494693 0.23875956057828 -0.52842615874864 0.42892857587162
0.51000000000000 0.86620743828173 0.24303249865384 -0.54027913963080 0.42564225482103
0.52000000000000 0.86074502136720 0.24727205807761 -0.55221866782631 0.42225236916546
0.53000000000000 0.85516276460481 0.25147718832422 -0.56424758237817 0.41875591948476
0.54000000000000 0.84945975957007 0.25564680813397 -0.57636881009862 0.41514975699782
0.55000000000000 0.84363506811395 0.25977980397673 -0.58858536978593 0.41143057496176
0.56000000000000 0.83768772142103 0.26387502842664 -0.60090037666242 0.40759489944096
0.57000000000000 0.83161671902207 0.26793129844125 -0.61331704704716 0.40363907939215
0.58000000000000 0.82542102775865 0.27194739353769 -0.62583870327789 0.39955927600670
0.59000000000000 0.81909958069727 0.27592205385843 -0.63846877889747 0.39535145124494
0.60000000000000 0.81265127599018 0.27985397811794 -0.65121082412098 0.39101135549106
0.61000000000000 0.80607497568012 0.28374182142121 -0.66406851160093 0.38653451424966
0.62000000000000 0.79936950444576 0.28758419294412 -0.67704564250845 0.38191621379670
0.63000000000000 0.79253364828474 0.29137965346459 -0.69014615295002 0.37715148568841
0.64000000000000 0.78556615313075 0.29512671273278 -0.70337412073986 0.37223509002151
0.65000000000000 0.77846572340099 0.29882382666704 -0.71673377254937 0.36716149732631
0.66000000000000 0.77123102047021 0.30246939436153 -0.73022949145619 0.36192486896145
0.67000000000000 0.76386066106714 0.30606175488961 -0.74386582491625 0.35651903586414
0.68000000000000 0.75635321558898 0.30959918388579 -0.75764749318347 0.35093747549356
0.69000000000000 0.74870720632934 0.31307988988747 -0.77157939820257 0.34517328678614
0.70000000000000 0.74092110561481 0.31650201041530 -0.78566663300137 0.33921916292064
0.71000000000000 0.73299333384493 0.31986360776940 -0.79991449160962 0.33306736166689
0.72000000000000 0.72492225743031 0.32316266451585 -0.81432847953200 0.32670967306520
0.73000000000000 0.71670618662310 0.32639707863553 -0.82891432480301 0.32013738415252
0.74000000000000 0.70834337323381 0.32956465830406 -0.84367798965124 0.31334124041659
0.75000000000000 0.69983200822847 0.33266311626846 -0.85862568280010 0.30631140361932
0.76000000000000 0.69117021919938 0.33569006378218 -0.87376387243033 0.29903740558522
0.77000000000000 0.68235606770290 0.33864300405597 -0.88909929982756 0.29150809749827
0.78000000000000 0.67338754645718 0.34151932517710 -0.90463899373490 0.28371159419101
0.79000000000000 0.66426257639286 0.34431629244396 -0.92039028542546 0.27563521284084
0.80000000000000 0.65497900354937 0.34703104005695 -0.93636082450330 0.26726540540908
0.81000000000000 0.64553459580957 0.34966056209925 -0.95255859543211 0.25858768406732
0.82000000000000 0.63592703946553 0.35220170273332 -0.96899193477897 0.24958653874947
0.83000000000000 0.62615393560843 0.35465114552928 -0.98566954914475 0.24024534584574
0.84000000000000 0.61621279633590 0.35700540183143 -1.00260053373199 0.23054626691201
0.85000000000000 0.60610104077083 0.35926079805640 -1.01979439147428 0.22047013610249
0.86000000000000 0.59581599088654 0.36141346180315 -1.03726105261658 0.20999633483973
0.87000000000000 0.58535486713453 0.36345930663871 -1.05501089459118 0.19910265200952
0.88000000000000 0.57471478387286 0.36539401540516 -1.07305476197695 0.18776512770215
0.89000000000000 0.56389274459578 0.36721302187237 -1.09140398625588 0.17595787820864
0.90000000000000 0.55288563696827 0.36891149053572 -1.11007040498685 0.16365289961123
0.91000000000000 0.54169022767401 0.37048429432992 -1.12906637989605 0.15081984687090
0.92000000000000 0.53030315709040 0.37192598999603 -1.14840481322882 0.13742578479621
0.93000000000000 0.51872093381250 0.37323079080004 -1.16809916150956 0.12343490666140
0.94000000000000 0.50693992905679 0.37439253625506 -1.18816344560151 0.10880821550572
0.95000000000000 0.49495637098891 0.37540465844565 -1.20861225563081 0.09350316226526
0.96000000000000 0.48276633903555 0.37626014448879 -1.22946074891640 0.07747323383062
0.97000000000000 0.47036575826205 0.37695149459098 -1.25072463850180 0.06066748285008
0.98000000000000 0.45775039392456 0.37747067507162 -1.27242016917635 0.04302998955783
0.99000000000000 0.44491584634150 0.37780906561646 -1.29456407695406 0.02449924404061
1.00000000000000 0.43185754627454 0.37795739989829 -1.31717352677703 0.00500743508572
1.01000000000000 0.41857075107000 0.37790569854959 -1.34026602163859 -0.01552037101739
1.02000000000000 0.40505054188866 0.37764319328965 -1.36385927425421 -0.03716718174076
1.03000000000000 0.39129182245468 0.37715824078793 -1.38797102967804 -0.06002518383136
1.04000000000000 0.37728931988686 0.37643822457888 -1.41261882364092 -0.08419703238933
1.05000000000000 0.36303758835167 0.37546944301963 -1.43781965655571 -0.10979735916462
1.06000000000000 0.34853101650825 0.37423698088729 -1.46358955666058 -0.13695454357627
1.07000000000000 0.33376384002330 0.37272456173065 -1.48994299704181 -0.16581279970381
1.08000000000000 0.31873016084258 0.37091437749970 -1.51689211943954 -0.19653464461686
1.09000000000000 0.30342397545391 0.36878689124998 -1.54444570158516 -0.22930382848670
1.10000000000000 0.28783921511525 0.36632060782358 -1.57260778262873 -0.26432882568017
1.11000000000000 0.27196980202186 0.36349180630394 -1.60137583052624 -0.30184700932226
1.12000000000000 0.25580972675174 0.36027422667739 -1.63073829251150 -0.34212966059363
1.13000000000000 0.23935315420292 0.35663870145075 -1.66067130980472 -0.38548799930697
1.14000000000000 0.22259456782742 0.35255272090197 -1.69113429293474 -0.43228046493571
1.15000000000000 0.20552896557724 0.34797991810372 -1.72206393330880 -0.48292152754418
1.16000000000000 0.18815212604344 0.34287945678726 -1.75336605340507 -0.53789236486693
1.17000000000000 0.17046097043372 0.33720530145749 -1.78490444754528 -0.59775380086591
1.18000000000000 0.15245405624100 0.33090534495681 -1.81648550086091 -0.66316195175088
1.19000000000000 0.13413225310407 0.32392036409580 -1.84783684099439 -0.73488704401446
1.20000000000000 0.11549967252242 0.31618276956907 -1.87857749417823 -0.81383580634321
1.21000000000000 0.09656495381786 0.30761511341962 -1.90817586660706 -0.90107759452092
1.22000000000000 0.07734305350316 0.29812831849902 -1.93589018779308 -0.99787379097967
1.23000000000000 0.05785775039320 0.28761960517943 -1.96068361924313 -1.10570865003838
1.24000000000000 0.03814517301929 0.27597012188289 -1.98110281650755 -1.22631690930335
1.25000000000000 0.01825878964739 0.26304235893069 -1.99510422669400 -1.36169778365127
1.26000000000000 -0.00172351643942 0.24867757998632 -1.99980726142409 -1.51409387466590
1.27000000000000 -0.02168943599322 0.23269381624132 -1.99114991997237 -1.68589265606529
1.28000000000000 -0.04147821016605 0.21488556573021 -1.96342738180791 -1.87937064789537
1.29000000000000 -0.06086145845793 0.19502742943497 -1.90872576315489 -2.09613820543754
1.30000000000000 -0.07951828683103 0.17288574678978 -1.81636306485649 -2.33605683572538
1.31000000000000 -0.09700632498080 0.14824491648002 -1.67269340480627 -2.59533597826867
1.32000000000000 -0.11273605633906 0.12095752257651 -1.46209869126197 -2.86364833875736
1.33000000000000 -0.12596680255000 0.09102578002596 -1.17055986556947 -3.12084806577398
1.34000000000000 -0.13585629934317 0.05870786587160 -0.79300318370161 -3.33567215955944
1.35000000000000 -0.14159596630378 0.02460933469905 -0.34282694973644 -3.47074163927226
1.36000000000000 -0.14262278919301 -0.01031678099618 0.14348498942080 -3.49621557593198
1.37000000000000 -0.13881745455875 -0.04492227968043 0.61513893920178 -3.40552309058230
1.38000000000000 -0.13055739206633 -0.07812733742229 1.02688969334438 -3.21962002830258
1.39000000000000 -0.11857911587978 -0.10915000585037 1.35479056326091 -2.97515299557174
1.40000000000000 -0.10374781291187 -0.13758373632305 1.59722574974918 -2.70777452618805
1.41000000000000 -0.08687043387374 -0.16333439299593 1.76596788220515 -2.44274895870401
1.42000000000000 -0.06860764734874 -0.18650522133844 1.87696530442129 -2.19415537351438
1.43000000000000 -0.04946158234578 -0.20729723453055 1.94510469007731 -1.96798436022339
1.44000000000000 -0.02979845926863 -0.22594483490720 1.98237509527687 -1.76548018874310
1.45000000000000 -0.00987949373678 -0.24268096711098 1.99777251321545 -1.58550029896197
1.46000000000000 0.01011124370576 -0.25772099717037 1.99781598412176 -1.42590277366264
1.47000000000000 0.03004501508211 -0.27125691679249 1.98715405837095 -1.28427633124240
1.48000000000000 0.04983236920560 -0.28345670891367 1.96908169306837 -1.15828853382619
1.49000000000000 0.06941167332899 -0.29446602833349 1.94593309237924 -1.04583027288434
1.50000000000000 0.08874101499990 -0.30441073236269 1.91936539182502 -0.94505823715807
1.51000000000000 0.10779250165709 -0.31339955284970 1.89055878928128 -0.85438979200661
1.52000000000000 0.12654824088837 -0.32152659516508 1.86035643102319 -0.77247813591288
1.53000000000000 0.14499749325634 -0.32887354710592 1.82936203653141 -0.69818140674090
1.54000000000000 0.16313464405557 -0.33551157497506 1.79800821956846 -0.63053206499212
1.55000000000000 0.18095774945269 -0.34150292582892 1.76660455130591 -0.56870918228598
1.56000000000000 0.19846748791476 -0.34690227057881 1.73537159272219 -0.51201446131598
1.57000000000000 0.21566639958861 -0.35175782592291 1.70446516362956 -0.45985198093516
1.58000000000000 0.23255833174802 -0.35611229088241 1.67399377499489 -0.41171131304733
1.59000000000000 0.24914803277696 -0.36000362943236 1.64403123968047 -0.36715354729936
1.60000000000000 0.26544085396719 -0.36346572597932 1.61462585716549 -0.32579975819865
1.61000000000000 0.28144253008761 -0.36652893596792 1.58580714537173 -0.28732149360745
1.62000000000000 0.29715901785572 -0.36922054997092 1.55759080318525 -0.25143292258844
1.63000000000000 0.31259637720393 -0.37156518629318 1.52998238754699 -0.21788433992240
1.64000000000000 0.32776068432757 -0.37358512436661 1.50298005023589 -0.18645677826377
1.65000000000000 0.34265796843267 -0.37530058895885 1.47657658235479 -0.15695752489974
1.66000000000000 0.35729416621501 -0.37672999338623 1.45076094604166 -0.12921637838449
1.67000000000000 0.37167508963776 -0.37789014843671 1.42551942426379 -0.10308251168146
1.68000000000000 0.38580640369747 -0.37879644250705 1.40083648471655 -0.07842183386679
1.69000000000000 0.39969361169507 -0.37946299748534 1.37669542873175 -0.05511476293853
1.70000000000000 0.41334204614046 -0.37990280412149 1.35307887786573 -0.03305433874883
1.71000000000000 0.42675686387525 -0.38012783998698 1.32996913751050 -0.01214461830814
1.72000000000000 0.43994304433988 -0.38014917260318 1.30734846706853 0.00770069365608
1.73000000000000 0.45290539016816 -0.37997704989086 1.28519927897905 0.02655941744558
1.74000000000000 0.46564852948665 -0.37962097974385 1.26350428348447 0.04450190610095
1.75000000000000 0.47817691944401 -0.37908980024207 1.24224659198700 0.06159191415361
1.76000000000000 0.49049485060771 -0.37839174178207 1.22140978880657 0.07788734897615
1.77000000000000 0.50260645195166 -0.37753448220648 1.20097797885543 0.09344092260892
1.78000000000000 0.51451569622420 -0.37652519585099 1.18093581700176 0.10830071894070
1.79000000000000 0.52622640553669 -0.37537059729078 1.16126852356563 0.12251068866611
1.80000000000000 0.53774225705202 -0.37407698045534 1.14196188937393 0.13611108242694
1.81000000000000 0.54906678868246 -0.37265025368437 1.12300227301994 0.14913883088397
1.82000000000000 0.56020340472966 -0.37109597121760 1.10437659237150 0.16162787909448
1.83000000000000 0.57115538141756 -0.36941936154341 1.08607231190670 0.17360948143244
1.84000000000000 0.58192587228287 -0.36762535297334 1.06807742709605 0.18511246234310
1.85000000000000 0.59251791339846 -0.36571859676127 1.05038044677013 0.19616344743403
1.86000000000000 0.60293442841349 -0.36370348804390 1.03297037419449 0.20678706874426
1.87000000000000 0.61317823340000 -0.36158418484397 1.01583668740398 0.21700614747911
1.88000000000000 0.62325204150093 -0.35936462534710 0.99896931921646 0.22684185703102
1.89000000000000 0.63315846737805 -0.35704854363682 0.98235863724301 0.23631386871323
1.90000000000000 0.64290003146087 -0.35463948405001 0.96599542413106 0.24544048229927
1.91000000000000 0.65247916399993 -0.35214081429537 0.94987085821428 0.25423874317789
1.92000000000000 0.66189820892914 -0.34955573746071 0.93397649469429 0.26272454769231
1.93000000000000 0.67115942754293 -0.34688730302030 0.91830424744096 0.27091273802670
1.94000000000000 0.68026500199475 -0.34413841694059 0.90284637146917 0.27881718782663
1.95000000000000 0.68921703862387 -0.34131185097181 0.88759544612664 0.28645087958961
1.96000000000000 0.69801757111770 -0.33841025120302 0.87254435901052 0.29382597473163
1.97000000000000 0.70666856351690 -0.33543614594979 0.85768629061672 0.30095387712389
1.98000000000000 0.71517191307065 -0.33239195303625 0.84301469971641 0.30784529079733
1.99000000000000 0.72352945294928 -0.32927998652675 0.82852330944636 0.31451027242878
2.00000000000000 0.73174295482121 -0.32610246295643 0.81420609409449 0.32095827914998
2.01000000000000 0.73981413130130 -0.32286150710513 0.80005726655836 0.32719821215773
2.02000000000000 0.74774463827682 -0.31955915735442 0.78607126645130 0.33323845654837
2.03000000000000 0.75553607711782 -0.31619737066359 0.77224274882979 0.33908691775170
2.04000000000000 0.76318999677762 -0.31277802719697 0.75856657351426 0.34475105489783
2.05000000000000 0.77070789578942 -0.30930293463155 0.74503779497557 0.35023791141323
2.06000000000000 0.77809122416450 -0.30577383217159 0.73165165275920 0.35555414311028
2.07000000000000 0.78534138519716 -0.30219239429367 0.71840356241985 0.36070604400619
2.08000000000000 0.79245973718158 -0.29856023424421 0.70528910693960 0.36569957008193
2.09000000000000 0.79944759504501 -0.29487890730880 0.69230402860378 0.37054036117008
2.10000000000000 0.80630623190204 -0.29114991387131 0.67944422130944 0.37523376114069
2.11000000000000 0.81303688053394 -0.28737470227911 0.66670572328254 0.37978483653717
2.12000000000000 0.81964073479715 -0.28355467152898 0.65408471018094 0.38419839379872
2.13000000000000 0.82611895096463 -0.27969117378747 0.64157748856121 0.38847899519249
2.14000000000000 0.83247264900359 -0.27578551675783 0.62918048968880 0.39263097356619
2.15000000000000 0.83870291379301 -0.27183896590496 0.61689026367159 0.39665844602137
2.16000000000000 0.84481079628399 -0.26785274654863 0.60470347389843 0.40056532659788
2.17000000000000 0.85079731460594 -0.26382804583445 0.59261689176493 0.40435533805137
2.18000000000000 0.85666345512142 -0.25976601459128 0.58062739167001 0.40803202279810
2.19000000000000 0.86241017343220 -0.25566776908311 0.56873194626740 0.41159875309434
2.20000000000000 0.86803839533908 -0.25153439266268 0.55692762195745 0.41505874051151
2.21000000000000 0.87354901775776 -0.24736693733367 0.54521157460527 0.41841504476276
2.22000000000000 0.87894290959296 -0.24316642522763 0.53358104547215 0.42167058193147
2.23000000000000 0.88422091257289 -0.23893385000144 0.52203335734785 0.42482813214785
2.24000000000000 0.88938384204595 -0.23467017816058 0.51056591087239 0.42789034675569
2.25000000000000 0.89443248774163 -0.23037635031313 0.49917618103611 0.43085975500775
2.26000000000000 0.89936761449717 -0.22605328235903 0.48786171384812 0.43373877032467
2.27000000000000 0.90418996295181 -0.22170186661874 0.47662012316321 0.43652969614985
2.28000000000000 0.90890025020993 -0.21732297290539 0.46544908765826 0.43923473142935
2.29000000000000 0.91349917047481 -0.21291744954372 0.45434634794976 0.44185597574408
2.30000000000000 0.91798739565411 -0.20848612433946 0.44330970384413 0.44439543411873
2.31000000000000 0.92236557593859 -0.20402980550208 0.43233701171361 0.44685502153036
2.32000000000000 0.92663434035510 -0.19954928252390 0.42142618199040 0.44923656713738
2.33000000000000 0.93079429729516 -0.19504532701823 0.41057517677251 0.45154181824811
2.34000000000000 0.93484603502005 -0.19051869351899 0.39978200753487 0.45377244404666
2.35000000000000 0.93879012214355 -0.18597012024434 0.38904473294006 0.45593003909223
2.36000000000000 0.94262710809330 -0.18140032982623 0.37836145674268 0.45801612660702
2.37000000000000 0.94635752355156 -0.17681003000823 0.36773032578256 0.46003216156635
2.38000000000000 0.94998188087642 -0.17219991431328 0.35714952806139 0.46197953360396
2.39000000000000 0.95350067450409 -0.16757066268329 0.34661729089851 0.46385956974402
2.40000000000000 0.95691438133320 -0.16292294209229 0.33613187916108 0.46567353697103
2.41000000000000 0.96022346109171 -0.15825740713457 0.32569159356481 0.46742264464739
2.42000000000000 0.96342835668718 -0.15357470058945 0.31529476904097 0.46910804678811
2.43000000000000 0.96652949454101 -0.14887545396390 0.30493977316623 0.47073084420126
2.44000000000000 0.96952728490729 -0.14416028801445 0.29462500465165 0.47229208650206
2.45000000000000 0.97242212217687 -0.13942981324957 0.28434889188753 0.47379277400808
2.46000000000000 0.97521438516699 -0.13468463041359 0.27410989154098 0.47523385952229
2.47000000000000 0.97790443739737 -0.12992533095341 0.26390648720320 0.47661625001046
2.48000000000000 0.98049262735279 -0.12515249746886 0.25373718808360 0.47794080817859
2.49000000000000 0.98297928873296 -0.12036670414787 0.24360052774809 0.47920835395599
2.50000000000000 0.98536474068996 -0.11556851718710 0.23349506289904 0.48041966588896
2.51000000000000 0.98764928805364 -0.11075849519927 0.22341937219427 0.48157548244975
2.52000000000000 0.98983322154545 -0.10593718960757 0.21337205510306 0.48267650326525
2.53000000000000 0.99191681798096 -0.10110514502839 0.20335173079660 0.48372339026926
2.54000000000000 0.99390034046148 -0.09626289964272 0.19335703707111 0.48471676878228
2.55000000000000 0.99578403855505 -0.09141098555722 0.18338662930141 0.48565722852199
2.56000000000000 0.99756814846709 -0.08654992915544 0.17343917942299 0.48654532454792
2.57000000000000 0.99925289320108 -0.08168025143996 0.16351337494095 0.48738157814304
2.58000000000000 1.00083848270935 -0.07680246836599 0.15360791796372 0.48816647763507
2.59000000000000 1.00232511403441 -0.07191709116704 0.14372152426021 0.48890047916007
2.60000000000000 1.00371297144092 -0.06702462667329 0.13385292233841 0.48958400737048
2.61000000000000 1.00500222653856 -0.06212557762308 0.12400085254414 0.49021745608997
2.62000000000000 1.00619303839598 -0.05722044296814 0.11416406617826 0.49080118891676
2.63000000000000 1.00728555364601 -0.05230971817303 0.10434132463097 0.49133553977751
2.64000000000000 1.00827990658228 -0.04739389550930 0.09453139853168 0.49182081343307
2.65000000000000 1.00917621924744 -0.04247346434482 0.08473306691320 0.49225728593788
2.66000000000000 1.00997460151304 -0.03754891142870 0.07494511638873 0.49264520505410
2.67000000000000 1.01067515115129 -0.03262072117237 0.06516634034055 0.49298479062181
2.68000000000000 1.01127795389873 -0.02768937592708 0.05539553811894 0.49327623488626
2.69000000000000 1.01178308351195 -0.02275535625842 0.04563151425024 0.49351970278316
2.70000000000000 1.01219060181540 -0.01781914121818 0.03587307765271 0.49371533218277
2.71000000000000 1.01250055874146 -0.01288120861389 0.02611904085904 0.49386323409349
2.72000000000000 1.01271299236266 -0.00794203527664 0.01636821924429 0.49396349282555
2.72000000000000 1.01271299236266 -0.00794203527664 0.01636821924429 0.49396349282555
