 t x y vx vy
 0.000200000 0.999999980 0.000100000 -0.000200000 0.499999990
0.00290000000000 0.99999579499632 0.00144999796758 -0.00290000508106 0.49999789749153
0.00560000000000 0.99998431994878 0.00279998536520 -0.00560003658705 0.49999215988219
0.00830000000000 0.99996555475282 0.00414995235014 -0.00830011912502 0.49998277693147
0.01100000000000 0.99993949923743 0.00549988907947 -0.01100027730282 0.49996974824602
0.01370000000000 0.99990615316516 0.00684978570902 -0.01370053573198 0.49995307327963
0.01640000000000 0.99986551623209 0.00819963239291 -0.01640091902886 0.49993275133315
0.01910000000000 0.99981758806786 0.00954941928317 -0.01910145181590 0.49990878155443
0.02180000000000 0.99976236823558 0.01089913652935 -0.02180215872279 0.49988116293819
0.02450000000000 0.99969985623187 0.01224877427805 -0.02450306438765 0.49984989432597
0.02720000000000 0.99963005148682 0.01359832267254 -0.02720419345827 0.49981497440595
0.02990000000000 0.99955295336394 0.01494777185235 -0.02990557059325 0.49977640171282
0.03260000000000 0.99946856116016 0.01629711195284 -0.03260722046324 0.49973417462763
0.03530000000000 0.99937687410576 0.01764633310480 -0.03530916775214 0.49968829137759
0.03800000000000 0.99927789136439 0.01899542543400 -0.03801143715827 0.49963875003590
0.04070000000000 0.99917161203296 0.02034437906084 -0.04071405339562 0.49958554852151
0.04340000000000 0.99905803514165 0.02169318409986 -0.04341704119501 0.49952868459891
0.04610000000000 0.99893715965383 0.02304183065936 -0.04612042530532 0.49946815587787
0.04880000000000 0.99880898446603 0.02439030884099 -0.04882423049470 0.49940395981317
0.05150000000000 0.99867350840788 0.02573860873931 -0.05152848155178 0.49933609370434
0.05420000000000 0.99853073024204 0.02708672044139 -0.05423320328688 0.49926455469536
0.05690000000000 0.99838064866417 0.02843463402635 -0.05693842053322 0.49918933977429
0.05960000000000 0.99822326230283 0.02978233956500 -0.05964415814816 0.49911044577301
0.06230000000000 0.99805856971944 0.03112982711937 -0.06235044101438 0.49902786936683
0.06500000000000 0.99788656940821 0.03247708674229 -0.06505729404117 0.49894160707411
0.06770000000000 0.99770725979603 0.03382410847700 -0.06776474216558 0.49885165525589
0.07040000000000 0.99752063924246 0.03517088235669 -0.07047281035372 0.49875801011549
0.07310000000000 0.99732670603957 0.03651739840408 -0.07318152360195 0.49866066769806
0.07580000000000 0.99712545841193 0.03786364663101 -0.07589090693813 0.49855962389018
0.07850000000000 0.99691689451647 0.03920961703799 -0.07860098542287 0.49845487441936
0.08120000000000 0.99670101244242 0.04055529961379 -0.08131178415074 0.49834641485359
0.08390000000000 0.99647781021122 0.04190068433499 -0.08402332825157 0.49823424060081
0.08660000000000 0.99624728577638 0.04324576116555 -0.08673564289168 0.49811834690844
0.08930000000000 0.99600943702344 0.04459052005638 -0.08944875327511 0.49799872886283
0.09200000000000 0.99576426176981 0.04593495094493 -0.09216268464492 0.49787538138869
0.09470000000000 0.99551175776471 0.04727904375469 -0.09487746228443 0.49774829924854
0.09740000000000 0.99525192268904 0.04862278839481 -0.09759311151851 0.49761747704211
0.10010000000000 0.99498475415525 0.04996617475965 -0.10030965771484 0.49748290920575
0.10280000000000 0.99471024970724 0.05130919272831 -0.10302712628519 0.49734459001179
0.10550000000000 0.99442840682026 0.05265183216420 -0.10574554268671 0.49720251356788
0.10820000000000 0.99413922290073 0.05399408291460 -0.10846493242322 0.49705667381634
0.11090000000000 0.99384269528618 0.05533593481023 -0.11118532104651 0.49690706453348
0.11360000000000 0.99353882124505 0.05667737766476 -0.11390673415761 0.49675367932890
0.11630000000000 0.99322759797660 0.05801840127438 -0.11662919740815 0.49659651164472
0.11900000000000 0.99290902261078 0.05935899541736 -0.11935273650163 0.49643555475490
0.12170000000000 0.99258309220806 0.06069914985357 -0.12207737719475 0.49627080176443
0.12440000000000 0.99224980375926 0.06203885432404 -0.12480314529874 0.49610224560855
0.12710000000000 0.99190915418549 0.06337809855050 -0.12753006668068 0.49592987905196
0.12980000000000 0.99156114033791 0.06471687223490 -0.13025816726485 0.49575369468798
0.13250000000000 0.99120575899760 0.06605516505897 -0.13298747303408 0.49557368493773
0.13520000000000 0.99084300687542 0.06739296668375 -0.13571801003105 0.49538984204920
0.13790000000000 0.99047288061183 0.06873026674909 -0.13844980435973 0.49520215809644
0.14060000000000 0.99009537677673 0.07006705487322 -0.14118288218668 0.49501062497857
0.14330000000000 0.98971049186927 0.07140332065228 -0.14391726974244 0.49481523441892
0.14600000000000 0.98931822231770 0.07273905365979 -0.14665299332292 0.49461597796402
0.14870000000000 0.98891856447918 0.07407424344622 -0.14939007929077 0.49441284698265
0.15140000000000 0.98851151463960 0.07540887953849 -0.15212855407681 0.49420583266483
0.15410000000000 0.98809706901338 0.07674295143952 -0.15486844418137 0.49399492602082
0.15680000000000 0.98767522374332 0.07807644862766 -0.15760977617576 0.49378011788004
0.15950000000000 0.98724597490035 0.07940936055631 -0.16035257670369 0.49356139889004
0.16220000000000 0.98680931848339 0.08074167665333 -0.16309687248263 0.49333875951538
0.16490000000000 0.98636525041911 0.08207338632061 -0.16584269030532 0.49311219003653
0.16760000000000 0.98591376656173 0.08340447893353 -0.16859005704120 0.49288168054874
0.17030000000000 0.98545486269282 0.08473494384048 -0.17133899963784 0.49264722096086
0.17300000000000 0.98498853452108 0.08606477036238 -0.17408954512240 0.49240880099416
0.17570000000000 0.98451477768216 0.08739394779210 -0.17684172060316 0.49216641018114
0.17840000000000 0.98403358773836 0.08872246539401 -0.17959555327094 0.49192003786428
0.18110000000000 0.98354496017848 0.09005031240345 -0.18235107040062 0.49166967319474
0.18380000000000 0.98304889041756 0.09137747802621 -0.18510829935265 0.49141530513117
0.18650000000000 0.98254537379664 0.09270395143800 -0.18786726757453 0.49115692243831
0.18920000000000 0.98203440558254 0.09402972178393 -0.19062800260240 0.49089451368568
0.19190000000000 0.98151598096760 0.09535477817799 -0.19339053206249 0.49062806724624
0.19460000000000 0.98099009506946 0.09667910970251 -0.19615488367274 0.49035757129498
0.19730000000000 0.98045674293080 0.09800270540761 -0.19892108524429 0.49008301380750
0.20000000000000 0.97991591951907 0.09932555431069 -0.20168916468311 0.48980438255858
0.20270000000000 0.97936761972623 0.10064764539586 -0.20445914999154 0.48952166512070
0.20540000000000 0.97881183836854 0.10196896761341 -0.20723106926989 0.48923484886254
0.20810000000000 0.97824857018623 0.10328950987923 -0.21000495071805 0.48894392094745
0.21080000000000 0.97767780984324 0.10460926107430 -0.21278082263708 0.48864886833191
0.21350000000000 0.97709955192700 0.10592821004407 -0.21555871343087 0.48834967776393
0.21620000000000 0.97651379094808 0.10724634559796 -0.21833865160776 0.48804633578144
0.21890000000000 0.97592052133993 0.10856365650872 -0.22112066578221 0.48773882871063
0.22160000000000 0.97531973745861 0.10988013151192 -0.22390478467643 0.48742714266433
0.22430000000000 0.97471143358248 0.11119575930534 -0.22669103712210 0.48711126354022
0.22700000000000 0.97409560391191 0.11251052854839 -0.22947945206202 0.48679117701916
0.22970000000000 0.97347224256895 0.11382442786151 -0.23227005855186 0.48646686856343
0.23240000000000 0.97284134359708 0.11513744582561 -0.23506288576187 0.48613832341486
0.23510000000000 0.97220290096084 0.11644957098145 -0.23785796297856 0.48580552659307
0.23780000000000 0.97155690854553 0.11776079182903 -0.24065531960652 0.48546846289357
0.24050000000000 0.97090336015692 0.11907109682701 -0.24345498517016 0.48512711688589
0.24320000000000 0.97024224952089 0.12038047439205 -0.24625698931547 0.48478147291160
0.24590000000000 0.96957357028311 0.12168891289827 -0.24906136181183 0.48443151508242
0.24860000000000 0.96889731600869 0.12299640067653 -0.25186813255381 0.48407722727814
0.25130000000000 0.96821348018188 0.12430292601388 -0.25467733156300 0.48371859314466
0.25400000000000 0.96752205620568 0.12560847715289 -0.25748898898986 0.48335559609185
0.25670000000000 0.96682303740151 0.12691304229101 -0.26030313511555 0.48298821929150
0.25940000000000 0.96611641700886 0.12821660957994 -0.26311980035383 0.48261644567517
0.26210000000000 0.96540218818491 0.12951916712495 -0.26593901525294 0.48224025793196
0.26480000000000 0.96468034400418 0.13082070298426 -0.26876081049750 0.48185963850637
0.26750000000000 0.96395087745817 0.13212120516835 -0.27158521691046 0.48147456959598
0.27020000000000 0.96321378145495 0.13342066163930 -0.27441226545499 0.48108503314919
0.27290000000000 0.96246904881881 0.13471906031011 -0.27724198723652 0.48069101086288
0.27560000000000 0.96171667228984 0.13601638904401 -0.28007441350463 0.48029248418002
0.27830000000000 0.96095664452359 0.13731263565380 -0.28290957565513 0.47988943428730
0.28100000000000 0.96018895809062 0.13860778790112 -0.28574750523199 0.47948184211261
0.28370000000000 0.95941360547613 0.13990183349576 -0.28858823392947 0.47906968832260
0.28640000000000 0.95863057907954 0.14119476009498 -0.29143179359409 0.47865295332011
0.28910000000000 0.95783987121406 0.14248655530273 -0.29427821622677 0.47823161724158
0.29180000000000 0.95704147410630 0.14377720666900 -0.29712753398486 0.47780565995447
0.29450000000000 0.95623537989585 0.14506670168904 -0.29997977918432 0.47737506105452
0.29720000000000 0.95542158063479 0.14635502780264 -0.30283498430182 0.47693979986310
0.29990000000000 0.95460006828732 0.14764217239339 -0.30569318197691 0.47649985542440
0.30260000000000 0.95377083472929 0.14892812278791 -0.30855440501416 0.47605520650264
0.30530000000000 0.95293387174775 0.15021286625511 -0.31141868638544 0.47560583157922
0.30800000000000 0.95208917104049 0.15149639000542 -0.31428605923205 0.47515170884978
0.31070000000000 0.95123672421559 0.15277868119000 -0.31715655686705 0.47469281622132
0.31340000000000 0.95037652279096 0.15405972689997 -0.32003021277745 0.47422913130909
0.31610000000000 0.94950855819385 0.15533951416561 -0.32290706062658 0.47376063143364
0.31880000000000 0.94863282176038 0.15661802995557 -0.32578713425633 0.47328729361765
0.32150000000000 0.94774930473505 0.15789526117606 -0.32867046768954 0.47280909458279
0.32420000000000 0.94685799827025 0.15917119467001 -0.33155709513234 0.47232601074651
0.32690000000000 0.94595889342578 0.16044581721627 -0.33444705097654 0.47183801821877
0.32960000000000 0.94505198116830 0.16171911552879 -0.33734036980207 0.47134509279873
0.33230000000000 0.94413725237088 0.16299107625573 -0.34023708637937 0.47084720997136
0.33500000000000 0.94321469781242 0.16426168597863 -0.34313723567190 0.47034434490402
0.33770000000000 0.94228430817717 0.16553093121157 -0.34604085283859 0.46983647244297
0.34040000000000 0.94134607405418 0.16679879840025 -0.34894797323642 0.46932356710978
0.34310000000000 0.94039998593679 0.16806527392116 -0.35185863242287 0.46880560309780
0.34580000000000 0.93944603422201 0.16933034408065 -0.35477286615860 0.46828255426842
0.34850000000000 0.93848420921007 0.17059399511405 -0.35769071040998 0.46775439414735
0.35120000000000 0.93751450110378 0.17185621318476 -0.36061220135173 0.46722109592086
0.35390000000000 0.93653690000801 0.17311698438330 -0.36353737536959 0.46668263243188
0.35660000000000 0.93555139592909 0.17437629472641 -0.36646626906303 0.46613897617610
0.35930000000000 0.93455797877423 0.17563413015610 -0.36939891924792 0.46559009929799
0.36200000000000 0.93355663835098 0.17689047653868 -0.37233536295930 0.46503597358668
0.36470000000000 0.93254736436655 0.17814531966382 -0.37527563745418 0.46447657047193
0.36740000000000 0.93153014642729 0.17939864524354 -0.37821978021433 0.46391186101984
0.37010000000000 0.93050497403803 0.18065043891126 -0.38116782894910 0.46334181592865
0.37280000000000 0.92947183660145 0.18190068622078 -0.38411982159837 0.46276640552436
0.37550000000000 0.92843072341752 0.18314937264528 -0.38707579633535 0.46218559975634
0.37820000000000 0.92738162368280 0.18439648357626 -0.39003579156963 0.46159936819281
0.38090000000000 0.92632452648982 0.18564200432258 -0.39299984595008 0.46100768001632
0.38360000000000 0.92525942082644 0.18688592010932 -0.39596799836788 0.46041050401907
0.38630000000000 0.92418629557519 0.18812821607681 -0.39894028795958 0.45980780859820
0.38900000000000 0.92310513951257 0.18936887727948 -0.40191675411019 0.45919956175100
0.39170000000000 0.92201594130842 0.19060788868483 -0.40489743645624 0.45858573106998
0.39440000000000 0.92091868952523 0.19184523517229 -0.40788237488899 0.45796628373797
0.39710000000000 0.91981337261742 0.19308090153213 -0.41087160955760 0.45734118652301
0.39980000000000 0.91869997893065 0.19431487246434 -0.41386518087236 0.45671040577323
0.40250000000000 0.91757849670113 0.19554713257747 -0.41686312950796 0.45607390741163
0.40520000000000 0.91644891405487 0.19677766638747 -0.41986549640678 0.45543165693073
0.40790000000000 0.91531121900701 0.19800645831655 -0.42287232278226 0.45478361938719
0.41060000000000 0.91416539946099 0.19923349269197 -0.42588365012228 0.45412975939631
0.41330000000000 0.91301144320790 0.20045875374485 -0.42889952019257 0.45347004112639
0.41600000000000 0.91184933792566 0.20168222560896 -0.43191997504020 0.45280442829307
0.41870000000000 0.91067907117829 0.20290389231947 -0.43494505699708 0.45213288415352
0.42140000000000 0.90950063041513 0.20412373781174 -0.43797480868351 0.45145537150056
0.42410000000000 0.90831400297003 0.20534174592002 -0.44100927301179 0.45077185265662
0.42680000000000 0.90711917606061 0.20655790037619 -0.44404849318986 0.45008228946769
0.42950000000000 0.90591613678739 0.20777218480847 -0.44709251272499 0.44938664329706
0.43220000000000 0.90470487213305 0.20898458274011 -0.45014137542750 0.44868487501904
0.43490000000000 0.90348536896154 0.21019507758803 -0.45319512541453 0.44797694501250
0.43760000000000 0.90225761401728 0.21140365266153 -0.45625380711392 0.44726281315435
0.44030000000000 0.90102159392432 0.21261029116085 -0.45931746526801 0.44654243881285
0.44300000000000 0.89977729518548 0.21381497617586 -0.46238614493764 0.44581578084088
0.44570000000000 0.89852470418146 0.21501769068463 -0.46545989150606 0.44508279756901
0.44840000000000 0.89726380717001 0.21621841755200 -0.46853875068298 0.44434344679847
0.45110000000000 0.89599459028500 0.21741713952815 -0.47162276850866 0.44359768579403
0.45380000000000 0.89471703953555 0.21861383924715 -0.47471199135801 0.44284547127676
0.45650000000000 0.89343114080511 0.21980849922545 -0.47780646594478 0.44208675941655
0.45920000000000 0.89213687985054 0.22100110186045 -0.48090623932579 0.44132150582463
0.46190000000000 0.89083424230118 0.22219162942891 -0.48401135890522 0.44054966554593
0.46460000000000 0.88952321365790 0.22338006408542 -0.48712187243897 0.43977119305119
0.46730000000000 0.88820377929216 0.22456638786090 -0.49023782803901 0.43898604222910
0.47000000000000 0.88687592444502 0.22575058266095 -0.49335927417792 0.43819416637816
0.47270000000000 0.88553963422617 0.22693263026427 -0.49648625969329 0.43739551819845
0.47540000000000 0.88419489361296 0.22811251232103 -0.49961883379241 0.43659004978328
0.47810000000000 0.88284168744935 0.22929021035123 -0.50275704605682 0.43577771261059
0.48080000000000 0.88148000044495 0.23046570574303 -0.50590094644704 0.43495845753434
0.48350000000000 0.88010981717393 0.23163897975102 -0.50905058530734 0.43413223477556
0.48620000000000 0.87873112207402 0.23281001349455 -0.51220601337051 0.43329899391345
0.48890000000000 0.87734389944544 0.23397878795592 -0.51536728176279 0.43245868387609
0.49160000000000 0.87594813344984 0.23514528397868 -0.51853444200880 0.43161125293116
0.49430000000000 0.87454380810920 0.23630948226579 -0.52170754603654 0.43075664867642
0.49700000000000 0.87313090730475 0.23747136337780 -0.52488664618251 0.42989481802997
0.49970000000000 0.87170941477585 0.23863090773102 -0.52807179519681 0.42902570722042
0.50240000000000 0.87027931411887 0.23978809559564 -0.53126304624841 0.42814926177682
0.50510000000000 0.86884058878605 0.24094290709381 -0.53446045293037 0.42726542651839
0.50780000000000 0.86739322208437 0.24209532219772 -0.53766406926529 0.42637414554409
0.51050000000000 0.86593719717433 0.24324532072765 -0.54087394971065 0.42547536222202
0.51320000000000 0.86447249706884 0.24439288234999 -0.54409014916440 0.42456901917855
0.51590000000000 0.86299910463194 0.24553798657518 -0.54731272297047 0.42365505828729
0.51860000000000 0.86151700257768 0.24668061275570 -0.55054172692448 0.42273342065785
0.52130000000000 0.86002617346880 0.24782074008399 -0.55377721727943 0.42180404662438
0.52400000000000 0.85852659971557 0.24895834759032 -0.55701925075159 0.42086687573391
0.52670000000000 0.85701826357448 0.25009341414068 -0.56026788452628 0.41992184673441
0.52940000000000 0.85550114714698 0.25122591843456 -0.56352317626395 0.41896889756270
0.53210000000000 0.85397523237818 0.25235583900279 -0.56678518410619 0.41800796533208
0.53480000000000 0.85244050105556 0.25348315420527 -0.57005396668186 0.41703898631975
0.53750000000000 0.85089693480764 0.25460784222872 -0.57332958311336 0.41606189595395
0.54020000000000 0.84934451510263 0.25572988108434 -0.57661209302289 0.41507662880088
0.54290000000000 0.84778322324709 0.25684924860548 -0.57990155653891 0.41408311855137
0.54560000000000 0.84621304038451 0.25796592244528 -0.58319803430258 0.41308129800727
0.54830000000000 0.84463394749400 0.25907988007419 -0.58650158747437 0.41207109906761
0.55100000000000 0.84304592538878 0.26019109877760 -0.58981227774073 0.41105245271444
0.55370000000000 0.84144895471483 0.26129955565325 -0.59313016732086 0.41002528899842
0.55640000000000 0.83984301594940 0.26240522760878 -0.59645531897357 0.40898953702415
0.55910000000000 0.83822808939955 0.26350809135911 -0.59978779600424 0.40794512493518
0.56180000000000 0.83660415520068 0.26460812342381 -0.60312766227188 0.40689197989870
0.56450000000000 0.83497119331501 0.26570530012450 -0.60647498219631 0.40583002809000
0.56720000000000 0.83332918353006 0.26679959758208 -0.60982982076538 0.40475919467653
0.56990000000000 0.83167810545710 0.26789099171406 -0.61319224354238 0.40367940380175
0.57260000000000 0.83001793852963 0.26897945823172 -0.61656231667348 0.40259057856854
0.57530000000000 0.82834866200170 0.27006497263728 -0.61994010689532 0.40149264102235
0.57800000000000 0.82667025494643 0.27114751022106 -0.62332568154270 0.40038551213401
0.58070000000000 0.82498269625426 0.27222704605852 -0.62671910855636 0.39926911178217
0.58340000000000 0.82328596463141 0.27330355500730 -0.63012045649092 0.39814335873537
0.58610000000000 0.82158003859814 0.27437701170418 -0.63352979452285 0.39700817063378
0.58880000000000 0.81986489648709 0.27544739056205 -0.63694719245867 0.39586346397058
0.59150000000000 0.81814051644157 0.27651466576674 -0.64037272074316 0.39470915407286
0.59420000000000 0.81640687641380 0.27757881127389 -0.64380645046775 0.39354515508229
0.59690000000000 0.81466395416319 0.27863980080568 -0.64724845337904 0.39237137993522
0.59960000000000 0.81291172725454 0.27969760784758 -0.65069880188738 0.39118774034251
0.60230000000000 0.81115017305621 0.28075220564498 -0.65415756907564 0.38999414676885
0.60500000000000 0.80937926873835 0.28180356719986 -0.65762482870808 0.38879050841170
0.60770000000000 0.80759899127100 0.28285166526726 -0.66110065523936 0.38757673317975
0.61040000000000 0.80580931742223 0.28389647235182 -0.66458512382365 0.38635272767098
0.61310000000000 0.80401022375625 0.28493796070421 -0.66807831032395 0.38511839715020
0.61580000000000 0.80220168663145 0.28597610231748 -0.67158029132142 0.38387364552617
0.61850000000000 0.80038368219851 0.28701086892338 -0.67509114412499 0.38261837532821
0.62120000000000 0.79855618639833 0.28804223198859 -0.67861094678100 0.38135248768231
0.62390000000000 0.79671917496013 0.28907016271093 -0.68213977808305 0.38007588228673
0.62660000000000 0.79487262339933 0.29009463201543 -0.68567771758197 0.37878845738710
0.62930000000000 0.79301650701554 0.29111561055040 -0.68922484559591 0.37749010975096
0.63200000000000 0.79115080089048 0.29213306868340 -0.69278124322063 0.37618073464181
0.63470000000000 0.78927547988583 0.29314697649715 -0.69634699233990 0.37486022579246
0.63740000000000 0.78739051864111 0.29415730378532 -0.69992217563611 0.37352847537799
0.64010000000000 0.78549589157152 0.29516402004836 -0.70350687660095 0.37218537398799
0.64280000000000 0.78359157286571 0.29616709448910 -0.70710117954632 0.37083081059821
0.64550000000000 0.78167753648358 0.29716649600844 -0.71070516961538 0.36946467254167
0.64820000000000 0.77975375615401 0.29816219320077 -0.71431893279378 0.36808684547901
0.65090000000000 0.77782020537257 0.29915415434953 -0.71794255592098 0.36669721336830
0.65360000000000 0.77587685739918 0.30014234742247 -0.72157612670187 0.36529565843414
0.65630000000000 0.77392368525579 0.30112674006700 -0.72521973371844 0.36388206113602
0.65900000000000 0.77196066172399 0.30210729960533 -0.72887346644171 0.36245630013608
0.66170000000000 0.76998775934256 0.30308399302960 -0.73253741524375 0.36101825226603
0.66440000000000 0.76800495040507 0.30405678699691 -0.73621167140999 0.35956779249346
0.66710000000000 0.76601220695735 0.30502564782418 -0.73989632715161 0.35810479388727
0.66980000000000 0.76400950079503 0.30599054148303 -0.74359147561816 0.35662912758237
0.67250000000000 0.76199680346090 0.30695143359450 -0.74729721091041 0.35514066274361
0.67520000000000 0.75997408624244 0.30790828942366 -0.75101362809328 0.35363926652880
0.67790000000000 0.75794132016909 0.30886107387418 -0.75474082320907 0.35212480405100
0.68060000000000 0.75589847600967 0.30980975148269 -0.75847889329084 0.35059713833982
0.68330000000000 0.75384552426964 0.31075428641318 -0.76222793637597 0.34905613030196
0.68600000000000 0.75178243518841 0.31169464245116 -0.76598805151999 0.34750163868069
0.68870000000000 0.74970917873653 0.31263078299778 -0.76975933881052 0.34593352001452
0.69140000000000 0.74762572461291 0.31356267106383 -0.77354189938150 0.34435162859485
0.69410000000000 0.74553204224198 0.31449026926359 -0.77733583542759 0.34275581642259
0.69680000000000 0.74342810077077 0.31541353980860 -0.78114125021879 0.34114593316385
0.69950000000000 0.74131386906603 0.31633244450132 -0.78495824811527 0.33952182610454
0.70220000000000 0.73918931571126 0.31724694472859 -0.78878693458243 0.33788334010383
0.70490000000000 0.73705440900368 0.31815700145506 -0.79262741620618 0.33623031754665
0.70760000000000 0.73490911695119 0.31906257521640 -0.79647980070845 0.33456259829491
0.71030000000000 0.73275340726931 0.31996362611246 -0.80034419696292 0.33288001963764
0.71300000000000 0.73058724737801 0.32086011380025 -0.80422071501096 0.33118241623994
0.71570000000000 0.72841060439857 0.32175199748676 -0.80810946607785 0.32946962009061
0.71840000000000 0.72622344515033 0.32263923592168 -0.81201056258920 0.32774146044857
0.72110000000000 0.72402573614744 0.32352178738995 -0.81592411818761 0.32599776378802
0.72380000000000 0.72181744359558 0.32439960970417 -0.81985024774962 0.32423835374217
0.72650000000000 0.71959853338855 0.32527266019686 -0.82378906740284 0.32246305104565
0.72920000000000 0.71736897110491 0.32614089571252 -0.82774069454334 0.32067167347546
0.73190000000000 0.71512872200450 0.32700427259961 -0.83170524785334 0.31886403579054
0.73460000000000 0.71287775102500 0.32786274670229 -0.83568284731912 0.31703994966969
0.73730000000000 0.71061602277830 0.32871627335201 -0.83967361424915 0.31519922364813
0.74000000000000 0.70834350154699 0.32956480735897 -0.84367767129255 0.31334166305232
0.74270000000000 0.70606015128065 0.33040830300332 -0.84769514245775 0.31146706993324
0.74540000000000 0.70376593559220 0.33124671402627 -0.85172615313145 0.30957524299788
0.74810000000000 0.70146081775412 0.33207999362094 -0.85577083009785 0.30766597753915
0.75080000000000 0.69914476069467 0.33290809442304 -0.85982930155809 0.30573906536383
0.75350000000000 0.69681772699403 0.33373096850139 -0.86390169715004 0.30379429471882
0.75620000000000 0.69447967888040 0.33454856734816 -0.86798814796831 0.30183145021543
0.75890000000000 0.69213057822602 0.33536084186900 -0.87208878658454 0.29985031275169
0.76160000000000 0.68977038654320 0.33616774237286 -0.87620374706799 0.29785065943278
0.76430000000000 0.68739906498019 0.33696921856169 -0.88033316500638 0.29583226348918
0.76700000000000 0.68501657431709 0.33776521951981 -0.88447717752703 0.29379489419293
0.76970000000000 0.68262287496165 0.33855569370314 -0.88863592331825 0.29173831677149
0.77240000000000 0.68021792694503 0.33934058892817 -0.89280954265107 0.28966229231941
0.77510000000000 0.67780168991750 0.34011985236065 -0.89699817740117 0.28756657770773
0.77780000000000 0.67537412314408 0.34089343050408 -0.90120197107118 0.28545092549086
0.78050000000000 0.67293518550010 0.34166126918792 -0.90542106881318 0.28331508381102
0.78320000000000 0.67048483546674 0.34242331355554 -0.90965561745155 0.28115879630019
0.78590000000000 0.66802303112644 0.34317950805195 -0.91390576550608 0.27898180197927
0.78860000000000 0.66554973015836 0.34392979641112 -0.91817166321534 0.27678383515470
0.79130000000000 0.66306488983366 0.34467412164321 -0.92245346256037 0.27456462531209
0.79400000000000 0.66056846701075 0.34541242602134 -0.92675131728862 0.27232389700710
0.79670000000000 0.65806041813052 0.34614465106815 -0.93106538293821 0.27006136975324
0.79940000000000 0.65554069921149 0.34687073754203 -0.93539581686240 0.26777675790664
0.80210000000000 0.65300926584480 0.34759062542304 -0.93974277825439 0.26546977054756
0.80480000000000 0.65046607318929 0.34830425389850 -0.94410642817242 0.26314011135872
0.80750000000000 0.64791107596640 0.34901156134824 -0.94848692956502 0.26078747850012
0.81020000000000 0.64534422845499 0.34971248532952 -0.95288444729667 0.25841156448046
0.81290000000000 0.64276548448622 0.35040696256161 -0.95729914817359 0.25601205602484
0.81560000000000 0.64017479743819 0.35109492890997 -0.96173120096991 0.25358863393882
0.81830000000000 0.63757212023062 0.35177631937007 -0.96618077645397 0.25114097296854
0.82100000000000 0.63495740531946 0.35245106805088 -0.97064804741495 0.24866874165690
0.82370000000000 0.63233060469136 0.35311910815787 -0.97513318868968 0.24617160219557
0.82640000000000 0.62969166985810 0.35378037197572 -0.97963637718972 0.24364921027278
0.82910000000000 0.62704055185098 0.35443479085046 -0.98415779192862 0.24110121491672
0.83180000000000 0.62437720121510 0.35508229517137 -0.98869761404940 0.23852725833427
0.83450000000000 0.62170156800356 0.35572281435227 -0.99325602685223 0.23592697574522
0.83720000000000 0.61901360177161 0.35635627681246 -0.99783321582230 0.23329999521142
0.83990000000000 0.61631325157071 0.35698260995714 -1.00242936865785 0.23064593746104
0.84260000000000 0.61360046594250 0.35760174015737 -1.00704467529833 0.22796441570751
0.84530000000000 0.61087519291275 0.35821359272955 -1.01167932795276 0.22525503546321
0.84800000000000 0.60813737998516 0.35881809191433 -1.01633352112813 0.22251739434740
0.85070000000000 0.60538697413511 0.35941516085506 -1.02100745165800 0.21975108188856
0.85340000000000 0.60262392180339 0.36000472157568 -1.02570131873105 0.21695567932063
0.85610000000000 0.59984816888973 0.36058669495800 -1.03041532391985 0.21413075937313
0.85880000000000 0.59705966074640 0.36116100071852 -1.03514967120949 0.21127588605484
0.86150000000000 0.59425834217160 0.36172755738450 -1.03990456702636 0.20839061443090
0.86420000000000 0.59144415740285 0.36228628226955 -1.04468022026679 0.20547449039297
0.86690000000000 0.58861705011029 0.36283709144856 -1.04947684232574 0.20252705042234
0.86960000000000 0.58577696338990 0.36337989973193 -1.05429464712534 0.19954782134561
0.87230000000000 0.58292383975659 0.36391462063916 -1.05913385114328 0.19653632008280
0.87500000000000 0.58005762113735 0.36444116637179 -1.06399467344111 0.19349205338750
0.87770000000000 0.57717824886413 0.36495944778557 -1.06887733569227 0.19041451757875
0.88040000000000 0.57428566366685 0.36546937436189 -1.07378206220989 0.18730319826457
0.88310000000000 0.57137980566615 0.36597085417852 -1.07870907997427 0.18415757005649
0.88580000000000 0.56846061436623 0.36646379387952 -1.08365861866006 0.18097709627503
0.88850000000000 0.56552802864748 0.36694809864430 -1.08863091066291 0.17776122864568
0.89120000000000 0.56258198675912 0.36742367215594 -1.09362619112577 0.17450940698495
0.89390000000000 0.55962242631175 0.36789041656858 -1.09864469796460 0.17122105887629
0.89660000000000 0.55664928426981 0.36834823247396 -1.10368667189339 0.16789559933533
0.89930000000000 0.55366249694404 0.36879701886699 -1.10875235644862 0.16453243046413
0.90200000000000 0.55066199998377 0.36923667311042 -1.11384199801289 0.16113094109398
0.90470000000000 0.54764772836922 0.36966709089853 -1.11895584583762 0.15769050641635
0.90740000000000 0.54461961640376 0.37008816621977 -1.12409415206494 0.15421048760139
0.91010000000000 0.54157759770604 0.37049979131837 -1.12925717174838 0.15069023140376
0.91280000000000 0.53852160520211 0.37090185665489 -1.13444516287248 0.14712906975504
0.91550000000000 0.53545157111748 0.37129425086562 -1.13965838637111 0.14352631934229
0.91820000000000 0.53236742696915 0.37167686072084 -1.14489710614432 0.13988128117224
0.92090000000000 0.52926910355755 0.37204957108185 -1.15016158907376 0.13619324012049
0.92360000000000 0.52615653095851 0.37241226485685 -1.15545210503626 0.13246146446520
0.92630000000000 0.52302963851512 0.37276482295542 -1.16076892691572 0.12868520540448
0.92900000000000 0.51988835482961 0.37310712424176 -1.16611233061289 0.12486369655704
0.93170000000000 0.51673260775522 0.37343904548654 -1.17148259505300 0.12099615344524
0.93440000000000 0.51356232438799 0.37376046131729 -1.17688000219103 0.11708177295989
0.93710000000000 0.51037743105856 0.37407124416740 -1.18230483701437 0.11311973280616
0.93980000000000 0.50717785332406 0.37437126422350 -1.18775738754267 0.10910919092954
0.94250000000000 0.50396351595984 0.37466038937132 -1.19323794482473 0.10504928492133
0.94520000000000 0.50073434295135 0.37493848513995 -1.19874680293200 0.10093913140264
0.94790000000000 0.49749025748598 0.37520541464430 -1.20428425894859 0.09677782538601
0.95060000000000 0.49423118194492 0.37546103852593 -1.20985061295742 0.09256443961375
0.95330000000000 0.49095703789514 0.37570521489194 -1.21544616802224 0.08829802387199
0.95600000000000 0.48766774608132 0.37593779925210 -1.22107123016510 0.08397760427937
0.95870000000000 0.48436322641791 0.37615864445387 -1.22672610833901 0.07960218254940
0.96140000000000 0.48104339798127 0.37636760061559 -1.23241111439541 0.07517073522522
0.96410000000000 0.47770817900192 0.37656451505737 -1.23812656304594 0.07068221288561
0.96680000000000 0.47435748685680 0.37674923222989 -1.24387277181818 0.06613553932104
0.96950000000000 0.47099123806180 0.37692159364097 -1.24965006100479 0.06152961067847
0.97220000000000 0.46760934826437 0.37708143777971 -1.25545875360569 0.05686329457330
0.97490000000000 0.46421173223626 0.37722860003820 -1.26129917526250 0.05213542916744
0.97760000000000 0.46079830386649 0.37736291263075 -1.26717165418496 0.04734482221148
0.98030000000000 0.45736897615456 0.37748420451041 -1.27307652106840 0.04249025004982
0.98300000000000 0.45392366120384 0.37759230128283 -1.27901410900185 0.03757045658677
0.98570000000000 0.45046227021522 0.37768702511719 -1.28498475336585 0.03258415221200
0.98840000000000 0.44698471348113 0.37776819465420 -1.29098879171938 0.02753001268350
0.99110000000000 0.44349090037975 0.37783562491110 -1.29702656367491 0.02240667796598
0.99380000000000 0.43998073936972 0.37788912718334 -1.30309841076081 0.01721275102282
0.99650000000000 0.43645413798511 0.37792850894303 -1.30920467627003 0.01194679655936
0.99920000000000 0.43291100283091 0.37795357373383 -1.31534570509418 0.00660733971514
1.00190000000000 0.42935123957897 0.37796412106239 -1.32152184354175 0.00119286470295
1.00460000000000 0.42577475296438 0.37795994628586 -1.32773343913935 -0.00429818660803
1.00730000000000 0.42218144678253 0.37794084049562 -1.33398084041467 -0.00986741616754
1.01000000000000 0.41857122388668 0.37790659039694 -1.34026439665979 -0.01551647128081
1.01270000000000 0.41494398618627 0.37785697818431 -1.34658445767339 -0.02124704620932
1.01540000000000 0.41129963464592 0.37779178141247 -1.35294137348011 -0.02706088383880
1.01810000000000 0.40763806928520 0.37771077286277 -1.35933549402557 -0.03295977741781
1.02080000000000 0.40395918917931 0.37761372040478 -1.36576716884502 -0.03894557237023
1.02350000000000 0.40026289246066 0.37750038685286 -1.37223674670365 -0.04502016818534
1.02620000000000 0.39654907632148 0.37737052981755 -1.37874457520649 -0.05118552038929
1.02890000000000 0.39281763701748 0.37722390155153 -1.38529100037546 -0.05744364260198
1.03160000000000 0.38906846987279 0.37706024878987 -1.39187636619122 -0.06379660868360
1.03430000000000 0.38530146928607 0.37687931258437 -1.39850101409695 -0.07024655497533
1.03700000000000 0.38151652873814 0.37668082813176 -1.40516528246124 -0.07679568263885
1.03970000000000 0.37771354080100 0.37646452459537 -1.41186950599700 -0.08344626009979
1.04240000000000 0.37389239714856 0.37623012492013 -1.41861401513285 -0.09020062560029
1.04510000000000 0.37005298856915 0.37597734564047 -1.42539913533344 -0.09706118986626
1.04780000000000 0.36619520497982 0.37570589668088 -1.43222518636475 -0.10403043889529
1.05050000000000 0.36231893544286 0.37541548114879 -1.43909248149992 -0.11111093687132
1.05320000000000 0.35842406818444 0.37510579511935 -1.44600132666122 -0.11830532921284
1.05590000000000 0.35451049061571 0.37477652741185 -1.45295201949297 -0.12561634576130
1.05860000000000 0.35057808935644 0.37442735935731 -1.45994484836003 -0.13304680411734
1.06130000000000 0.34662675026158 0.37405796455684 -1.46698009126604 -0.14059961313253
1.06400000000000 0.34265635845075 0.37366800863035 -1.47405801468501 -0.14827777656475
1.06670000000000 0.33866679834108 0.37325714895522 -1.48117887229936 -0.15608439690605
1.06940000000000 0.33465795368351 0.37282503439430 -1.48834290363695 -0.16402267939219
1.07210000000000 0.33062970760306 0.37237130501291 -1.49555033259905 -0.17209593620352
1.07480000000000 0.32658194264303 0.37189559178417 -1.50280136587041 -0.18030759086755
1.07750000000000 0.32251454081388 0.37139751628220 -1.51009619120186 -0.18866118287423
1.08020000000000 0.31842738364674 0.37087669036251 -1.51743497555519 -0.19716037251533
1.08290000000000 0.31432035225226 0.37033271582908 -1.52481786309895 -0.20580894596035
1.08560000000000 0.31019332738502 0.36976518408732 -1.53224497304304 -0.21461082058173
1.08830000000000 0.30604618951405 0.36917367578236 -1.53971639729865 -0.22357005054323
1.09100000000000 0.30187881889988 0.36855776042186 -1.54723219794926 -0.23269083266596
1.09370000000000 0.29769109567873 0.36791699598256 -1.55479240451681 -0.24197751258738
1.09640000000000 0.29348289995440 0.36725092849985 -1.56239701100594 -0.25143459122965
1.09910000000000 0.28925411189835 0.36655909163939 -1.57004597270761 -0.26106673159450
1.10180000000000 0.28500461185890 0.36584100624993 -1.57773920274176 -0.27087876590296
1.10450000000000 0.28073428048006 0.36509617989639 -1.58547656831667 -0.28087570309904
1.10720000000000 0.27644299883085 0.36432410637212 -1.59325788668103 -0.29106273673810
1.10990000000000 0.27213064854609 0.36352426518938 -1.60108292074188 -0.30144525328124
1.11260000000000 0.26779711197936 0.36269612104677 -1.60895137431985 -0.31202884081869
1.11530000000000 0.26344227236947 0.36183912327260 -1.61686288700992 -0.32281929824641
1.11800000000000 0.25906601402122 0.36095270524276 -1.62481702861314 -0.33382264492115
1.12070000000000 0.25466822250190 0.36003628377189 -1.63281329310152 -0.34504513082130
1.12340000000000 0.25024878485476 0.35908925847636 -1.64085109207475 -0.35649324724148
1.12610000000000 0.24580758983084 0.35811101110768 -1.64892974766332 -0.36817373805129
1.12880000000000 0.24134452814080 0.35710090485468 -1.65704848482833 -0.38009361154942
1.13150000000000 0.23685949272843 0.35605828361282 -1.66520642300364 -0.39226015294650
1.13420000000000 0.23235237906761 0.35498247121895 -1.67340256702040 -0.40468093751157
1.13690000000000 0.22782308548489 0.35387277064961 -1.68163579724841 -0.41736384441869
1.13960000000000 0.22327151350982 0.35272846318100 -1.68990485888229 -0.43031707133221
1.14230000000000 0.21869756825536 0.35154880750844 -1.69820835029304 -0.44354914977067
1.14500000000000 0.21410115883127 0.35033303882337 -1.70654471035806 -0.45706896129127
1.14770000000000 0.20948219879298 0.34908036784536 -1.71491220467374 -0.47088575453844
1.15040000000000 0.20484060662952 0.34778997980699 -1.72330891054504 -0.48500916320169
1.15310000000000 0.20017630629360 0.34646103338890 -1.73173270063591 -0.49944922492950
1.15580000000000 0.19548922777788 0.34509265960246 -1.74018122515251 -0.51421640124724
1.15850000000000 0.19077930774145 0.34368396061718 -1.74865189241800 -0.52932159852849
1.16120000000000 0.18604649019108 0.34223400853014 -1.75714184768320 -0.54477619006971
1.16390000000000 0.18129072722231 0.34074184407416 -1.76564795000116 -0.56059203931907
1.16660000000000 0.17651197982576 0.33920647526171 -1.77416674697589 -0.57678152430993
1.16930000000000 0.17171021876472 0.33762687596111 -1.78269444717555 -0.59335756334909
1.17200000000000 0.16688542553067 0.33600198440167 -1.79122688997829 -0.61033364200866
1.17470000000000 0.16203759338392 0.33433070160413 -1.79975951259470 -0.62772384146789
1.17740000000000 0.15716672848750 0.33261188973267 -1.80828731398323 -0.64554286824823
1.18010000000000 0.15227285114289 0.33084437036476 -1.81680481534511 -0.66380608537964
1.18280000000000 0.14735599713754 0.32902692267486 -1.82530601685180 -0.68252954503005
1.18550000000000 0.14241621921470 0.32715828152802 -1.83378435022048 -0.70173002262073
1.18820000000000 0.13745358867732 0.32523713547937 -1.84223262671235 -0.72142505243924
1.19090000000000 0.13246819713917 0.32326212467542 -1.85064298008240 -0.74163296474721
1.19360000000000 0.12746015843728 0.32123183865317 -1.85900680395879 -0.76237292436185
1.19630000000000 0.12242961072168 0.31914481403309 -1.86731468307381 -0.78366497066720
1.19900000000000 0.11737671873984 0.31699953210226 -1.87555631770638 -0.80553005898305
1.20170000000000 0.11230167633501 0.31479441628409 -1.88372044062732 -0.82799010318394
1.20440000000000 0.10720470917987 0.31252782949138 -1.89179472576302 -0.85106801941806
1.20710000000000 0.10208607776886 0.31019807136015 -1.89976568770978 -0.87478777072297
1.20980000000000 0.09694608069537 0.30780337536209 -1.90761857113951 -0.89917441227087
1.21250000000000 0.09178505824216 0.30534190579431 -1.91533722903727 -0.92425413689823
1.21520000000000 0.08660339631713 0.30281175464630 -1.92290398860162 -0.95005432048012
1.21790000000000 0.08140153076909 0.30021093834524 -1.93029950351972 -0.97660356659530
1.22060000000000 0.07617995212248 0.29753739438234 -1.93750259120054 -1.00393174979045
1.22330000000000 0.07093921077348 0.29478897782527 -1.94449005341140 -1.03207005658618
1.22600000000000 0.06567992269482 0.29196345772409 -1.95123647861572 -1.06105102316839
1.22870000000000 0.06040277570094 0.28905851342124 -1.95771402415480 -1.09090856846984
1.23140000000000 0.05510853633087 0.28607173078027 -1.96389217625498 -1.12167802106107
1.23410000000000 0.04979805741129 0.28300059835238 -1.96973748567658 -1.15339613792890
1.23680000000000 0.04447228636896 0.27984250350580 -1.97521327665690 -1.18610111281362
1.23950000000000 0.03913227436787 0.27659472854987 -1.98027932664163 -1.21983257129237
1.24220000000000 0.03377918635341 0.27325444689398 -1.98489151415576 -1.25463154922156
1.24490000000000 0.02841431209352 0.26981871929171 -1.98900143204721 -1.29054045047135
1.24760000000000 0.02303907831393 0.26628449023246 -1.99255596325926 -1.32760297908189
1.25030000000000 0.01765506203269 0.26264858455712 -1.99549681627090 -1.36586404002619
1.25300000000000 0.01226400520662 0.25890770439175 -1.99776001741337 -1.40536960165688
1.25570000000000 0.00686783080956 0.25505842651354 -1.99927535746131 -1.44616651162070
1.25840000000000 0.00146866046932 0.25109720028723 -1.99996579025091 -1.48830225652421
1.26110000000000 -0.00393116620504 0.24702034633913 -1.99974678165245 -1.53182465390266
1.26380000000000 -0.00932907047008 0.24282405616909 -1.99852560809204 -1.57678146306302
1.26650000000000 -0.01472221133306 0.23850439293997 -1.99620060506663 -1.62321989912690
1.26920000000000 -0.02010746034269 0.23405729373019 -1.99266036784047 -1.67118603208551
1.27190000000000 -0.02548137416212 0.22947857358715 -1.98778290888718 -1.72072404990766
1.27460000000000 -0.03084016481683 0.22476393178051 -1.98143477981653 -1.77187536175097
1.27730000000000 -0.03617966753662 0.21990896072274 -1.97347016969900 -1.82467751418545
1.28000000000000 -0.04149530615007 0.21490915810195 -1.96372999710582 -1.87916289017394
1.28270000000000 -0.04678205604527 0.20975994285787 -1.95204102008188 -1.93535715755888
1.28540000000000 -0.05203440478764 0.20445667572515 -1.93821499695228 -1.99327743127355
1.28810000000000 -0.05724631058833 0.19899468516712 -1.92204794162694 -2.05293011184916
1.29080000000000 -0.06241115895165 0.19336929962499 -1.90331953019056 -2.11430836261391
1.29350000000000 -0.06752171800420 0.18757588710685 -1.88179273126334 -2.17738919006764
1.29620000000000 -0.07257009322798 0.18160990323014 -1.85721375097177 -2.24213009730483
1.29890000000000 -0.07754768259280 0.17546694890038 -1.82931240422927 -2.30846529036275
1.30160000000000 -0.08244513341536 0.16914283884313 -1.79780304686788 -2.37630143359628
1.30430000000000 -0.08725230266767 0.16263368218568 -1.76238622690539 -2.44551297448900
1.30700000000000 -0.09195822291604 0.15593597618601 -1.72275123601504 -2.51593709273184
1.30970000000000 -0.09655107658764 0.14904671399865 -1.67857976118820 -2.58736837492419
1.31240000000000 -0.10101818181870 0.14196350701526 -1.62955084745461 -2.65955337648052
1.31510000000000 -0.10534599370755 0.13468472178405 -1.57534737968039 -2.73218530692263
1.31780000000000 -0.10952012533127 0.12720963075837 -1.51566426773298 -2.80489916266582
1.32050000000000 -0.11352539331798 0.11953857511974 -1.45021846630952 -2.87726772893757
1.32320000000000 -0.11734589300815 0.11167313664662 -1.37876086968997 -2.94879897206420
1.32590000000000 -0.12096510817320 0.10361631406880 -1.30108998490447 -3.01893543264248
1.32860000000000 -0.12436605975842 0.09537269760709 -1.21706710002253 -3.08705629124921
1.33130000000000 -0.12753149704545 0.08694863355692 -1.12663242975122 -3.15248278843553
1.33400000000000 -0.13044413287282 0.07835236900370 -1.02982145065192 -3.21448761384297
1.33670000000000 -0.13308692204716 0.06959416530004 -0.92678035871289 -3.27230871054343
1.33940000000000 -0.13544337884767 0.06068636809139 -0.81777933313607 -3.32516765304056
1.34210000000000 -0.13749792572438 0.05164342177335 -0.70322212515778 -3.37229234973362
1.34480000000000 -0.13923626122325 0.04248181760068 -0.58365046854460 -3.41294331636955
1.34750000000000 -0.14064573129721 0.03321996744036 -0.45974198168055 -3.44644221911546
1.35020000000000 -0.14171568505751 0.02387799938234 -0.33230062979084 -3.47220087582368
1.35290000000000 -0.14243779429093 0.01447747685885 -0.20223943077058 -3.48974853108149
1.35560000000000 -0.14280631623175 0.00504104907035 -0.07055586095737 -3.49875508153076
1.35830000000000 -0.14281828142571 -0.00440795335765 0.06169875795143 -3.49904809093503
1.36100000000000 -0.14247359301736 -0.01384595830974 0.19345386939413 -3.49062191490650
1.36370000000000 -0.14177503001330 -0.02324960495285 0.32365574996519 -3.47363800231831
1.36640000000000 -0.14072815427389 -0.03259618527078 0.45130230105783 -3.44841634221331
1.36910000000000 -0.13934112821922 -0.04186405144255 0.57547400026965 -3.41541893205324
1.37180000000000 -0.13762445654834 -0.05103296958717 0.69535894804744 -3.37522690471438
1.37450000000000 -0.13559066989767 -0.06008440556178 0.81027067451710 -3.32851345228116
1.37720000000000 -0.13325397086228 -0.06900173459452 0.91965819509674 -3.27601486917462
1.37990000000000 -0.13062986310728 -0.07777037270469 1.02310858362513 -3.21850191663007
1.38260000000000 -0.12773478268065 -0.08637783336574 1.12034295964044 -3.15675335037676
1.38530000000000 -0.12458574760697 -0.09481371718022 1.21120720036535 -3.09153294929559
1.38800000000000 -0.12120003800087 -0.10306964520685 1.29565887574843 -3.02357083464859
1.39070000000000 -0.11759491486813 -0.11113914800869 1.37375189434747 -2.95354936027594
1.39340000000000 -0.11378738193138 -0.11901752266237 1.44562019052379 -2.88209343900229
1.39610000000000 -0.10979399154247 -0.12670166917759 1.51146153838052 -2.80976487459262
1.39880000000000 -0.10563069318733 -0.13418991634953 1.57152229893768 -2.73706009229597
1.40150000000000 -0.10131272128315 -0.14148184530891 1.62608363554586 -2.66441058801282
1.40420000000000 -0.09685451785367 -0.14857811719159 1.67544949513004 -2.59218542188201
1.40690000000000 -0.09226968513245 -0.15548030959899 1.71993646271043 -2.52069514056327
1.40960000000000 -0.08757096305448 -0.16219076497272 1.75986545660284 -2.45019660050583
1.41230000000000 -0.08277022682040 -0.16871245271521 1.79555513781795 -2.38089826384482
1.41500000000000 -0.07787850014176 -0.17504884586511 1.82731685190870 -2.31296563652076
1.41770000000000 -0.07290598030638 -0.18120381236665 1.85545089609539 -2.24652660694132
1.42040000000000 -0.06786207177168 -0.18718152042475 1.88024390049354 -2.18167651905221
1.42310000000000 -0.06275542555247 -0.19298635707491 1.90196712241914 -2.11848287486822
1.42580000000000 -0.05759398218945 -0.19862285888054 1.92087547127598 -2.05698960891475
1.42850000000000 -0.05238501654653 -0.20409565356503 1.93720710415797 -1.99722091220237
1.43120000000000 -0.04713518308552 -0.20940941136112 1.95118345604615 -1.93918460827873
1.43390000000000 -0.04185056060225 -0.21456880489109 1.96300959142348 -1.88287510060745
1.43660000000000 -0.03653669568531 -0.21957847645878 1.97287478514468 -1.82827592089174
1.43930000000000 -0.03119864438175 -0.22444301172261 1.98095325892899 -1.77536191361379
1.44200000000000 -0.02584101173064 -0.22916691881798 1.98740501571853 -1.72410109433520
1.44470000000000 -0.02046798896315 -0.23375461209885 1.99237672743523 -1.67445621925224
1.44740000000000 -0.01508338827240 -0.23821039976812 1.99600264258239 -1.62638610193136
1.45010000000000 -0.00969067513467 -0.24253847475974 1.99840548895083 -1.57984671066363
1.45280000000000 -0.00429299822059 -0.24674290832214 1.99969735369911 -1.53479207690217
1.45550000000000 0.00110678302516 -0.25082764583052 1.99998052857415 -1.49117504208664
1.45820000000000 0.00650607302966 -0.25479650442491 1.99934831228669 -1.44894786701131
1.46090000000000 0.01190251684062 -0.25865317213198 1.99788576529195 -1.40806272489010
1.46360000000000 0.01729397884599 -0.26240120818225 1.99567041464953 -1.36847209648399
1.46630000000000 0.02267852332853 -0.26604404427985 1.99277290841819 -1.33012908312551
1.46900000000000 0.02805439671984 -0.26958498662217 1.98925762032038 -1.29298765121125
1.47170000000000 0.03342001142163 -0.27302721850035 1.98518320630080 -1.25700281973507
1.47440000000000 0.03877393106712 -0.27637380334048 1.98060311519576 -1.22213080068742
1.47710000000000 0.04411485710228 -0.27962768806965 1.97556605609691 -1.18832910063040
1.47980000000000 0.04944161657349 -0.28279170671199 1.97011642519244 -1.15555659045219
1.48250000000000 0.05475315101632 -0.28586858413668 1.96429469494515 -1.12377354918477
1.48520000000000 0.06004850634729 -0.28886093989501 1.95813776845447 -1.09294168681385
1.48790000000000 0.06532682366870 -0.29177129209532 1.95167930177590 -1.06302415019782
1.49060000000000 0.07058733090335 -0.29460206127507 1.94494999685564 -1.03398551552497
1.49330000000000 0.07582933518343 -0.29735557423759 1.93797786759608 -1.00579177015703
1.49600000000000 0.08105221592416 -0.30003406782826 1.93078848141096 -0.97841028621759
1.49870000000000 0.08625541851901 -0.30263969263040 1.92340517846470 -0.95180978787257
1.50140000000000 0.09143844859907 -0.30517451656615 1.91584927062556 -0.92596031390436
1.50410000000000 0.09660086680435 -0.30764052839150 1.90814022200051 -0.90083317689249
1.50680000000000 0.10174228401953 -0.31003964107765 1.90029581276405 -0.87640092007191
1.50950000000000 0.10686235703131 -0.31237369507391 1.89233228784533 -0.85263727273849
1.51220000000000 0.11196078456842 -0.31464446144885 1.88426449189933 -0.82951710490348
1.51490000000000 0.11703730368898 -0.31685364490884 1.87610599185823 -0.80701638175942
1.51760000000000 0.12209168648330 -0.31900288669375 1.86786918823989 -0.78511211840401
1.52030000000000 0.12712373706326 -0.32109376735125 1.85956541627982 -0.76378233517312
1.52300000000000 0.13213328881217 -0.32312780939161 1.85120503785263 -0.74300601385479
1.52570000000000 0.13712020187123 -0.32510647982574 1.84279752505630 -0.72276305499122
1.52840000000000 0.14208436084147 -0.32703119258951 1.83435153624916 -0.70303423642236
1.53110000000000 0.14702567268152 -0.32890331085806 1.82587498525314 -0.68380117318106
1.53380000000000 0.15194406478372 -0.33072414925364 1.81737510436768 -0.66504627881402
1.53650000000000 0.15683948321278 -0.33249497595106 1.80885850177633 -0.64675272817446
1.53920000000000 0.16171189109231 -0.33421701468462 1.80033121387160 -0.62890442170866
1.54190000000000 0.16656126712645 -0.33589144666075 1.79179875297230 -0.61148595124044
1.54460000000000 0.17138760424453 -0.33751941238016 1.78326615086198 -0.59448256724280
1.54730000000000 0.17619090835808 -0.33910201337368 1.77473799853524 -0.57788014757438
1.55000000000000 0.18097119722046 -0.34064031385561 1.76621848250130 -0.56166516764968
1.55270000000000 0.18572849938020 -0.34213534229844 1.75771141796068 -0.54582467200511
1.55540000000000 0.19046285322002 -0.34358809293259 1.74922027914023 -0.53034624721813
1.55810000000000 0.19517430607427 -0.34499952717487 1.74074822704449 -0.51521799613309
1.56080000000000 0.19986291341794 -0.34637057498900 1.73229813485670 -0.50042851334525
1.56350000000000 0.20452873812149 -0.34770213618163 1.72387261120052 -0.48596686189278
1.56620000000000 0.20917184976567 -0.34899508163695 1.71547402145360 -0.47182255110637
1.56890000000000 0.21379232401155 -0.35025025449306 1.70710450728593 -0.45798551556549
1.57160000000000 0.21839024202103 -0.35146847126289 1.69876600457988 -0.44444609511146
1.57430000000000 0.22296568992373 -0.35265052290260 1.69046025987394 -0.43119501586777
1.57700000000000 0.22751875832644 -0.35379717582998 1.68218884545911 -0.41822337221966
1.57970000000000 0.23204954186163 -0.35490917289547 1.67395317324489 -0.40552260970605
1.58240000000000 0.23655813877187 -0.35598723430814 1.66575450750106 -0.39308450877849
1.58510000000000 0.24104465052723 -0.35703205851902 1.65759397657170 -0.38090116938366
1.58780000000000 0.24550918147303 -0.35804432306371 1.64947258364914 -0.36896499632718
1.59050000000000 0.24995183850549 -0.35902468536667 1.64139121668757 -0.35726868537867
1.59320000000000 0.25437273077310 -0.35997378350880 1.63335065752889 -0.34580521007960
1.59590000000000 0.25877196940159 -0.36089223696042 1.62535159030670 -0.33456780921701
1.59860000000000 0.26314966724074 -0.36178064728116 1.61739460918880 -0.32354997492833
1.60130000000000 0.26750593863120 -0.36263959878871 1.60948022551290 -0.31274544140381
1.60400000000000 0.27184089918989 -0.36346965919769 1.60160887436556 -0.30214817415497
1.60670000000000 0.27615466561240 -0.36427138023036 1.59378092065001 -0.29175235981897
1.60940000000000 0.28044735549116 -0.36504529820047 1.58599666468444 -0.28155239647047
1.61210000000000 0.28471908714813 -0.36579193457160 1.57825634736896 -0.27154288441377
1.61480000000000 0.28896997948088 -0.36651179649126 1.57056015495575 -0.26171861742987
1.61750000000000 0.29320015182109 -0.36720537730196 1.56290822345443 -0.25207457445400
1.62020000000000 0.29740972380448 -0.36787315703033 1.55530064270164 -0.24260591166079
1.62290000000000 0.30159881525121 -0.36851560285546 1.54773746012139 -0.23330795493538
1.62560000000000 0.30576754605620 -0.36913316955731 1.54021868420073 -0.22417619270998
1.62830000000000 0.30991603608835 -0.36972629994636 1.53274428770295 -0.21520626914647
1.63100000000000 0.31404440509818 -0.37029542527522 1.52531421063885 -0.20639397764670
1.63370000000000 0.31815277263312 -0.37084096563317 1.51792836301488 -0.19773525467325
1.63640000000000 0.32224125796000 -0.37136333032442 1.51058662737541 -0.18922617386431
1.63910000000000 0.32630997999411 -0.37186291823084 1.50328886115492 -0.18086294042715
1.64180000000000 0.33035905723439 -0.37234011815997 1.49603489885474 -0.17264188579564
1.64450000000000 0.33438860770425 -0.37279530917885 1.48882455405763 -0.16455946253816
1.64720000000000 0.33839874889764 -0.37322886093449 1.48165762129254 -0.15661223950267
1.64990000000000 0.34238959773000 -0.37364113396156 1.47453387776089 -0.14879689718681
1.65260000000000 0.34636127049361 -0.37403247997778 1.46745308493476 -0.14111022332145
1.65530000000000 0.35031388281717 -0.37440324216777 1.46041499003652 -0.13354910865656
1.65800000000000 0.35424754962920 -0.37475375545569 1.45341932740886 -0.12611054293922
1.66070000000000 0.35816238512499 -0.37508434676733 1.44646581978328 -0.11879161107387
1.66340000000000 0.36205850273687 -0.37539533528204 1.43955417945453 -0.11158948945558
1.66610000000000 0.36593601510751 -0.37568703267499 1.43268410936797 -0.10450144246771
1.66880000000000 0.36979503406604 -0.37595974335018 1.42585530412633 -0.09752481913545
1.67150000000000 0.37363567060682 -0.37621376466465 1.41906745092148 -0.09065704992771
1.67420000000000 0.37745803487059 -0.37644938714418 1.41232023039710 -0.08389564369981
1.67690000000000 0.38126223612792 -0.37666689469099 1.40561331744680 -0.07723818477003
1.67960000000000 0.38504838276464 -0.37686656478367 1.39894638195278 -0.07068233012342
1.68230000000000 0.38881658226929 -0.37704866866974 1.39231908946907 -0.06422580673664
1.68500000000000 0.39256694122225 -0.37721347155118 1.38573110185336 -0.05786640901787
1.68770000000000 0.39629956528662 -0.37736123276309 1.37918207785127 -0.05160199635625
1.69040000000000 0.40001455920051 -0.37749220594604 1.37267167363625 -0.04543049077554
1.69310000000000 0.40371202677080 -0.37760663921205 1.36619954330842 -0.03934987468697
1.69580000000000 0.40739207086815 -0.37770477530476 1.35976533935526 -0.03335818873649
1.69850000000000 0.41105479342324 -0.37778685175384 1.35336871307677 -0.02745352974207
1.70120000000000 0.41470029542413 -0.37785310102395 1.34700931497775 -0.02163404871661
1.70390000000000 0.41832867691455 -0.37790375065853 1.34068679512941 -0.01589794897252
1.70660000000000 0.42194003699322 -0.37793902341849 1.33440080350259 -0.01024348430415
1.70930000000000 0.42553447381400 -0.37795913741619 1.32815099027443 -0.00466895724439
1.71200000000000 0.42911208458683 -0.37796430624472 1.32193700611061 0.00082728260801
1.71470000000000 0.43267296557939 -0.37795473910281 1.31575850242458 0.00624684019355
1.71740000000000 0.43621721211947 -0.37793064091550 1.30961513161564 0.01159127653279
1.72010000000000 0.43974491859791 -0.37789221245069 1.30350654728728 0.01686211020569
1.72280000000000 0.44325617847211 -0.37783965043178 1.29743240444706 0.02206081877223
1.72550000000000 0.44675108427014 -0.37777314764663 1.29139235968953 0.02718884013715
1.72820000000000 0.45022972759516 -0.37769289305279 1.28538607136319 0.03224757386108
1.73090000000000 0.45369219913045 -0.37759907187934 1.27941319972273 0.03723838242064
1.73360000000000 0.45713858864468 -0.37749186572537 1.27347340706752 0.04216259241974
1.73630000000000 0.46056898499765 -0.37737145265525 1.26756635786736 0.04702149575413
1.73900000000000 0.46398347614628 -0.37723800729083 1.26169171887635 0.05181635073144
1.74170000000000 0.46738214915092 -0.37709170090064 1.25584915923575 0.05654838314849
1.74440000000000 0.47076509018195 -0.37693270148631 1.25003835056659 0.06121878732782
1.74710000000000 0.47413238452654 -0.37676117386613 1.24425896705273 0.06582872711523
1.74980000000000 0.47748411659572 -0.37657727975607 1.23851068551510 0.07037933683989
1.75250000000000 0.48082036993158 -0.37638117784824 1.23279318547771 0.07487172223880
1.75520000000000 0.48414122721462 -0.37617302388683 1.22710614922602 0.07930696134691
1.75790000000000 0.48744677027131 -0.37595297074177 1.22144926185823 0.08368610535455
1.76060000000000 0.49073708008172 -0.37572116848008 1.21582221132997 0.08801017943344
1.76330000000000 0.49401223678732 -0.37547776443506 1.21022468849290 0.09228018353264
1.76600000000000 0.49727231969882 -0.37522290327332 1.20465638712763 0.09649709314565
1.76870000000000 0.50051740730411 -0.37495672705981 1.19911700397144 0.10066186004989
1.77140000000000 0.50374757727630 -0.37467937532091 1.19360623874102 0.10477541301976
1.77410000000000 0.50696290648179 -0.37439098510558 1.18812379415081 0.10883865851419
1.77680000000000 0.51016347098835 -0.37409169104470 1.18266937592712 0.11285248133997
1.77950000000000 0.51334934607331 -0.37378162540870 1.17724269281835 0.11681774529162
1.78220000000000 0.51652060623168 -0.37346091816345 1.17184345660173 0.12073529376885
1.78490000000000 0.51967732518439 -0.37312969702445 1.16647138208660 0.12460595037254
1.78760000000000 0.52281957588644 -0.37278808750961 1.16112618711484 0.12843051948005
1.79030000000000 0.52594743053509 -0.37243621299032 1.15580759255832 0.13220978680068
1.79300000000000 0.52906096057805 -0.37207419474114 1.15051532231380 0.13594451991209
1.79570000000000 0.53216023672160 -0.37170215198809 1.14524910329550 0.13963546877845
1.79840000000000 0.53524532893878 -0.37132020195548 1.14000866542541 0.14328336625096
1.80110000000000 0.53831630647746 -0.37092845991150 1.13479374162159 0.14688892855154
1.80380000000000 0.54137323786842 -0.37052703921243 1.12960406778462 0.15045285574021
1.80650000000000 0.54441619093336 -0.37011605134572 1.12443938278237 0.15397583216696
1.80920000000000 0.54744523279294 -0.36969560597179 1.11929942843321 0.15745852690848
1.81190000000000 0.55046042987467 -0.36926581096469 1.11418394948778 0.16090159419060
1.81460000000000 0.55346184792084 -0.36882677245164 1.10909269360949 0.16430567379673
1.81730000000000 0.55644955199633 -0.36837859485151 1.10402541135386 0.16767139146299
1.82000000000000 0.55942360649641 -0.36792138091222 1.09898185614675 0.17099935926050
1.82270000000000 0.56238407515443 -0.36745523174709 1.09396178426168 0.17429017596523
1.82540000000000 0.56533102104951 -0.36698024687035 1.08896495479624 0.17754442741603
1.82810000000000 0.56826450661413 -0.36649652423148 1.08399112964776 0.18076268686109
1.83080000000000 0.57118459364162 -0.36600416024884 1.07904007348825 0.18394551529344
1.83350000000000 0.57409134329365 -0.36550324984230 1.07411155373876 0.18709346177577
1.83620000000000 0.57698481610762 -0.36499388646496 1.06920534054314 0.19020706375498
1.83890000000000 0.57986507200395 -0.36447616213421 1.06432120674135 0.19328684736688
1.84160000000000 0.58273217029335 -0.36395016746178 1.05945892784239 0.19633332773139
1.84430000000000 0.58558616968397 -0.36341599168312 1.05461828199678 0.19934700923849
1.84700000000000 0.58842712828849 -0.36287372268601 1.04979904996882 0.20232838582542
1.84970000000000 0.59125510363117 -0.36232344703841 1.04500101510853 0.20527794124524
1.85240000000000 0.59407015265477 -0.36176525001559 1.04022396332341 0.20819614932727
1.85510000000000 0.59687233172740 -0.36119921562661 1.03546768305005 0.21108347422951
1.85780000000000 0.59966169664937 -0.36062542664007 1.03073196522555 0.21394037068346
1.86050000000000 0.60243830265982 -0.36004396460926 1.02601660325891 0.21676728423147
1.86320000000000 0.60520220444343 -0.35945490989665 1.02132139300231 0.21956465145708
1.86590000000000 0.60795345613694 -0.35885834169776 1.01664613272243 0.22233290020835
1.86860000000000 0.61069211133562 -0.35825433806450 1.01199062307171 0.22507244981463
1.87130000000000 0.61341822309973 -0.35764297592783 1.00735466705968 0.22778371129688
1.87400000000000 0.61613184396075 -0.35702433111994 1.00273807002431 0.23046708757178
1.87670000000000 0.61883302592774 -0.35639847839588 0.99814063960349 0.23312297364985
1.87940000000000 0.62152182049341 -0.35576549145461 0.99356218570654 0.23575175682785
1.88210000000000 0.62419827864029 -0.35512544295960 0.98900252048592 0.23835381687551
1.88480000000000 0.62686245084671 -0.35447840455890 0.98446145830902 0.24092952621687
1.88750000000000 0.62951438709273 -0.35382444690472 0.97993881573011 0.24347925010646
1.89020000000000 0.63215413686607 -0.35316363967259 0.97543441146246 0.24600334680038
1.89290000000000 0.63478174916781 -0.35249605157999 0.97094806635069 0.24850216772249
1.89560000000000 0.63739727251819 -0.35182175040461 0.96647960334323 0.25097605762595
1.89830000000000 0.64000075496221 -0.35114080300212 0.96202884746506 0.25342535475008
1.90100000000000 0.64259224407522 -0.35045327532358 0.95759562579062 0.25585039097296
1.90370000000000 0.64517178696839 -0.34975923243239 0.95317976741698 0.25825149195962
1.90640000000000 0.64773943029417 -0.34905873852089 0.94878110343719 0.26062897730615
1.90910000000000 0.65029522025160 -0.34835185692654 0.94439946691396 0.26298316067984
1.91180000000000 0.65283920259166 -0.34763865014773 0.94003469285352 0.26531434995542
1.91450000000000 0.65537142262240 -0.34691917985930 0.93568661817973 0.26762284734755
1.91720000000000 0.65789192521415 -0.34619350692757 0.93135508170847 0.26990894953966
1.91990000000000 0.66040075480457 -0.34546169142516 0.92703992412234 0.27217294780936
1.92260000000000 0.66289795540363 -0.34472379264538 0.92274098794556 0.27441512815035
1.92530000000000 0.66538357059859 -0.34397986911638 0.91845811751913 0.27663577139111
1.92800000000000 0.66785764355887 -0.34322997861491 0.91419115897637 0.27883515331034
1.93070000000000 0.67032021704082 -0.34247417817979 0.90993996021861 0.28101354474934
1.93340000000000 0.67277133339249 -0.34171252412513 0.90570437089126 0.28317121172142
1.93610000000000 0.67521103455829 -0.34094507205321 0.90148424236006 0.28530841551832
1.93880000000000 0.67763936208365 -0.34017187686705 0.89727942768777 0.28742541281391
1.94150000000000 0.68005635711949 -0.33939299278279 0.89308978161092 0.28952245576513
1.94420000000000 0.68246206042678 -0.33860847334173 0.88891516051708 0.29159979211023
1.94690000000000 0.68485651238093 -0.33781837142214 0.88475542242223 0.29365766526452
1.94960000000000 0.68723975297617 -0.33702273925078 0.88061042694850 0.29569631441362
1.95230000000000 0.68961182182985 -0.33622162841424 0.87648003530219 0.29771597460425
1.95500000000000 0.69197275818669 -0.33541508986996 0.87236411025204 0.29971687683271
1.95770000000000 0.69432260092298 -0.33460317395706 0.86826251610783 0.30169924813114
1.96040000000000 0.69666138855069 -0.33378593040694 0.86417511869918 0.30366331165146
1.96310000000000 0.69898915922157 -0.33296340835361 0.86010178535474 0.30560928674729
1.96580000000000 0.70130595073115 -0.33213565634390 0.85604238488157 0.30753738905372
1.96850000000000 0.70361180052271 -0.33130272234733 0.85199678754478 0.30944783056510
1.97120000000000 0.70590674569120 -0.33046465376587 0.84796486504758 0.31134081971089
1.97390000000000 0.70819082298709 -0.32962149744347 0.84394649051144 0.31321656142954
1.97660000000000 0.71046406882015 -0.32877329967537 0.83994153845660 0.31507525724062
1.97930000000000 0.71272651926325 -0.32792010621723 0.83594988478285 0.31691710531511
1.98200000000000 0.71497821005602 -0.32706196229413 0.83197140675058 0.31874230054395
1.98470000000000 0.71721917660848 -0.32619891260925 0.82800598296204 0.32055103460490
1.98740000000000 0.71944945400472 -0.32533100135254 0.82405349334293 0.32234349602780
1.99010000000000 0.72166907700636 -0.32445827220908 0.82011381912420 0.32411987025820
1.99280000000000 0.72387808005608 -0.32358076836735 0.81618684282413 0.32588033971943
1.99550000000000 0.72607649728110 -0.32269853252728 0.81227244823067 0.32762508387322
1.99820000000000 0.72826436249656 -0.32181160690822 0.80837052038397 0.32935427927878
2.00090000000000 0.73044170920886 -0.32092003325662 0.80448094555926 0.33106809965054
2.00360000000000 0.73260857061901 -0.32002385285372 0.80060361124992 0.33276671591444
2.00630000000000 0.73476497962586 -0.31912310652293 0.79673840615072 0.33445029626295
2.00900000000000 0.73691096882936 -0.31821783463718 0.79288522014148 0.33611900620869
2.01170000000000 0.73904657053371 -0.31730807712609 0.78904394427076 0.33777300863684
2.01440000000000 0.74117181675050 -0.31639387348295 0.78521447073995 0.33941246385634
2.01710000000000 0.74328673920179 -0.31547526277167 0.78139669288749 0.34103752964982
2.01980000000000 0.74539136932318 -0.31455228363348 0.77759050517337 0.34264836132239
2.02250000000000 0.74748573826682 -0.31362497429358 0.77379580316383 0.34424511174934
2.02520000000000 0.74956987690436 -0.31269337256764 0.77001248351627 0.34582793142262
2.02790000000000 0.75164381582986 -0.31175751586816 0.76624044396443 0.34739696849639
2.03060000000000 0.75370758536273 -0.31081744121075 0.76247958330375 0.34895236883138
2.03330000000000 0.75576121555053 -0.30987318522022 0.75872980137692 0.35049427603835
2.03600000000000 0.75780473617179 -0.30892478413663 0.75499099905970 0.35202283152044
2.03870000000000 0.75983817673878 -0.30797227382118 0.75126307824691 0.35353817451470
2.04140000000000 0.76186156650025 -0.30701568976202 0.74754594183861 0.35504044213252
2.04410000000000 0.76387493444414 -0.30605506707992 0.74383949372652 0.35652976939925
2.04680000000000 0.76587830930020 -0.30509044053384 0.74014363878063 0.35800628929292
2.04950000000000 0.76787171954263 -0.30412184452644 0.73645828283599 0.35947013278201
2.05220000000000 0.76985519339269 -0.30314931310943 0.73278333267969 0.36092142886250
2.05490000000000 0.77182875882123 -0.30217287998884 0.72911869603806 0.36236030459398
2.05760000000000 0.77379244355122 -0.30119257853023 0.72546428156404 0.36378688513504
2.06030000000000 0.77574627506021 -0.30020844176376 0.72181999882471 0.36520129377779
2.06300000000000 0.77769028058283 -0.29922050238917 0.71818575828907 0.36660365198175
2.06570000000000 0.77962448711315 -0.29822879278071 0.71456147131591 0.36799407940683
2.06840000000000 0.78154892140713 -0.29723334499192 0.71094705014195 0.36937269394575
2.07110000000000 0.78346360998490 -0.29623419076041 0.70734240787007 0.37073961175563
2.07380000000000 0.78536857913317 -0.29523136151244 0.70374745845777 0.37209494728896
2.07650000000000 0.78726385490744 -0.29422488836754 0.70016211670580 0.37343881332388
2.07920000000000 0.78914946313432 -0.29321480214297 0.69658629824688 0.37477132099380
2.08190000000000 0.79102542941372 -0.29220113335809 0.69301991953470 0.37609257981640
2.08460000000000 0.79289177912109 -0.29118391223874 0.68946289783299 0.37740269772199
2.08730000000000 0.79474853740956 -0.29016316872144 0.68591515120477 0.37870178108127
2.09000000000000 0.79659572921211 -0.28913893245759 0.68237659850181 0.37998993473250
2.09270000000000 0.79843337924365 -0.28811123281757 0.67884715935416 0.38126726200811
2.09540000000000 0.80026151200315 -0.28708009889477 0.67532675415991 0.38253386476073
2.09810000000000 0.80208015177569 -0.28604555950953 0.67181530407501 0.38378984338865
2.10080000000000 0.80388932263445 -0.28500764321307 0.66831273100336 0.38503529686080
2.10350000000000 0.80568904844277 -0.28396637829127 0.66481895758692 0.38627032274115
2.10620000000000 0.80747935285612 -0.28292179276849 0.66133390719604 0.38749501721265
2.10890000000000 0.80926025932401 -0.28187391441121 0.65785750391990 0.38870947510064
2.11160000000000 0.81103179109199 -0.28082277073169 0.65438967255713 0.38991378989577
2.11430000000000 0.81279397120347 -0.27976838899156 0.65093033860647 0.39110805377651
2.11700000000000 0.81454682250168 -0.27871079620528 0.64747942825767 0.39229235763108
2.11970000000000 0.81629036763147 -0.27765001914368 0.64403686838249 0.39346679107905
2.12240000000000 0.81802462904114 -0.27658608433725 0.64060258652577 0.39463144249243
2.12510000000000 0.81974962898429 -0.27551901807958 0.63717651089672 0.39578639901635
2.12780000000000 0.82146538952155 -0.27444884643058 0.63375857036026 0.39693174658930
2.13050000000000 0.82317193252236 -0.27337559521974 0.63034869442853 0.39806756996301
2.13320000000000 0.82486927966672 -0.27229929004930 0.62694681325252 0.39919395272185
2.13590000000000 0.82655745244689 -0.27121995629737 0.62355285761377 0.40031097730193
2.13860000000000 0.82823647216906 -0.27013761912102 0.62016675891625 0.40141872500974
2.14130000000000 0.82990635995508 -0.26905230345929 0.61678844917833 0.40251727604048
2.14400000000000 0.83156713674403 -0.26796403403619 0.61341786102485 0.40360670949596
2.14670000000000 0.83321882329392 -0.26687283536358 0.61005492767933 0.40468710340219
2.14940000000000 0.83486144018324 -0.26577873174411 0.60669958295625 0.40575853472662
2.15210000000000 0.83649500781259 -0.26468174727401 0.60335176125351 0.40682107939503
2.15480000000000 0.83811954640619 -0.26358190584592 0.60001139754492 0.40787481230805
2.15750000000000 0.83973507601349 -0.26247923115159 0.59667842737284 0.40891980735745
2.16020000000000 0.84134161651066 -0.26137374668463 0.59335278684088 0.40995613744201
2.16290000000000 0.84293918760209 -0.26026547574312 0.59003441260679 0.41098387448314
2.16560000000000 0.84452780882187 -0.25915444143227 0.58672324187535 0.41200308944018
2.16830000000000 0.84610749953532 -0.25804066666698 0.58341921239141 0.41301385232539
2.17100000000000 0.84767827894034 -0.25692417417437 0.58012226243305 0.41401623221869
2.17370000000000 0.84924016606894 -0.25580498649631 0.57683233080474 0.41501029728207
2.17640000000000 0.85079317978856 -0.25468312599184 0.57354935683074 0.41599611477372
2.17910000000000 0.85233733880355 -0.25355861483959 0.57027328034843 0.41697375106198
2.18180000000000 0.85387266165648 -0.25243147504022 0.56700404170187 0.41794327163889
2.18450000000000 0.85539916672954 -0.25130172841869 0.56374158173539 0.41890474113355
2.18720000000000 0.85691687224585 -0.25016939662664 0.56048584178724 0.41985822332527
2.18990000000000 0.85842579627083 -0.24903450114463 0.55723676368337 0.42080378115638
2.19260000000000 0.85992595671347 -0.24789706328439 0.55399428973128 0.42174147674485
2.19530000000000 0.86141737132761 -0.24675710419103 0.55075836271399 0.42267137139670
2.19800000000000 0.86290005771328 -0.24561464484521 0.54752892588399 0.42359352561806
2.20070000000000 0.86437403331788 -0.24446970606531 0.54430592295741 0.42450799912718
2.20340000000000 0.86583931543750 -0.24332230850949 0.54108929810817 0.42541485086605
2.20610000000000 0.86729592121808 -0.24217247267784 0.53787899596223 0.42631413901190
2.20880000000000 0.86874386765668 -0.24102021891436 0.53467496159195 0.42720592098846
2.21150000000000 0.87018317160263 -0.23986556740902 0.53147714051049 0.42809025347700
2.21420000000000 0.87161384975874 -0.23870853819975 0.52828547866629 0.42896719242721
2.21690000000000 0.87303591868247 -0.23754915117437 0.52509992243766 0.42983679306780
2.21960000000000 0.87444939478706 -0.23638742607257 0.52192041862738 0.43069910991696
2.22230000000000 0.87585429434272 -0.23522338248777 0.51874691445745 0.43155419679267
2.22500000000000 0.87725063347767 -0.23405703986903 0.51557935756382 0.43240210682270
2.22770000000000 0.87863842817934 -0.23288841752287 0.51241769599126 0.43324289245455
2.23040000000000 0.88001769429540 -0.23171753461511 0.50926187818828 0.43407660546514
2.23310000000000 0.88138844753490 -0.23054441017269 0.50611185300210 0.43490329697032
2.23580000000000 0.88275070346927 -0.22936906308539 0.50296756967372 0.43572301743427
2.23850000000000 0.88410447753346 -0.22819151210762 0.49982897783298 0.43653581667867
2.24120000000000 0.88544978502691 -0.22701177586014 0.49669602749380 0.43734174389171
2.24390000000000 0.88678664111462 -0.22582987283171 0.49356866904937 0.43814084763698
2.24660000000000 0.88811506082816 -0.22464582138085 0.49044685326751 0.43893317586216
2.24930000000000 0.88943505906668 -0.22345963973740 0.48733053128594 0.43971877590755
2.25200000000000 0.89074665059787 -0.22227134600422 0.48421965460781 0.44049769451449
2.25470000000000 0.89204985005900 -0.22108095815876 0.48111417509710 0.44126997783362
2.25740000000000 0.89334467195783 -0.21988849405465 0.47801404497420 0.44203567143291
2.26010000000000 0.89463113067361 -0.21869397142326 0.47491921681149 0.44279482030571
2.26280000000000 0.89590924045799 -0.21749740787525 0.47182964352900 0.44354746887847
2.26550000000000 0.89717901543599 -0.21629882090209 0.46874527839013 0.44429366101851
2.26820000000000 0.89844046960686 -0.21509822787754 0.46566607499738 0.44503344004146
2.27090000000000 0.89969361684508 -0.21389564605916 0.46259198728822 0.44576684871878
2.27360000000000 0.90093847090116 -0.21269109258974 0.45952296953091 0.44649392928494
2.27630000000000 0.90217504540263 -0.21148458449877 0.45645897632043 0.44721472344462
2.27900000000000 0.90340335385480 -0.21027613870383 0.45339996257448 0.44792927237976
2.28170000000000 0.90462340964175 -0.20906577201201 0.45034588352948 0.44863761675639
2.28440000000000 0.90583522602708 -0.20785350112129 0.44729669473666 0.44933979673150
2.28710000000000 0.90703881615482 -0.20663934262191 0.44425235205816 0.45003585195963
2.28980000000000 0.90823419305024 -0.20542331299772 0.44121281166323 0.45072582159950
2.29250000000000 0.90942136962067 -0.20420542862749 0.43817803002439 0.45140974432037
2.29520000000000 0.91060035865634 -0.20298570578624 0.43514796391378 0.45208765830841
2.29790000000000 0.91177117283113 -0.20176416064653 0.43212257039940 0.45275960127292
2.30060000000000 0.91293382470345 -0.20054080927975 0.42910180684148 0.45342561045243
2.30330000000000 0.91408832671691 -0.19931566765738 0.42608563088890 0.45408572262069
2.30600000000000 0.91523469120122 -0.19808875165222 0.42307400047562 0.45473997409261
2.30870000000000 0.91637293037285 -0.19686007703962 0.42006687381715 0.45538840073003
2.31140000000000 0.91750305633585 -0.19562965949874 0.41706420940712 0.45603103794745
2.31410000000000 0.91862508108256 -0.19439751461369 0.41406596601380 0.45666792071761
2.31680000000000 0.91973901649437 -0.19316365787477 0.41107210267674 0.45729908357703
2.31950000000000 0.92084487434243 -0.19192810467959 0.40808257870341 0.45792456063138
2.32220000000000 0.92194266628840 -0.19069087033426 0.40509735366593 0.45854438556086
2.32490000000000 0.92303240388511 -0.18945197005452 0.40211638739772 0.45915859162542
2.32760000000000 0.92411409857731 -0.18821141896689 0.39913963999036 0.45976721166986
2.33030000000000 0.92518776170234 -0.18696923210972 0.39616707179031 0.46037027812897
2.33300000000000 0.92625340449080 -0.18572542443438 0.39319864339584 0.46096782303243
2.33570000000000 0.92731103806725 -0.18448001080627 0.39023431565383 0.46155987800975
2.33840000000000 0.92836067345089 -0.18323300600594 0.38727404965676 0.46214647429505
2.34110000000000 0.92940232155617 -0.18198442473013 0.38431780673961 0.46272764273182
2.34380000000000 0.93043599319347 -0.18073428159283 0.38136554847686 0.46330341377750
2.34650000000000 0.93146169906975 -0.17948259112630 0.37841723667952 0.46387381750815
2.34920000000000 0.93247944978919 -0.17822936778212 0.37547283339221 0.46443888362286
2.35190000000000 0.93348925585377 -0.17697462593219 0.37253230089020 0.46499864144822
2.35460000000000 0.93449112766395 -0.17571837986969 0.36959560167655 0.46555311994261
2.35730000000000 0.93548507551923 -0.17446064381015 0.36666269847929 0.46610234770056
2.36000000000000 0.93647110961880 -0.17320143189235 0.36373355424859 0.46664635295684
2.36270000000000 0.93744924006209 -0.17194075817933 0.36080813215397 0.46718516359070
2.36540000000000 0.93841947684939 -0.17067863665933 0.35788639558156 0.46771880712986
2.36810000000000 0.93938182988243 -0.16941508124674 0.35496830813138 0.46824731075452
2.37080000000000 0.94033630896494 -0.16815010578302 0.35205383361464 0.46877070130132
2.37350000000000 0.94128292380320 -0.16688372403763 0.34914293605109 0.46928900526716
2.37620000000000 0.94222168400667 -0.16561594970894 0.34623557966638 0.46980224881303
2.37890000000000 0.94315259908844 -0.16434679642516 0.34333172888948 0.47031045776772
2.38160000000000 0.94407567846588 -0.16307627774517 0.34043134835008 0.47081365763154
2.38430000000000 0.94499093146108 -0.16180440715946 0.33753440287603 0.47131187357988
2.38700000000000 0.94589836730148 -0.16053119809098 0.33464085749086 0.47180513046679
2.38970000000000 0.94679799512030 -0.15925666389600 0.33175067741126 0.47229345282847
2.39240000000000 0.94768982395714 -0.15798081786497 0.32886382804464 0.47277686488672
2.39510000000000 0.94857386275842 -0.15670367322336 0.32598027498664 0.47325539055229
2.39780000000000 0.94945012037794 -0.15542524313249 0.32309998401876 0.47372905342825
2.40050000000000 0.95031860557736 -0.15414554069038 0.32022292110597 0.47419787681320
2.40320000000000 0.95117932702669 -0.15286457893254 0.31734905239429 0.47466188370454
2.40590000000000 0.95203229330476 -0.15158237083278 0.31447834420854 0.47512109680160
2.40860000000000 0.95287751289973 -0.15029892930405 0.31161076304993 0.47557553850875
2.41130000000000 0.95371499420956 -0.14901426719917 0.30874627559385 0.47602523093849
2.41400000000000 0.95454474554243 -0.14772839731168 0.30588484868753 0.47647019591440
2.41670000000000 0.95536677511727 -0.14644133237655 0.30302644934784 0.47691045497414
2.41940000000000 0.95618109106418 -0.14515308507101 0.30017104475905 0.47734602937237
2.42210000000000 0.95698770142486 -0.14386366801525 0.29731860227063 0.47777694008356
2.42480000000000 0.95778661415309 -0.14257309377324 0.29446908939505 0.47820320780485
2.42750000000000 0.95857783711514 -0.14128137485341 0.29162247380568 0.47862485295877
2.43020000000000 0.95936137809024 -0.13998852370943 0.28877872333457 0.47904189569602
2.43290000000000 0.96013724477094 -0.13869455274092 0.28593780597040 0.47945435589807
2.43560000000000 0.96090544476360 -0.13739947429420 0.28309968985637 0.47986225317988
2.43830000000000 0.96166598558875 -0.13610330066296 0.28026434328808 0.48026560689238
2.44100000000000 0.96241887468154 -0.13480604408900 0.27743173471155 0.48066443612512
2.44370000000000 0.96316411939212 -0.13350771676296 0.27460183272111 0.48105875970867
2.44640000000000 0.96390172698602 -0.13220833082494 0.27177460605743 0.48144859621717
2.44910000000000 0.96463170464461 -0.13090789836525 0.26895002360551 0.48183396397067
2.45180000000000 0.96535405946540 -0.12960643142510 0.26612805439269 0.48221488103757
2.45450000000000 0.96606879846249 -0.12830394199723 0.26330866758668 0.48259136523689
2.45720000000000 0.96677592856691 -0.12700044202658 0.26049183249366 0.48296343414063
2.45990000000000 0.96747545662700 -0.12569594341103 0.25767751855631 0.48333110507600
2.46260000000000 0.96816738940877 -0.12439045800196 0.25486569535192 0.48369439512763
2.46530000000000 0.96885173359629 -0.12308399760497 0.25205633259050 0.48405332113976
2.46800000000000 0.96952849579201 -0.12177657398049 0.24924940011289 0.48440789971839
2.47070000000000 0.97019768251712 -0.12046819884444 0.24644486788893 0.48475814723341
2.47340000000000 0.97085930021192 -0.11915888386886 0.24364270601558 0.48510407982060
2.47610000000000 0.97151335523612 -0.11784864068252 0.24084288471513 0.48544571338375
2.47880000000000 0.97215985386921 -0.11653748087159 0.23804537433339 0.48578306359662
2.48150000000000 0.97279880231076 -0.11522541598021 0.23525014533786 0.48611614590491
2.48420000000000 0.97343020668080 -0.11391245751112 0.23245716831597 0.48644497552818
2.48690000000000 0.97405407302008 -0.11259861692627 0.22966641397335 0.48676956746177
2.48960000000000 0.97467040729041 -0.11128390564744 0.22687785313201 0.48708993647869
2.49230000000000 0.97527921537498 -0.10996833505681 0.22409145672867 0.48740609713138
2.49500000000000 0.97588050307868 -0.10865191649755 0.22130719581301 0.48771806375357
2.49770000000000 0.97647427612835 -0.10733466127445 0.21852504154596 0.48802585046205
2.50040000000000 0.97706054017315 -0.10601658065446 0.21574496519803 0.48832947115837
2.50310000000000 0.97763930078478 -0.10469768586728 0.21296693814758 0.48862893953057
2.50580000000000 0.97821056345785 -0.10337798810595 0.21019093187923 0.48892426905487
2.50850000000000 0.97877433361006 -0.10205749852740 0.20741691798214 0.48921547299729
2.51120000000000 0.97933061658260 -0.10073622825303 0.20464486814840 0.48950256441526
2.51390000000000 0.97987941764033 -0.09941418836926 0.20187475417139 0.48978555615926
2.51660000000000 0.98042074197210 -0.09809138992809 0.19910654794418 0.49006446087430
2.51930000000000 0.98095459469099 -0.09676784394766 0.19634022145792 0.49033929100154
2.52200000000000 0.98148098083461 -0.09544356141279 0.19357574680024 0.49061005877969
2.52470000000000 0.98199990536532 -0.09411855327553 0.19081309615368 0.49087677624657
2.52740000000000 0.98251137317050 -0.09279283045568 0.18805224179411 0.49113945524050
2.53010000000000 0.98301538906280 -0.09146640384137 0.18529315608920 0.49139810740177
2.53280000000000 0.98351195778038 -0.09013928428956 0.18253581149683 0.49165274417396
2.53550000000000 0.98400108398717 -0.08881148262655 0.17978018056360 0.49190337680538
2.53820000000000 0.98448277227308 -0.08748300964858 0.17702623592328 0.49215001635035
2.54090000000000 0.98495702715426 -0.08615387612226 0.17427395029529 0.49239267367056
2.54360000000000 0.98542385307331 -0.08482409278515 0.17152329648324 0.49263135943630
2.54630000000000 0.98588325439950 -0.08349367034626 0.16877424737337 0.49286608412778
2.54900000000000 0.98633523542903 -0.08216261948656 0.16602677593312 0.49309685803635
2.55170000000000 0.98677980038518 -0.08083095085947 0.16328085520963 0.49332369126567
2.55440000000000 0.98721695341861 -0.07949867509140 0.16053645832828 0.49354659373297
2.55710000000000 0.98764669860749 -0.07816580278224 0.15779355849124 0.49376557517015
2.55980000000000 0.98806903995775 -0.07683234450581 0.15505212897602 0.49398064512495
2.56250000000000 0.98848398140327 -0.07549831081046 0.15231214313403 0.49419181296205
2.56520000000000 0.98889152680606 -0.07416371221946 0.14957357438916 0.49439908786418
2.56790000000000 0.98929167995650 -0.07282855923153 0.14683639623635 0.49460247883317
2.57060000000000 0.98968444457348 -0.07149286232135 0.14410058224018 0.49480199469103
2.57330000000000 0.99006982430461 -0.07015663194001 0.14136610603347 0.49499764408091
2.57600000000000 0.99044782272640 -0.06881987851551 0.13863294131589 0.49518943546816
2.57870000000000 0.99081844334444 -0.06748261245322 0.13590106185254 0.49537737714129
2.58140000000000 0.99118168959357 -0.06614484413638 0.13317044147264 0.49556147721291
2.58410000000000 0.99153756483807 -0.06480658392656 0.13044105406808 0.49574174362068
2.58680000000000 0.99188607237177 -0.06346784216414 0.12771287359208 0.49591818412823
2.58950000000000 0.99222721541831 -0.06212862916875 0.12498587405786 0.49609080632602
2.59220000000000 0.99256099713120 -0.06078895523977 0.12226002953727 0.49625961763224
2.59490000000000 0.99288742059404 -0.05944883065681 0.11953531415943 0.49642462529366
2.59760000000000 0.99320648882065 -0.05810826568009 0.11681170210941 0.49658583638644
2.60030000000000 0.99351820475524 -0.05676727055101 0.11408916762690 0.49674325781693
2.60300000000000 0.99382257127251 -0.05542585549251 0.11136768500487 0.49689689632249
2.60570000000000 0.99411959117785 -0.05408403070958 0.10864722858827 0.49704675847222
2.60840000000000 0.99440926720742 -0.05274180638971 0.10592777277270 0.49719285066775
2.61110000000000 0.99469160202836 -0.05139919270332 0.10320929200313 0.49733517914391
2.61380000000000 0.99496659823882 -0.05005619980422 0.10049176077257 0.49747374996948
2.61650000000000 0.99523425836820 -0.04871283783005 0.09777515362077 0.49760856904787
2.61920000000000 0.99549458487717 -0.04736911690276 0.09505944513296 0.49773964211777
2.62190000000000 0.99574758015788 -0.04602504712900 0.09234460993856 0.49786697475380
2.62460000000000 0.99599324653401 -0.04468063860061 0.08963062270986 0.49799057236717
2.62730000000000 0.99623158626092 -0.04333590139501 0.08691745816080 0.49811044020624
2.63000000000000 0.99646260152577 -0.04199084557571 0.08420509104567 0.49822658335716
2.63270000000000 0.99668629444757 -0.04064548119267 0.08149349615784 0.49833900674438
2.63540000000000 0.99690266707737 -0.03929981828278 0.07878264832852 0.49844771513129
2.63810000000000 0.99711172139828 -0.03795386687031 0.07607252242547 0.49855271312066
2.64080000000000 0.99731345932561 -0.03660763696729 0.07336309335179 0.49865400515523
2.64350000000000 0.99750788270697 -0.03526113857397 0.07065433604464 0.49875159551815
2.64620000000000 0.99769499332231 -0.03391438167928 0.06794622547399 0.49884548833350
2.64890000000000 0.99787479288409 -0.03256737626119 0.06523873664143 0.49893568756674
2.65160000000000 0.99804728303727 -0.03122013228721 0.06253184457886 0.49902219702514
2.65430000000000 0.99821246535946 -0.02987265971476 0.05982552434731 0.49910502035822
2.65700000000000 0.99837034136097 -0.02852496849164 0.05711975103569 0.49918416105814
2.65970000000000 0.99852091248489 -0.02717706855641 0.05441449975955 0.49925962246010
2.66240000000000 0.99866418010713 -0.02582896983886 0.05170974565989 0.49933140774272
2.66510000000000 0.99880014553656 -0.02448068226038 0.04900546390191 0.49939951992837
2.66780000000000 0.99892881001498 -0.02313221573445 0.04630162967378 0.49946396188353
2.67050000000000 0.99905017471726 -0.02178358016697 0.04359821818548 0.49952473631908
2.67320000000000 0.99916424075135 -0.02043478545679 0.04089520466751 0.49958184579063
2.67590000000000 0.99927100915836 -0.01908584149601 0.03819256436975 0.49963529269880
2.67860000000000 0.99937048091259 -0.01773675817049 0.03549027256019 0.49968507928945
2.68130000000000 0.99946265692158 -0.01638754536024 0.03278830452377 0.49973120765398
2.68400000000000 0.99954753802618 -0.01503821293982 0.03008663556114 0.49977367972953
2.68670000000000 0.99962512500056 -0.01368877077875 0.02738524098749 0.49981249729919
2.68940000000000 0.99969541855226 -0.01233922874199 0.02468409613131 0.49984766199223
2.69210000000000 0.99975841932222 -0.01098959669025 0.02198317633323 0.49987917528424
2.69480000000000 0.99981412788483 -0.00963988448052 0.01928245694479 0.49990703849733
2.69750000000000 0.99986254474792 -0.00829010196638 0.01658191332725 0.49993125280024
2.70020000000000 0.99990367035282 -0.00694025899850 0.01388152085039 0.49995181920850
2.70290000000000 0.99993750507437 -0.00559036542498 0.01118125489133 0.49996873858452
2.70560000000000 0.99996404922094 -0.00424043109183 0.00848109083334 0.49998201163771
2.70830000000000 0.99998330303443 -0.00289046584332 0.00578100406459 0.49999163892453
2.71100000000000 0.99999526669030 -0.00154047952246 0.00308096997704 0.49999762084857
2.71370000000000 0.99999994029758 -0.00019048197134 0.00038096396519 0.49999995766058
2.71410000000000 1.00000001268316 0.00000951802163 -0.00001903603604 0.49999999385337
