 t x y vx vy
 0.000200000 0.999999980 0.000100000 -0.000200000 0.499999990
0.00290000000000 0.99999579501197 0.00144999526759 -0.00289999968103 0.49999789749936
0.00560000000000 0.99998432000926 0.00279997996529 -0.00560002578684 0.49999215991243
0.00830000000000 0.99996555488728 0.00414994425042 -0.00830010292432 0.49998277699870
0.01100000000000 0.99993949947503 0.00549987828013 -0.01100025570119 0.49996974836483
0.01370000000000 0.99990615353507 0.00684977221029 -0.01370050872881 0.49995307346462
0.01640000000000 0.99986551676348 0.00819961619509 -0.01640088662341 0.49993275159890
0.01910000000000 0.99981758878989 0.00954940038662 -0.01910141400728 0.49990878191554
0.02180000000000 0.99976236917743 0.01089911493449 -0.02180211550995 0.49988116340929
0.02450000000000 0.99969985742272 0.01224874998534 -0.02450301576942 0.49984989492166
0.02720000000000 0.99963005295584 0.01359829568253 -0.02720413943329 0.49981497514087
0.02990000000000 0.99955295514033 0.01494774216563 -0.02990551116004 0.49977640260161
0.03260000000000 0.99946856327310 0.01629707957007 -0.03260715562017 0.49973417568494
0.03530000000000 0.99937687658446 0.01764629802668 -0.03530909749743 0.49968829261810
0.03800000000000 0.99927789423805 0.01899538766131 -0.03801136148999 0.49963875147429
0.04070000000000 0.99917161533079 0.02034433859441 -0.04071397231168 0.49958555017248
0.04340000000000 0.99905803889287 0.02169314094058 -0.04341695469319 0.49952868647718
0.04610000000000 0.99893716388768 0.02304178480818 -0.04612033338324 0.49946815799817
0.04880000000000 0.99880898921174 0.02439026029893 -0.04882413314983 0.49940396219027
0.05150000000000 0.99867351369469 0.02573855750743 -0.05152837878145 0.49933609635302
0.05420000000000 0.99853073609922 0.02708666652082 -0.05423309508827 0.49926455763041
0.05690000000000 0.99838065512098 0.02843457741828 -0.05693830690334 0.49918934301055
0.05960000000000 0.99822326938854 0.02978228027068 -0.05964403908389 0.49911044932533
0.06230000000000 0.99805857746336 0.03112976514011 -0.06235031651245 0.49902787325009
0.06500000000000 0.99788657783962 0.03247702207946 -0.06505716409814 0.49894161130321
0.06770000000000 0.99770726894426 0.03382404113203 -0.06776460677788 0.49885165984577
0.07040000000000 0.99752064913683 0.03517081233106 -0.07047266951762 0.49875801508112
0.07310000000000 0.99732671670942 0.03651732569935 -0.07318137731357 0.49866067305445
0.07580000000000 0.99712546988662 0.03786357124879 -0.07589075519344 0.49855962965235
0.07850000000000 0.99691690682537 0.03920953897996 -0.07860082821767 0.49845488060238
0.08120000000000 0.99670102561492 0.04055521888167 -0.08131162148071 0.49834642147255
0.08390000000000 0.99647782427671 0.04190060093058 -0.08402316011221 0.49823424767086
0.08660000000000 0.99624730076428 0.04324567509070 -0.08673546927835 0.49811835444476
0.08930000000000 0.99600945296319 0.04459043131301 -0.08944857418301 0.49799873688063
0.09200000000000 0.99576427869086 0.04593485953500 -0.09216250006910 0.49787538990323
0.09470000000000 0.99551177569653 0.04727894968026 -0.09487727221979 0.49774830827511
0.09740000000000 0.99525194166112 0.04862269165797 -0.09759291595978 0.49761748659607
0.10010000000000 0.99498477419710 0.04996607536257 -0.10030945665661 0.49748291930249
0.10280000000000 0.99471027084839 0.05130909067320 -0.10302691972189 0.49734460066674
0.10550000000000 0.99442842909025 0.05265172745334 -0.10574533061261 0.49720252479652
0.10820000000000 0.99413924632914 0.05399397555036 -0.10846471483243 0.49705668563420
0.11090000000000 0.99384271990258 0.05533582479500 -0.11118509793299 0.49690707695615
0.11360000000000 0.99353884707907 0.05667726500102 -0.11390650551517 0.49675369237201
0.11630000000000 0.99322762505787 0.05801828596467 -0.11662896323042 0.49659652532397
0.11900000000000 0.99290905096896 0.05935887746427 -0.11935249678210 0.49643556908602
0.12170000000000 0.99258312187283 0.06069902925976 -0.12207713192675 0.49627081676322
0.12440000000000 0.99224983476033 0.06203873109224 -0.12480289447542 0.49610226129086
0.12710000000000 0.99190918655259 0.06337797268350 -0.12752981029506 0.49592989543372
0.12980000000000 0.99156117410079 0.06471674373554 -0.13025790530977 0.49575371178516
0.13250000000000 0.99120579418605 0.06605503393017 -0.13298720550221 0.49557370276636
0.13520000000000 0.99084304351925 0.06739283292849 -0.13571773691493 0.49538986062539
0.13790000000000 0.99047291874087 0.06873013037041 -0.13844952565171 0.49520217743635
0.14060000000000 0.99009541642084 0.07006691587424 -0.14118259787894 0.49501064509844
0.14330000000000 0.98971053305835 0.07140317903616 -0.14391697982702 0.49481525533504
0.14600000000000 0.98931826508167 0.07273890942976 -0.14665269779169 0.49461599969276
0.14870000000000 0.98891860884799 0.07407409660560 -0.14938977813543 0.49441286954045
0.15140000000000 0.98851156064322 0.07540873009065 -0.15212824728888 0.49420585606821
0.15410000000000 0.98809711668184 0.07674279938788 -0.15486813175222 0.49399495028636
0.15680000000000 0.98767527310665 0.07807629397573 -0.15760945809660 0.49378014302440
0.15950000000000 0.98724602598863 0.07940920330764 -0.16035225296554 0.49356142492997
0.16220000000000 0.98680937132673 0.08074151681157 -0.16309654307636 0.49333878646768
0.16490000000000 0.98636530504764 0.08207322388945 -0.16584235522162 0.49311221791811
0.16760000000000 0.98591382300562 0.08340431391673 -0.16858971627059 0.49288170937658
0.17030000000000 0.98545492098228 0.08473477624189 -0.17133865317067 0.49264725075202
0.17300000000000 0.98498859468637 0.08606460018589 -0.17408919294885 0.49240883176579
0.17570000000000 0.98451483975354 0.08739377504168 -0.17684136271324 0.49216644195048
0.17840000000000 0.98403365174615 0.08872229007370 -0.17959518965447 0.49192007064864
0.18110000000000 0.98354502615303 0.09005013451736 -0.18235070104726 0.49166970701155
0.18380000000000 0.98304895838926 0.09137729757850 -0.18510792425188 0.49141533999793
0.18650000000000 0.98254544379591 0.09270376843292 -0.18786688671566 0.49115695837261
0.18920000000000 0.98203447763985 0.09402953622580 -0.19062761597455 0.49089455070523
0.19190000000000 0.98151605511345 0.09535459007118 -0.19339013965461 0.49062810536882
0.19460000000000 0.98099017133440 0.09667891905147 -0.19615448547359 0.49035761053849
0.19730000000000 0.98045682134541 0.09800251221687 -0.19892068124248 0.49008305418993
0.20000000000000 0.97991600011397 0.09932535858485 -0.20168875486703 0.48980442409803
0.20270000000000 0.97936770253210 0.10064744713958 -0.20445873434942 0.48952170783536
0.20540000000000 0.97881192341609 0.10196876683141 -0.20723064778978 0.48923489277072
0.20810000000000 0.97824865750620 0.10328930657634 -0.21000452338779 0.48894396606756
0.21080000000000 0.97767789946643 0.10460905525538 -0.21278038944435 0.48864891468248
0.21350000000000 0.97709964388425 0.10592800171409 -0.21555827436316 0.48834972536359
0.21620000000000 0.97651388527028 0.10724613476193 -0.21833820665237 0.48804638464894
0.21890000000000 0.97592061805800 0.10856344317174 -0.22112021492624 0.48773887886484
0.22160000000000 0.97531983660354 0.10987991567917 -0.22390432790680 0.48742719412422
0.22430000000000 0.97471153518530 0.11119554098206 -0.22669057442554 0.48711131632491
0.22700000000000 0.97409570800368 0.11251030773990 -0.22947898342507 0.48679123114787
0.22970000000000 0.97347234918080 0.11382420457321 -0.23226958396086 0.48646692405550
0.23240000000000 0.97284145276017 0.11513722006296 -0.23506240520296 0.48613838028977
0.23510000000000 0.97220301270639 0.11644934275000 -0.23785747643770 0.48580558487042
0.23780000000000 0.97155702290482 0.11776056113440 -0.24065482706947 0.48546852259310
0.24050000000000 0.97090347716127 0.11907086367490 -0.24345448662248 0.48512717802746
0.24320000000000 0.97024236920166 0.12038023878824 -0.24625648474251 0.48478153551521
0.24590000000000 0.96957369267173 0.12168867484860 -0.24906085119875 0.48443157916821
0.24860000000000 0.96889744113665 0.12299616018694 -0.25186761588556 0.48407729286638
0.25130000000000 0.96821360808070 0.12430268309038 -0.25467680882433 0.48371866025576
0.25400000000000 0.96752218690695 0.12560823180157 -0.25748846016532 0.48335566474638
0.25670000000000 0.96682317093688 0.12691279451803 -0.26030260018948 0.48298828951017
0.25940000000000 0.96611655341002 0.12821635939155 -0.26311925931036 0.48261651747882
0.26210000000000 0.96540232748362 0.12951891452748 -0.26593846807600 0.48224033134160
0.26480000000000 0.96468048623226 0.13082044798412 -0.26876025717080 0.48185971354315
0.26750000000000 0.96395102264748 0.13212094777203 -0.27158465741749 0.48147464628122
0.27020000000000 0.96321392963742 0.13342040185336 -0.27441169977905 0.48108511150436
0.27290000000000 0.96246920002643 0.13471879814121 -0.27724141536068 0.48069109090960
0.27560000000000 0.96171682655467 0.13601612449889 -0.28007383541174 0.48029256594010
0.27830000000000 0.96095680187773 0.13731236873928 -0.28290899132782 0.47988951778268
0.28100000000000 0.96018911856625 0.13860751862409 -0.28574691465269 0.47948192736542
0.28370000000000 0.95941376910549 0.13990156186323 -0.28858763708037 0.47906977535513
0.28640000000000 0.95863074589492 0.14119448611400 -0.29143119045717 0.47865304215483
0.28910000000000 0.95784004124783 0.14248627898048 -0.29427760678376 0.47823170790114
0.29180000000000 0.95704164739090 0.14377692801271 -0.29712691821729 0.47780575246169
0.29450000000000 0.95623555646376 0.14506642070605 -0.29997915707349 0.47737515543240
0.29720000000000 0.95542176051858 0.14635474450037 -0.30283435582879 0.47693989613483
0.29990000000000 0.95460025151962 0.14764188677935 -0.30569254712250 0.47649995361335
0.30260000000000 0.95377102134280 0.14892783486969 -0.30855376375898 0.47605530663238
0.30530000000000 0.95293406177523 0.15021257604040 -0.31141803870984 0.47560593367350
0.30800000000000 0.95208936451478 0.15149609750199 -0.31428540511617 0.47515181293256
0.31070000000000 0.95123692116961 0.15277838640573 -0.31715589629076 0.47469292231674
0.31340000000000 0.95037672325768 0.15405942984281 -0.32002954572041 0.47422923944151
0.31610000000000 0.94950876220632 0.15533921484361 -0.32290638706818 0.47376074162762
0.31880000000000 0.94863302935172 0.15661772837687 -0.32578645417573 0.47328740589794
0.32150000000000 0.94774951593847 0.15789495734889 -0.32866978106565 0.47280920897437
0.32420000000000 0.94685821311903 0.15917088860271 -0.33155640194382 0.47232612727457
0.32690000000000 0.94595911195325 0.16044550891727 -0.33444635120180 0.47183813690871
0.32960000000000 0.94505220340790 0.16171880500661 -0.33733966341927 0.47134521367618
0.33230000000000 0.94413747835611 0.16299076351897 -0.34023637336641 0.47084733306217
0.33500000000000 0.94321492757687 0.16426137103602 -0.34313651600642 0.47034447023427
0.33770000000000 0.94228454175450 0.16553061407190 -0.34604012649799 0.46983660003896
0.34040000000000 0.94134631147813 0.16679847907245 -0.34894724019780 0.46932369699807
0.34310000000000 0.94040022724118 0.16806495241423 -0.35185789266311 0.46880573530516
0.34580000000000 0.93944627944076 0.16933002040370 -0.35477211965428 0.46828268882186
0.34850000000000 0.93848445837716 0.17059366927630 -0.35768995713742 0.46775453107415
0.35120000000000 0.93751475425328 0.17185588519550 -0.36061144128699 0.46722123524852
0.35390000000000 0.93653715717408 0.17311665425196 -0.36353660848845 0.46668277418818
0.35660000000000 0.93555165714596 0.17437596246250 -0.36646549534099 0.46613912038906
0.35930000000000 0.93455824407626 0.17563379576924 -0.36939813866021 0.46559024599588
0.36200000000000 0.93355690777256 0.17689014003860 -0.37233457548087 0.46503612279807
0.36470000000000 0.93254763794220 0.17814498106034 -0.37527484305968 0.46447672222562
0.36740000000000 0.93153042419161 0.17939830454661 -0.37821897887814 0.46391201534492
0.37010000000000 0.93050525602569 0.18065009613093 -0.38116702064532 0.46334197285449
0.37280000000000 0.92947212284724 0.18190034136720 -0.38411900630078 0.46276656508060
0.37550000000000 0.92843101395631 0.18314902572870 -0.38707497401747 0.46218576197290
0.37820000000000 0.92738191854954 0.18439613460708 -0.39003496220465 0.46159953309991
0.38090000000000 0.92632482571958 0.18564165331127 -0.39299900951091 0.46100784764447
0.38360000000000 0.92525972445438 0.18688556706648 -0.39596715482714 0.46041067439908
0.38630000000000 0.92418660363655 0.18812786101315 -0.39893943728957 0.45980798176119
0.38900000000000 0.92310545204270 0.18936852020583 -0.40191589628289 0.45919973772836
0.39170000000000 0.92201625834278 0.19060752961213 -0.40489657144334 0.45858590989346
0.39440000000000 0.92091901109935 0.19184487411160 -0.40788150266186 0.45796646543961
0.39710000000000 0.91981369876695 0.19308053849462 -0.41087073008729 0.45734137113517
0.39980000000000 0.91870030969134 0.19431450746131 -0.41386429412961 0.45671059332860
0.40250000000000 0.91757883210884 0.19554676562032 -0.41686223546318 0.45607409794322
0.40520000000000 0.91644925414556 0.19677729748775 -0.41986459503006 0.45543185047191
0.40790000000000 0.91531156381673 0.19800608748591 -0.42287141404335 0.45478381597166
0.41060000000000 0.91416574902591 0.19923311994218 -0.42588273399061 0.45412995905810
0.41330000000000 0.91301179756430 0.20045837908782 -0.42889859663723 0.45347024389991
0.41600000000000 0.91184969710992 0.20168184905671 -0.43191904402993 0.45280463421306
0.41870000000000 0.91067943522691 0.20290351388416 -0.43494411850030 0.45213309325510
0.42140000000000 0.90950099936470 0.20412335750565 -0.43797386266828 0.45145558381921
0.42410000000000 0.90831437685729 0.20534136375555 -0.44100831944583 0.45077206822819
0.42680000000000 0.90711955492237 0.20655751636589 -0.44404753204053 0.45008250832842
0.42950000000000 0.90591652066061 0.20777179896501 -0.44709154395929 0.44938686548356
0.43220000000000 0.90470526105477 0.20898419507628 -0.45014039901208 0.44868510056832
0.43490000000000 0.90348576296895 0.21019468811678 -0.45319414131568 0.44797717396197
0.43760000000000 0.90225801314767 0.21140326139592 -0.45625281529755 0.44726304554181
0.44030000000000 0.90102199821511 0.21260989811409 -0.45931646569967 0.44654267467653
0.44300000000000 0.89977770467420 0.21381458136130 -0.46238513758250 0.44581602021942
0.44570000000000 0.89852511890577 0.21501729411575 -0.46545887632891 0.44508304050144
0.44840000000000 0.89726422716768 0.21621801924243 -0.46853772764824 0.44434369332429
0.45110000000000 0.89599501559394 0.21741673949165 -0.47162173758035 0.44359793595316
0.45380000000000 0.89471747019379 0.21861343749762 -0.47471095249977 0.44284572510955
0.45650000000000 0.89343157685081 0.21980809577696 -0.47780541911984 0.44208701696382
0.45920000000000 0.89213732132198 0.22100069672719 -0.48090518449699 0.44132176712765
0.46190000000000 0.89083468923678 0.22219122262522 -0.48401029603501 0.44054993064641
0.46460000000000 0.88952366609620 0.22337965562581 -0.48712080148937 0.43977146199135
0.46730000000000 0.88820423727183 0.22456597776002 -0.49023674897165 0.43898631505160
0.47000000000000 0.88687638800488 0.22575017093358 -0.49335818695399 0.43819444312617
0.47270000000000 0.88554010340517 0.22693221692537 -0.49648516427358 0.43739579891563
0.47540000000000 0.88419536845017 0.22811209738571 -0.49961773013728 0.43659033451377
0.47810000000000 0.88284216798401 0.22928979383476 -0.50275593412619 0.43577800139907
0.48080000000000 0.88148048671640 0.23046528766082 -0.50589982620042 0.43495875042598
0.48350000000000 0.88011030922168 0.23163856011866 -0.50904945670377 0.43413253181607
0.48620000000000 0.87873161993771 0.23280959232778 -0.51220487636861 0.43329929514907
0.48890000000000 0.87734440316486 0.23397836527065 -0.51536613632071 0.43245898935359
0.49160000000000 0.87594864306492 0.23514485979099 -0.51853328808426 0.43161156269789
0.49430000000000 0.87454432366003 0.23630905659191 -0.52170638358678 0.43075696278026
0.49700000000000 0.87313142883154 0.23747093623415 -0.52488547516432 0.42989513651938
0.49970000000000 0.87170994231898 0.23863047913418 -0.52807061556651 0.42902603014445
0.50240000000000 0.87027984771887 0.23978766556236 -0.53126185796183 0.42814958918508
0.50510000000000 0.86884112848361 0.24094247564101 -0.53445925594288 0.42726575846109
0.50780000000000 0.86739376792032 0.24209488934251 -0.53766286353176 0.42637448207208
0.51050000000000 0.86593774918966 0.24324488648732 -0.54087273518548 0.42547570338673
0.51320000000000 0.86447305530470 0.24439244674200 -0.54408892580146 0.42456936503204
0.51590000000000 0.86299966912965 0.24553754961717 -0.54731149072315 0.42365540888227
0.51860000000000 0.86151757337869 0.24668017446550 -0.55054048574566 0.42273377604767
0.52130000000000 0.86002675061476 0.24782030047962 -0.55377596712149 0.42180440686306
0.52400000000000 0.85852718324828 0.24895790668999 -0.55701799156635 0.42086724087611
0.52670000000000 0.85701885353590 0.25009297196278 -0.56026661626507 0.41992221683549
0.52940000000000 0.85550174357923 0.25122547499768 -0.56352189887756 0.41896927267870
0.53210000000000 0.85397583532357 0.25235539432571 -0.56678389754487 0.41800834551976
0.53480000000000 0.85244111055657 0.25348270830698 -0.57005267089531 0.41703937163656
0.53750000000000 0.85089755090691 0.25460739512840 -0.57332827805073 0.41606228645808
0.54020000000000 0.84934513784298 0.25572943280137 -0.57661077863279 0.41507702455125
0.54290000000000 0.84778385267152 0.25684879915945 -0.57990023276936 0.41408351960765
0.54560000000000 0.84621367653620 0.25796547185598 -0.58319670110104 0.41308170442991
0.54830000000000 0.84463459041630 0.25907942836163 -0.58650024478773 0.41207151091781
0.55100000000000 0.84304657512524 0.26019064596199 -0.58981092551529 0.41105287005419
0.55370000000000 0.84144961130917 0.26129910175502 -0.59312880550232 0.41002571189054
0.55640000000000 0.83984367944553 0.26240477264859 -0.59645394750705 0.40898996553225
0.55910000000000 0.83822875984158 0.26350763535780 -0.59978641483423 0.40794555912370
0.56180000000000 0.83660483263289 0.26460766640249 -0.60312627134228 0.40689241983293
0.56450000000000 0.83497187778188 0.26570484210447 -0.60647358145039 0.40583047383609
0.56720000000000 0.83332987507627 0.26679913858490 -0.60982841014578 0.40475964630150
0.56990000000000 0.83167880412754 0.26789053176149 -0.61319082299110 0.40367986137350
0.57260000000000 0.83001864436935 0.26897899734576 -0.61656088613188 0.40259104215588
0.57530000000000 0.82834937505598 0.27006451084018 -0.61993866630411 0.40149311069501
0.57800000000000 0.82667097526074 0.27114704753529 -0.62332423084193 0.40038598796266
0.58070000000000 0.82498342387430 0.27222658250680 -0.62671764768541 0.39926959383842
0.58340000000000 0.82328669960305 0.27330309061260 -0.63011898538850 0.39814384709181
0.58610000000000 0.82158078096748 0.27437654648971 -0.63352831312697 0.39700866536397
0.58880000000000 0.81986564630045 0.27544692455128 -0.63694570070667 0.39586396514908
0.59150000000000 0.81814127374546 0.27651419898340 -0.64037121857165 0.39470966177527
0.59420000000000 0.81640764125496 0.27757834374194 -0.64380493781266 0.39354566938522
0.59690000000000 0.81466472658859 0.27863933254937 -0.64724693017555 0.39237190091636
0.59960000000000 0.81291250731134 0.27969713889140 -0.65069726806996 0.39118826808062
0.60230000000000 0.81115096079182 0.28075173601371 -0.65415602457801 0.38999468134377
0.60500000000000 0.80938006420040 0.28180309691854 -0.65762327346322 0.38879104990440
0.60770000000000 0.80759979450734 0.28285119436120 -0.66109908917950 0.38757728167233
0.61040000000000 0.80581012848095 0.28389600084661 -0.66458354688024 0.38635328324668
0.61310000000000 0.80401104268566 0.28493748862574 -0.66807672242765 0.38511895989345
0.61580000000000 0.80220251348012 0.28597562969190 -0.67157869240214 0.38387421552259
0.61850000000000 0.80038451701522 0.28701039577714 -0.67508953411181 0.38261895266465
0.62120000000000 0.79855702923212 0.28804175834844 -0.67860932560221 0.38135307244683
0.62390000000000 0.79672002586027 0.28906968860390 -0.68213814566613 0.38007647456868
0.62660000000000 0.79487348241534 0.29009415746887 -0.68567607385354 0.37878905727711
0.62930000000000 0.79301737419720 0.29111513559196 -0.68922319048177 0.37749071734097
0.63200000000000 0.79115167628781 0.29213259334104 -0.69277957664573 0.37618135002509
0.63470000000000 0.78927636354910 0.29314650079912 -0.69634531422833 0.37486084906364
0.63740000000000 0.78739141062086 0.29415682776023 -0.69992048591108 0.37352910663309
0.64010000000000 0.78549679191853 0.29516354372511 -0.70350517518479 0.37218601332442
0.64280000000000 0.78359248163104 0.29616661789693 -0.70709946636046 0.37083145811484
0.64550000000000 0.78167845371856 0.29716601917691 -0.71070344458036 0.36946532833882
0.64820000000000 0.77975468191022 0.29816171615979 -0.71431719582918 0.36808750965850
0.65090000000000 0.77782113970187 0.29915367712934 -0.71794080694548 0.36669788603347
0.65360000000000 0.77587780035371 0.30014187005366 -0.72157436563320 0.36529633968986
0.65630000000000 0.77392463688796 0.30112626258051 -0.72521796047337 0.36388275108875
0.65900000000000 0.77196162208649 0.30210682203245 -0.72887168093602 0.36245699889388
0.66170000000000 0.76998872848837 0.30308351540199 -0.73253561739226 0.36101895993862
0.66440000000000 0.76800592838745 0.30405630934658 -0.73620986112652 0.35956850919222
0.66710000000000 0.76601319382986 0.30502517018352 -0.73989450434895 0.35810551972527
0.66980000000000 0.76401049661150 0.30599006388481 -0.74358964020811 0.35662986267442
0.67250000000000 0.76199780827549 0.30695095607186 -0.74729536280370 0.35514140720630
0.67520000000000 0.75997510010958 0.30790781201015 -0.75101176719960 0.35364002048051
0.67790000000000 0.75794234314353 0.30886059660370 -0.75473894943704 0.35212556761196
0.68060000000000 0.75589950814646 0.30980927438958 -0.75847700654799 0.35059791163214
0.68330000000000 0.75384656562415 0.31075380953216 -0.76222603656875 0.34905691344964
0.68600000000000 0.75178348581631 0.31169416581737 -0.76598613855373 0.34750243180970
0.68870000000000 0.74971023869382 0.31263030664677 -0.76975741258942 0.34593432325282
0.69140000000000 0.74762679395589 0.31356219503158 -0.77353995980862 0.34435244207241
0.69410000000000 0.74553312102729 0.31448979358649 -0.77733388240484 0.34275664027147
0.69680000000000 0.74342918905538 0.31541306452351 -0.78113928364688 0.34114676751823
0.69950000000000 0.74131496690725 0.31633196964551 -0.78495626789374 0.33952267110071
0.70220000000000 0.73919042316672 0.31724647033978 -0.78878494060960 0.33788419588032
0.70490000000000 0.73705552613134 0.31815652757144 -0.79262540837916 0.33623118424422
0.70760000000000 0.73491024380938 0.31906210187661 -0.79647777892310 0.33456347605659
0.71030000000000 0.73275454391669 0.31996315335563 -0.80034216111384 0.33288090860884
0.71300000000000 0.73058839387360 0.32085964166596 -0.80421866499146 0.33118331656840
0.71570000000000 0.72841176080174 0.32175152601508 -0.80810740177996 0.32947053192653
0.71840000000000 0.72622461152080 0.32263876515318 -0.81200848390363 0.32774238394464
0.72110000000000 0.72402691254533 0.32352131736570 -0.81592202500374 0.32599869909944
0.72380000000000 0.72181863008133 0.32439914046574 -0.81984813995549 0.32423930102676
0.72650000000000 0.71959973002301 0.32527219178633 -0.82378694488509 0.32246401046384
0.72920000000000 0.71737017794928 0.32614042817251 -0.82773855718724 0.32067264519040
0.73190000000000 0.71512993912039 0.32700380597326 -0.83170309554275 0.31886501996812
0.73460000000000 0.71287897847437 0.32786228103328 -0.83568067993647 0.31704094647862
0.73730000000000 0.71061726062353 0.32871580868457 -0.83967143167541 0.31520023326000
0.74000000000000 0.70834474985084 0.32956434373789 -0.84367547340722 0.31334268564165
0.74270000000000 0.70606141010629 0.33040784047395 -0.84769292913884 0.31146810567754
0.74540000000000 0.70376720500320 0.33124625263455 -0.85172392425547 0.30957629207774
0.74810000000000 0.70146209781445 0.33207953341338 -0.85576858553975 0.30766704013826
0.75080000000000 0.69914605146872 0.33290763544675 -0.85982704119128 0.30574014166911
0.75350000000000 0.69681902854661 0.33373051080408 -0.86389942084634 0.30379538492044
0.75620000000000 0.69448099127674 0.33454811097818 -0.86798585559793 0.30183255450689
0.75890000000000 0.69213190153180 0.33536038687529 -0.87208647801608 0.29985143132992
0.76160000000000 0.68977172082450 0.33616728880502 -0.87620142216839 0.29785179249819
0.76430000000000 0.68740041030355 0.33696876646995 -0.88033082364090 0.29583341124575
0.76700000000000 0.68501793074948 0.33776476895507 -0.88447481955924 0.29379605684829
0.76970000000000 0.68262424257051 0.33855524471697 -0.88863354861001 0.29173949453697
0.77240000000000 0.68021930579824 0.33934014157281 -0.89280715106246 0.28966348541018
0.77510000000000 0.67780308008341 0.34011940668903 -0.89699576879052 0.28756778634285
0.77780000000000 0.67537552469150 0.34089298656985 -0.90119954529501 0.28545214989336
0.78050000000000 0.67293659849832 0.34166082704543 -0.90541862572618 0.28331632420803
0.78320000000000 0.67048625998551 0.34242287325989 -0.90965315690657 0.28116005292298
0.78590000000000 0.66802446723601 0.34317906965894 -0.91390328735409 0.27898307506341
0.78860000000000 0.66555117792947 0.34392935997735 -0.91816916730539 0.27678512494010
0.79130000000000 0.66306634933754 0.34467368722603 -0.92245094873958 0.27456593204312
0.79400000000000 0.66056993831913 0.34541199367887 -0.92674878540217 0.27232522093273
0.79670000000000 0.65806190131565 0.34614422085932 -0.93106283282925 0.27006271112709
0.79940000000000 0.65554219434611 0.34687030952657 -0.93539324837208 0.26777811698712
0.80210000000000 0.65301077300219 0.34759019966152 -0.93974019122181 0.26547114759798
0.80480000000000 0.65046759244326 0.34830383045231 -0.94410382243460 0.26314150664741
0.80750000000000 0.64791260739127 0.34901114027964 -0.94848430495687 0.26078889230055
0.81020000000000 0.64534577212566 0.34971206670163 -0.95288180365095 0.25841299707133
0.81290000000000 0.64276704047809 0.35040654643844 -0.95729648532091 0.25601350769027
0.81560000000000 0.64017636582724 0.35109451535643 -0.96172851873865 0.25359010496843
0.81830000000000 0.63757370109340 0.35177590845199 -0.96617807467030 0.25114246365760
0.82100000000000 0.63495899873307 0.35245065983503 -0.97064532590275 0.24867025230645
0.82370000000000 0.63233221073346 0.35311870271199 -0.97513044727055 0.24617313311260
0.82640000000000 0.62969328860697 0.35377996936848 -0.97963361568291 0.24365076177036
0.82910000000000 0.62704218338546 0.35443439115156 -0.98415501015102 0.24110278731410
0.83180000000000 0.62437884561464 0.35508189845151 -0.98869481181550 0.23852885195713
0.83450000000000 0.62170322534822 0.35572242068317 -0.99325320397408 0.23592859092575
0.83720000000000 0.61901527214204 0.35635588626690 -0.99783037210949 0.23330163228851
0.83990000000000 0.61631493504819 0.35698222260896 -1.00242650391746 0.23064759678046
0.84260000000000 0.61360216260894 0.35760135608151 -1.00704178933490 0.22796609762208
0.84530000000000 0.61087690285070 0.35821321200205 -1.01167642056825 0.22525674033296
0.84800000000000 0.60813910327779 0.35881771461237 -1.01633059212190 0.22251912253978
0.85070000000000 0.60538871086628 0.35941478705698 -1.02100450082674 0.21975283377861
0.85340000000000 0.60262567205758 0.36000435136099 -1.02569834586880 0.21695745529119
0.85610000000000 0.59984993275212 0.36058632840743 -1.03041232881789 0.21413255981504
0.85880000000000 0.59706143830282 0.36116063791400 -1.03514665365635 0.21127771136714
0.86150000000000 0.59426013350858 0.36172719840923 -1.03990152680777 0.20839246502106
0.86420000000000 0.59144596260762 0.36228592720801 -1.04467715716566 0.20547636667709
0.86690000000000 0.58861886927077 0.36283674038653 -1.04947375612211 0.20252895282540
0.86960000000000 0.58577879659472 0.36337955275650 -1.05429153759631 0.19954975030170
0.87230000000000 0.58292568709512 0.36391427783881 -1.05913071806301 0.19653827603536
0.87500000000000 0.58005948269966 0.36444082783636 -1.06399151658078 0.19349403678956
0.87770000000000 0.57718012474106 0.36495911360633 -1.06887415482002 0.19041652889322
0.88040000000000 0.57428755394997 0.36546904463154 -1.07377885709080 0.18730523796448
0.88310000000000 0.57138171044779 0.36597052899126 -1.07870585037031 0.18415963862527
0.88580000000000 0.56846253373950 0.36646347333103 -1.08365536433004 0.18097919420682
0.88850000000000 0.56552996270625 0.36694778283181 -1.08862763136248 0.17776335644558
0.89120000000000 0.56258393559805 0.36742336117825 -1.09362288660734 0.17451156516937
0.89390000000000 0.55962439002630 0.36789011052611 -1.09864136797732 0.17122324797325
0.89660000000000 0.55665126295627 0.36834793146874 -1.10368331618310 0.16789781988476
0.89930000000000 0.55366449069949 0.36879672300275 -1.10874897475784 0.16453468301824
0.90200000000000 0.55066400890612 0.36923638249260 -1.11383859008074 0.16113322621760
0.90470000000000 0.54764975255724 0.36966680563431 -1.11895241139982 0.15769282468726
0.90740000000000 0.54462165595705 0.37008788641813 -1.12409069085374 0.15421283961073
0.91010000000000 0.54157965272507 0.37049951709012 -1.12925368349255 0.15069261775640
0.91280000000000 0.53852367578822 0.37090158811271 -1.13444164729726 0.14713149106996
0.91550000000000 0.53545365737288 0.37129398812410 -1.13965484319818 0.14352877625302
0.91820000000000 0.53236952899696 0.37167660389652 -1.14489353509177 0.13988377432726
0.92090000000000 0.52927122146179 0.37204932029329 -1.15015798985604 0.13619577018369
0.92360000000000 0.52615866484410 0.37241202022465 -1.15544847736415 0.13246403211632
0.92630000000000 0.52303178848794 0.37276458460227 -1.16076527049632 0.12868781133959
0.92900000000000 0.51989052099646 0.37310689229250 -1.16610864514956 0.12486634148902
0.93170000000000 0.51673479022384 0.37343882006820 -1.17147888024536 0.12099883810429
0.93440000000000 0.51356452326708 0.37376024255916 -1.17687625773492 0.11708449809407
0.93710000000000 0.51037964645783 0.37407103220106 -1.18230106260181 0.11312249918189
0.93980000000000 0.50718008535417 0.37437105918287 -1.18775358286187 0.10911199933221
0.94250000000000 0.50396576473246 0.37466019139275 -1.19323410956004 0.10505213615586
0.94520000000000 0.50073660857916 0.37493829436226 -1.19874293676389 0.10094202629409
0.94790000000000 0.49749254008267 0.37520523120883 -1.20428036155367 0.09678076478019
0.95060000000000 0.49423348162523 0.37546086257661 -1.20984668400839 0.09256742437789
0.95330000000000 0.49095935477485 0.37570504657537 -1.21544220718790 0.08830105489540
0.95600000000000 0.48767008027727 0.37593763871757 -1.22106723711032 0.08398068247416
0.95870000000000 0.48436557804800 0.37615849185350 -1.22672208272476 0.07960530885118
0.96140000000000 0.48104576716450 0.37636745610432 -1.23240705587875 0.07517391059386
0.96410000000000 0.47771056585836 0.37656437879309 -1.23812247128002 0.07068543830604
0.96680000000000 0.47435989150765 0.37674910437350 -1.24386864645225 0.06613881580405
0.96950000000000 0.47099366062938 0.37692147435645 -1.24964590168423 0.06153293926153
0.97220000000000 0.46761178887212 0.37708132723418 -1.25545455997201 0.05686667632149
0.97490000000000 0.46421419100875 0.37722849840205 -1.26129494695339 0.05213886517429
0.97760000000000 0.46080078092947 0.37736282007768 -1.26716739083431 0.04734831359998
0.98030000000000 0.45737147163495 0.37748412121755 -1.27307222230636 0.04249379797338
0.98300000000000 0.45392617522971 0.37759222743081 -1.27900977445487 0.03757406223022
0.98570000000000 0.45046480291587 0.37768696089021 -1.28498038265674 0.03258781679270
0.98840000000000 0.44698726498702 0.37776814024021 -1.29098438446739 0.02753373745240
0.99110000000000 0.44349347082259 0.37783558050180 -1.29702211949579 0.02241046420879
0.99380000000000 0.43998332888243 0.37788909297434 -1.30309392926690 0.01721660006123
0.99650000000000 0.43645674670184 0.37792848513394 -1.30920015707039 0.01195070975224
0.99920000000000 0.43291363088708 0.37795356052840 -1.31534114779469 0.00661131845988
1.00190000000000 0.42935388711123 0.37796411866856 -1.32151724774522 0.00119691043679
1.00460000000000 0.42577742011066 0.37795995491592 -1.32772880444568 -0.00429407240658
1.00730000000000 0.42218413368203 0.37794086036636 -1.33397616642103 -0.00986323197724
1.01000000000000 0.41857393067990 0.37790662172971 -1.34025968296077 -0.01551221553617
1.01270000000000 0.41494671301499 0.37785702120520 -1.34657970386119 -0.02124271729897
1.01540000000000 0.41130238165322 0.37779183635242 -1.35293657914479 -0.02705648010387
1.01810000000000 0.40764083661548 0.37771083995773 -1.35933065875527 -0.03295529715018
1.02080000000000 0.40396197697828 0.37761379989583 -1.36576229222621 -0.03894101381070
1.02350000000000 0.40026570087536 0.37750047898639 -1.37223182832145 -0.04501552952176
1.02620000000000 0.39655190550026 0.37737063484540 -1.37873961464494 -0.05118079975460
1.02890000000000 0.39282048711004 0.37722401973114 -1.38528599721793 -0.05743883807214
1.03160000000000 0.38907134103016 0.37706038038447 -1.39187132002073 -0.06379171827545
1.03430000000000 0.38530436166061 0.37687945786315 -1.39849592449661 -0.07024157664432
1.03700000000000 0.38151944248355 0.37668098737003 -1.40516014901471 -0.07679061427674
1.03970000000000 0.37771647607232 0.37646469807478 -1.41186432828896 -0.08344109953215
1.04240000000000 0.37389535410218 0.37623031292884 -1.41860879274954 -0.09019537058397
1.04510000000000 0.37005596736276 0.37597754847336 -1.42539386786328 -0.09705583808671
1.04780000000000 0.36619820577247 0.37570611463975 -1.43221987339890 -0.10402498796372
1.05050000000000 0.36232195839490 0.37541571454260 -1.43908712263306 -0.11110538432184
1.05320000000000 0.35842711345755 0.37510604426442 -1.44599592149224 -0.11829967249932
1.05590000000000 0.35451355837285 0.37477679263213 -1.45294656762579 -0.12561058225418
1.05860000000000 0.35058117976187 0.37442764098458 -1.45993934940452 -0.13304093110030
1.06130000000000 0.34662986348084 0.37405826293099 -1.46697454483895 -0.14059362779891
1.06400000000000 0.34265949465063 0.37366832409966 -1.47405242041103 -0.14827167601389
1.06670000000000 0.33866995768959 0.37325748187661 -1.48117322981223 -0.15607817813943
1.06940000000000 0.33466113634990 0.37282538513362 -1.48833721258073 -0.16401633930937
1.07210000000000 0.33063291375771 0.37237167394525 -1.49554459262942 -0.17208947159785
1.07480000000000 0.32658517245751 0.37189597929417 -1.50279557665612 -0.18030099842176
1.07750000000000 0.32251779446084 0.37139792276434 -1.51009035242632 -0.18865445915572
1.08020000000000 0.31843066129993 0.37087711622152 -1.51742908691814 -0.19715351397128
1.08290000000000 0.31432365408643 0.37033316148020 -1.52481192431834 -0.20580194891255
1.08560000000000 0.31019665357591 0.36976564995675 -1.53223898385698 -0.21460368122116
1.08830000000000 0.30604954023830 0.36917416230759 -1.53971035746764 -0.22356276492439
1.09100000000000 0.30188219433500 0.36855826805208 -1.54722610725849 -0.23268339670090
1.09370000000000 0.29769449600301 0.36791752517909 -1.55478626277874 -0.24196992203939
1.09640000000000 0.29348632534682 0.36725147973656 -1.56239081806305 -0.25142684170671
1.09910000000000 0.28925756253853 0.36655966540316 -1.57003972843543 -0.26105881854231
1.10180000000000 0.28500808792698 0.36584160304114 -1.57773290705208 -0.27087068459764
1.10450000000000 0.28073778215660 0.36509680022936 -1.58547022116113 -0.28086744863949
1.10720000000000 0.27644652629674 0.36432475077570 -1.59325148805491 -0.29105430403788
1.10990000000000 0.27213420198237 0.36352493420742 -1.60107647068828 -0.30143663706008
1.11260000000000 0.26780069156715 0.36269681523875 -1.60894487293422 -0.31202003559359
1.11530000000000 0.26344587828978 0.36183984321417 -1.61685633444495 -0.32281029832213
1.11800000000000 0.25906964645479 0.36095345152639 -1.62481042508411 -0.33381344438037
1.12070000000000 0.25467188162904 0.36003705700749 -1.63280663889209 -0.34503572351410
1.12340000000000 0.25025247085512 0.35909005929199 -1.64084438754327 -0.35648362677437
1.12610000000000 0.24581130288324 0.35811184015024 -1.64892299324964 -0.36816389777559
1.12880000000000 0.24134826842297 0.35710176279063 -1.65704168106131 -0.38008354454902
1.13150000000000 0.23686326041674 0.35605917112900 -1.66519957050920 -0.39224985202496
1.13420000000000 0.23235617433681 0.35498338902337 -1.67339566653038 -0.40467039517851
1.13690000000000 0.22782690850782 0.35387371947232 -1.68162884961017 -0.41735305287548
1.13960000000000 0.22327536445704 0.35272944377497 -1.68989786506914 -0.43030602245683
1.14230000000000 0.21870144729484 0.35154982065050 -1.69820131141568 -0.44353783510178
1.14500000000000 0.21410506612793 0.35033408531521 -1.70653762767698 -0.45705737201136
1.14770000000000 0.20948613450832 0.34908144851455 -1.71490507961280 -0.47087388145613
1.15040000000000 0.20484457092110 0.34779109550809 -1.72330174470623 -0.48499699673299
1.15310000000000 0.20018029931456 0.34646218500457 -1.73172549581548 -0.49943675507810
1.15580000000000 0.19549324967636 0.34509384804465 -1.74017398335864 -0.51420361758371
1.15850000000000 0.19078335866000 0.34368518682843 -1.74864461589001 -0.52930849016832
1.16120000000000 0.18605057026597 0.34223527348486 -1.75713453891263 -0.54476274565023
1.16390000000000 0.18129483658282 0.34074314878004 -1.76564061175475 -0.56057824697506
1.16660000000000 0.17651611859336 0.33920782076116 -1.77415938232078 -0.57676737164798
1.16930000000000 0.17171438705225 0.33762826333280 -1.78268705950685 -0.59334303742056
1.17200000000000 0.16688962344133 0.33600341476214 -1.79121948304926 -0.61031872928124
1.17470000000000 0.16204182101031 0.33433217610947 -1.79975209054983 -0.62770852779574
1.17740000000000 0.15717098591041 0.33261340958031 -1.80827988139451 -0.64552713884047
1.18010000000000 0.15227713843012 0.33084593679532 -1.81679737725180 -0.66378992476743
1.18280000000000 0.14736031434254 0.32902853697412 -1.82529857880407 -0.68251293703194
1.18550000000000 0.14242056637507 0.32715994502900 -1.83377691832739 -0.70171295030640
1.18820000000000 0.13745796581323 0.32523884956447 -1.84222520769446 -0.72140749809159
1.19090000000000 0.13247260425156 0.32326389077869 -1.85063558132967 -0.74161490982276
1.19360000000000 0.12746459550593 0.32123365826272 -1.85899943359421 -0.76235434944945
1.19630000000000 0.12243407770310 0.31914668869359 -1.86730735002343 -0.78364585544517
1.19900000000000 0.11738121556494 0.31700146341757 -1.87554903177640 -0.80551038217468
1.20170000000000 0.11230620290655 0.31479640591999 -1.88371321258895 -0.82796984251156
1.20440000000000 0.10720926536967 0.31252987917850 -1.89178756744596 -0.85104715155577
1.20710000000000 0.10209066341475 0.31020018289696 -1.89975861210532 -0.87476627124823
1.20980000000000 0.09695069559778 0.30780555061806 -1.90761159251414 -0.89915225561521
1.21250000000000 0.09178970216049 0.30534414671323 -1.91533036305800 -0.92423129629746
1.21520000000000 0.08660806896564 0.30281406324971 -1.92289725247426 -0.95003076792442
1.21790000000000 0.08140623181249 0.30021331673601 -1.93029291614143 -0.97657927277981
1.22060000000000 0.07618468117098 0.29753984474840 -1.93749617332827 -1.00390668406704
1.22330000000000 0.07094396737744 0.29479150244344 -1.94448382784777 -1.03204418691728
1.22600000000000 0.06568470633881 0.29196605896408 -1.95123047041424 -1.06102431608402
1.22870000000000 0.06040758579723 0.28906119374975 -1.95770826084640 -1.09088098902906
1.23140000000000 0.05511337221221 0.28607449276519 -1.96388668809802 -1.12164953281971
1.23410000000000 0.04980291832307 0.28300344466709 -1.96973230593264 -1.15336670291538
1.23680000000000 0.04447717146046 0.27984543693350 -1.97520844189501 -1.18607069151545
1.23950000000000 0.03913718268270 0.27659775198795 -1.98027487707352 -1.21980112265621
1.24220000000000 0.03378411681894 0.27325756335840 -1.98488749400502 -1.25459903067051
1.24490000000000 0.02841926350928 0.26982193192130 -1.98899788995538 -1.29050681794376
1.24760000000000 0.02304404933879 0.26628780229303 -1.99255295273196 -1.32756818709679
1.25030000000000 0.01766005117081 0.26265199944544 -1.99549439616696 -1.36582804178176
1.25300000000000 0.01226901079190 0.25891122563921 -1.99775825248019 -1.40533234916914
1.25570000000000 0.00687285098868 0.25506205778930 -1.99927431891909 -1.44612795591138
1.25840000000000 0.00147369318294 0.25110094540087 -1.99996555642825 -1.48826234786818
1.26110000000000 -0.00392612324278 0.24702420924252 -1.99974743867518 -1.53178334214724
1.26380000000000 -0.00932401979409 0.24282804095723 -1.99852725062595 -1.57673869803363
1.26650000000000 -0.01471715575195 0.23850850385070 -1.99620333711377 -1.62317563113602
1.26920000000000 -0.02010240296568 0.23406153514226 -1.99266430358639 -1.67114021256442
1.27190000000000 -0.02547631842838 0.22948295001647 -1.98778817359406 -1.72067663218381
1.27460000000000 -0.03083511452729 0.22476844787399 -1.98144151075360 -1.77182630199655
1.27730000000000 -0.03617462688847 0.21991362124933 -1.97347851709700 -1.82462677256660
1.28000000000000 -0.04149027977382 0.21491396794023 -1.96374012511618 -1.87911043223307
1.28270000000000 -0.04677704904456 0.20976490697955 -1.95205310771393 -1.93530295586574
1.28540000000000 -0.05202942278153 0.20446179917363 -1.93822923895185 -1.99322146738339
1.28810000000000 -0.05724135975588 0.19899997303024 -1.92206454924795 -2.05287237860768
1.29080000000000 -0.06240624607852 0.19337475700104 -1.90333873179705 -2.11424886684847
1.29350000000000 -0.06751685053065 0.18758151906264 -1.88181477268160 -2.17732795570142
1.29620000000000 -0.07256527929738 0.18161571474990 -1.85723889549276 -2.24206716892379
1.29890000000000 -0.07754293109975 0.17547294482439 -1.82934093213867 -2.30840073725345
1.30160000000000 -0.08244045405171 0.16914902379461 -1.79783525435683 -2.37623535425341
1.30430000000000 -0.08724770596475 0.16264006048475 -1.76242242419000 -2.44544550156355
1.30700000000000 -0.09195372028052 0.15594255174955 -1.72279174446965 -2.51586839835125
1.30970000000000 -0.09654668032819 0.14905349022528 -1.67862490927952 -2.58729867626335
1.31240000000000 -0.10101390515976 0.14197048665485 -1.62960096525591 -2.65948294139513
1.31510000000000 -0.10534185078622 0.13469190679194 -1.57540279175362 -2.73211445937409
1.31780000000000 -0.10951613117248 0.12721702213540 -1.51572528419992 -2.80482828757179
1.32050000000000 -0.11352156378286 0.11954617274003 -1.45028537199975 -2.87719727597882
1.32320000000000 -0.11734224471036 0.11168093907688 -1.37883391136275 -2.94872945787699
1.32590000000000 -0.12096165835810 0.10362431838422 -1.30116935670033 -3.01886744074044
1.32860000000000 -0.12436282614066 0.09538089921095 -1.21715292751136 -3.08699046897051
1.33130000000000 -0.12752849760184 0.08695702601296 -1.12672475320083 -3.15241984022490
1.33400000000000 -0.13044138558954 0.07836094389189 -1.02992020842695 -3.21442829028189
1.33670000000000 -0.13308444462307 0.06960291210799 -0.92688537199634 -3.27225379275777
1.33940000000000 -0.13544118835908 0.06069527415400 -0.81789029339763 -3.32511793245714
1.34210000000000 -0.13749603826074 0.05165247227301 -0.70333858591563 -3.37224860361674
1.34480000000000 -0.13923469150741 0.04249099563821 -0.58377184292107 -3.41290628011082
1.34750000000000 -0.14064449230751 0.03322925418376 -0.45986754698932 -3.44641255680797
1.35020000000000 -0.14171478767200 0.02388737429553 -0.33242953989753 -3.47217915113231
1.35290000000000 -0.14243724697500 0.01448691800662 -0.20237073626863 -3.48973518072105
1.35560000000000 -0.14280612478935 0.00505053348943 -0.07068853637731 -3.49875039369154
1.35830000000000 -0.14281844883155 -0.00439844923751 0.06156578150499 -3.49905219070121
1.36100000000000 -0.14247411934180 -0.01383645821552 0.19332166846251 -3.49063475810793
1.36370000000000 -0.14177591244506 -0.02324013231273 0.32352537250276 -3.47365937841905
1.36640000000000 -0.14072938723833 -0.03258676277747 0.45117473248686 -3.44844588590558
1.36910000000000 -0.13934270358271 -0.04185470065753 0.57535013425010 -3.41545614234956
1.37180000000000 -0.13762636389360 -0.05102371060388 0.69523956377702 -3.37527116965637
1.37450000000000 -0.13559289685100 -0.06007525674001 0.81015642158594 -3.32856407700372
1.37720000000000 -0.13325650345177 -0.06899271237202 0.91954958609460 -3.27607110500677
1.37990000000000 -0.13063268613196 -0.07776149148612 1.02300599396568 -3.21856298914141
1.38260000000000 -0.12773788007213 -0.08636910548393 1.12024663351923 -3.15681848470977
1.38530000000000 -0.12458910276902 -0.09480515292074 1.21111726144486 -3.09160139165756
1.38800000000000 -0.12120363411617 -0.10306125288496 1.29557534105983 -3.02364186937738
1.39070000000000 -0.11759873516526 -0.11113093408637 1.37367468997356 -2.95362232236971
1.39340000000000 -0.11379140990902 -0.11900949189364 1.44554916782552 -2.88216772237123
1.39610000000000 -0.10979821115050 -0.12669382477116 1.51139648979131 -2.80983993653749
1.39880000000000 -0.10563508896706 -0.13418226013957 1.57146297262788 -2.73713545485132
1.40150000000000 -0.10131727847019 -0.14147437792629 1.62602974851743 -2.66448583683225
1.40420000000000 -0.09685922244797 -0.14857083822989 1.67540074451980 -2.59226020331468
1.40690000000000 -0.09227452394049 -0.15547321777112 1.71989253524908 -2.52076915750015
1.40960000000000 -0.08757592370829 -0.16218385825562 1.75982603629775 -2.45026960748169
1.41230000000000 -0.08277529777811 -0.16870572848093 1.79551991200527 -2.38097006178379
1.41500000000000 -0.07788367067384 -0.17504230099789 1.82728551586367 -2.31303606741950
1.41770000000000 -0.07291124047103 -0.18119744336600 1.85542315640610 -2.24659554870159
1.42040000000000 -0.06786741238246 -0.18717532349512 1.88021947740251 -2.18174388060519
1.42310000000000 -0.06276083814081 -0.19298032820286 1.90194575132355 -2.11854859167779
1.42580000000000 -0.05759945896385 -0.19861699390052 1.92085690355809 -2.05705363890498
1.42850000000000 -0.05239055035025 -0.20408994821482 1.93719110749444 -1.99728323212325
1.43120000000000 -0.04714076735383 -0.20940386132812 1.95116981432221 -1.93924521050291
1.43390000000000 -0.04185618932028 -0.21456340585068 1.96299810435602 -1.88293399033636
1.43660000000000 -0.03654236334714 -0.21957322410566 1.97286526769890 -1.82833311374066
1.43930000000000 -0.03120434595115 -0.22443790179617 1.98094554059571 -1.77541743354140
1.44200000000000 -0.02584674260384 -0.22916194712251 1.98739893970495 -1.72415497188118
1.44470000000000 -0.02047374493377 -0.23374977451947 1.99237214980952 -1.67450849004716
1.44740000000000 -0.01508916549869 -0.23820569228298 1.99599943140270 -1.62643680544486
1.45010000000000 -0.00969647010897 -0.24253389344913 1.99840352340104 -1.57989588915923
1.45280000000000 -0.00429880774106 -0.24673844937511 1.99969652324743 -1.53483977457018
1.45550000000000 0.00110096188059 -0.25082330554934 1.99998073216563 -1.49122130432945
1.45820000000000 0.00650024292735 -0.25479227922774 1.99934945757680 -1.44899273985851
1.46090000000000 0.01189668021324 -0.25864905855421 1.99788776792557 -1.40810625452347
1.46360000000000 0.01728813791275 -0.26239720287659 1.99567319758718 -1.36851432885535
1.46630000000000 0.02267268011367 -0.26604014401556 1.99277640131021 -1.33017006365235
1.46900000000000 0.02804855306955 -0.26958118828353 1.98926175892808 -1.29302742453760
1.47170000000000 0.03341416901945 -0.27302351908457 1.98518793196316 -1.25704142954664
1.47440000000000 0.03876809144808 -0.27637019995511 1.98060837433952 -1.22216828957183
1.47710000000000 0.04410902166570 -0.27962417792975 1.97557179978767 -1.18836550997460
1.47980000000000 0.04943578659473 -0.28278828713698 1.97012260872417 -1.15559196037052
1.48250000000000 0.05474732765740 -0.28586525254708 1.96430127746536 -1.12380791847209
1.48520000000000 0.06004269066668 -0.28885769380902 1.95814471262244 -1.09297509291898
1.48790000000000 0.06532101663015 -0.29176812912539 1.95168657345138 -1.06305662921356
1.49060000000000 0.07058153338397 -0.29459897912443 1.94495756481547 -1.03401710219126
1.49330000000000 0.07582354798107 -0.29735257069681 1.93798570327642 -1.00582249787460
1.49600000000000 0.08104643976409 -0.30003114077183 1.93079655867291 -0.97844018706988
1.49870000000000 0.08624965406007 -0.30263684001337 1.92341347338120 -0.95183889265392
1.50140000000000 0.09143269643928 -0.30517173642091 1.91585776128773 -0.92598865215310
1.50410000000000 0.09659512748595 -0.30763781882452 1.90814888834159 -0.90086077692750
1.50680000000000 0.10173655803367 -0.31003700026647 1.90030463639941 -0.87642780903172
1.50950000000000 0.10685664482230 -0.31237112126409 1.89234125192702 -0.85266347662199
1.51220000000000 0.11195508653761 -0.31464195295113 1.88427358098378 -0.82954264861162
1.51490000000000 0.11703162019830 -0.31685120009633 1.87611519178601 -0.80704128913724
1.51760000000000 0.12208601785851 -0.31900050399930 1.86787848602618 -0.78513641228272
1.52030000000000 0.12711808359695 -0.32109144526485 1.85957480001490 -0.76380603741170
1.52300000000000 0.13212765076642 -0.32312554645798 1.85121449661112 -0.74302914538091
1.52570000000000 0.13711457948016 -0.32510427464193 1.84280704881458 -0.72278563584133
1.52840000000000 0.14207875431349 -0.32702904380272 1.83436111581008 -0.70305628578068
1.53110000000000 0.14702008220143 -0.32890121716342 1.82588461217742 -0.68382270941739
1.53380000000000 0.15193849051465 -0.33072210939221 1.81738477091126 -0.66506731952034
1.53650000000000 0.15683392529791 -0.33249298870784 1.80886820083329 -0.64677329020015
1.53920000000000 0.16170634965652 -0.33421507888670 1.80034093892195 -0.62892452119445
1.54190000000000 0.16655574227780 -0.33588956117552 1.79180849803437 -0.61150560365093
1.54460000000000 0.17138209607561 -0.33751757611359 1.78327591044884 -0.59450178739769
1.54730000000000 0.17618541694729 -0.33910022526872 1.77474776761485 -0.57789894967832
1.55000000000000 0.18096572263313 -0.34063857289065 1.76622825646009 -0.56168356532080
1.55270000000000 0.18572304166969 -0.34213364748580 1.75772119257017 -0.54584267830228
1.55540000000000 0.19045741242868 -0.34358644331715 1.74923005052645 -0.53036387466695
1.55810000000000 0.19516888223433 -0.34499792183271 1.74075799165998 -0.51523525675065
1.56080000000000 0.19985750655238 -0.34636901302612 1.73230788945482 -0.50044541866376
1.56350000000000 0.20452334824474 -0.34770061673275 1.72388235281188 -0.48598342298204
1.56620000000000 0.20916647688439 -0.34899360386433 1.71548374736443 -0.47183877859512
1.56890000000000 0.21378696812522 -0.35024881758539 1.70711421501820 -0.45800141966180
1.57160000000000 0.21838490312258 -0.35146707443426 1.69877569187305 -0.44446168562204
1.57430000000000 0.22296036800009 -0.35264916539146 1.69046992466818 -0.43121030221641
1.57700000000000 0.22751345335905 -0.35379585689821 1.68219848587983 -0.41823836346468
1.57970000000000 0.23204425382692 -0.35490789182743 1.67396278758858 -0.40553731455694
1.58240000000000 0.23655286764168 -0.35598599040983 1.66576409422215 -0.39309893561173
1.58510000000000 0.24103939626923 -0.35703085111721 1.65760353427054 -0.38091532625770
1.58780000000000 0.24550394405109 -0.35804315150517 1.64948211106090 -0.36897889099674
1.59050000000000 0.24994661788001 -0.35902354901739 1.64140071267200 -0.35728232530829
1.59320000000000 0.25436752690135 -0.35997268175328 1.63336012106084 -0.34581860245654
1.59590000000000 0.25876678223800 -0.36089116920095 1.62536102046743 -0.33458096096352
1.59860000000000 0.26314449673715 -0.36177961293720 1.61740400515794 -0.32356289271327
1.60130000000000 0.26750078473714 -0.36263859729620 1.60948958656099 -0.31275813165375
1.60400000000000 0.27183576185281 -0.36346869000849 1.60161819984721 -0.30216064306470
1.60670000000000 0.27614954477788 -0.36427044281165 1.59379020999752 -0.29176461336155
1.60940000000000 0.28044225110310 -0.36504439203418 1.58600591740197 -0.28156444040673
1.61210000000000 0.28471399914895 -0.36579105915390 1.57826556302706 -0.27155472430138
1.61480000000000 0.28896490781169 -0.36651095133206 1.57056933318634 -0.26173025863198
1.61750000000000 0.29319509642185 -0.36720456192440 1.56291736394619 -0.25208602214741
1.62020000000000 0.29740468461412 -0.36787237097033 1.55530974519564 -0.24261717084381
1.62290000000000 0.30159379220782 -0.36851484566126 1.54774652440714 -0.23331903043524
1.62560000000000 0.30576253909710 -0.36913244078906 1.54022771011249 -0.22418708918992
1.62830000000000 0.30991104515023 -0.36972559917570 1.53275327511626 -0.21521699111249
1.63100000000000 0.31403943011722 -0.37029475208488 1.52532315946740 -0.20640452945398
1.63370000000000 0.31814781354506 -0.37084031961661 1.51793727320753 -0.19774564053231
1.63640000000000 0.32223631470026 -0.37136271108545 1.51059549891346 -0.18923639784681
1.63910000000000 0.32630505249786 -0.37186232538332 1.50329769404960 -0.18087300647146
1.64180000000000 0.33035414543662 -0.37233955132740 1.49604369314483 -0.17265179771220
1.64450000000000 0.33438371153987 -0.37279476799410 1.48883330980728 -0.16456922401448
1.64720000000000 0.33839386830153 -0.37322834503951 1.48166633858924 -0.15662185410821
1.64990000000000 0.34238473263705 -0.37364064300704 1.47454255671361 -0.14880636837759
1.65260000000000 0.34635642083882 -0.37403201362290 1.46746172567216 -0.14111955444443
1.65530000000000 0.35030904853567 -0.37440280007991 1.46042359270535 -0.13355830295386
1.65800000000000 0.35424273065631 -0.37475333731019 1.45342789217245 -0.12611960355214
1.66070000000000 0.35815758139627 -0.37508395224722 1.44647434682013 -0.11880054104673
1.66340000000000 0.36205371418816 -0.37539496407779 1.43956266895700 -0.11159829173939
1.66610000000000 0.36593124167494 -0.37568668448431 1.43269256154110 -0.10451011992366
1.66880000000000 0.36979027568610 -0.37595941787779 1.42586371918665 -0.09753337453827
1.67150000000000 0.37363092721638 -0.37621346162202 1.41907582909605 -0.09066548596890
1.67420000000000 0.37745330640692 -0.37644910624938 1.41232857192244 -0.08390396299066
1.67690000000000 0.38125752252872 -0.37666663566846 1.40562162256807 -0.07724638984461
1.67960000000000 0.38504368396807 -0.37686632736404 1.39895465092291 -0.07069042344135
1.68230000000000 0.38881189821397 -0.37704845258964 1.39232732254794 -0.06423379068578
1.68500000000000 0.39256227184733 -0.37721327655306 1.38573929930714 -0.05787428591693
1.68770000000000 0.39629491053175 -0.37736105859506 1.37919023995170 -0.05160976845723
1.69040000000000 0.40000991900586 -0.37749205236168 1.37267980066003 -0.04543816026611
1.69310000000000 0.40370740107709 -0.37760650597028 1.36620763553662 -0.03935744369269
1.69580000000000 0.40738745961667 -0.37770466216968 1.35977339707277 -0.03336565932306
1.69850000000000 0.41105019655585 -0.37778675849454 1.35337673657183 -0.02746090391736
1.70120000000000 0.41469571288326 -0.37785302741444 1.34701730454145 -0.02164132843265
1.70390000000000 0.41832410864321 -0.37790369647753 1.34069475105529 -0.01590513612746
1.70660000000000 0.42193548293504 -0.37793898844935 1.33440872608619 -0.01025058074406
1.70930000000000 0.42552993391321 -0.37795912144673 1.32815887981297 -0.00467596476504
1.71200000000000 0.42910755878825 -0.37796430906712 1.32194486290260 0.00082036225946
1.71470000000000 0.43266845382848 -0.37795476051349 1.31576632676953 0.00624000531691
1.71740000000000 0.43621271436229 -0.37793068071498 1.30962292381375 0.01158452547330
1.72010000000000 0.43974043478114 -0.37789227044351 1.30351430763916 0.01685544135249
1.72280000000000 0.44325170854308 -0.37783972642639 1.29744013325350 0.02205423055695
1.72550000000000 0.44674662817678 -0.37777324145525 1.29140005725123 0.02718233103250
1.72820000000000 0.45022528528605 -0.37769300449135 1.28539373798057 0.03224114237951
1.73090000000000 0.45368777055479 -0.37759920076735 1.27942083569572 0.03723202711308
1.73360000000000 0.45713417375229 -0.37749201188584 1.27348101269536 0.04215631187437
1.73630000000000 0.46056458373899 -0.37737161591461 1.26757393344846 0.04701528859517
1.73900000000000 0.46397908847244 -0.37723818747882 1.26169926470810 0.05181021561801
1.74170000000000 0.46737777501361 -0.37709189785023 1.25585667561441 0.05654231877354
1.74440000000000 0.47076072953350 -0.37693291503362 1.25004583778713 0.06121279241704
1.74710000000000 0.47412803731993 -0.37676140385034 1.24426642540870 0.06582280042605
1.74980000000000 0.47747978278454 -0.37657752601937 1.23851811529856 0.07037347716051
1.75250000000000 0.48081604947002 -0.37638144023572 1.23280058697910 0.07486592838720
1.75520000000000 0.48413692005750 -0.37617330224641 1.22711352273406 0.07930123216998
1.75790000000000 0.48744247637406 -0.37595326492416 1.22145660765984 0.08368043972720
1.76060000000000 0.49073279940040 -0.37572147833869 1.21582952971020 0.08800457625777
1.76330000000000 0.49400796927857 -0.37547808982592 1.21023197973487 0.09227464173709
1.76600000000000 0.49726806531990 -0.37522324405504 1.20466365151247 0.09649161168424
1.76870000000000 0.50051316601287 -0.37495708309350 1.19912424177818 0.10065643790146
1.77140000000000 0.50374334903119 -0.37467974647013 1.19361345024660 0.10477004918721
1.77410000000000 0.50695869124185 -0.37439137123626 1.18813097963002 0.10883335202384
1.77680000000000 0.51015926871321 -0.37409209202513 1.18267653565255 0.11284723124080
1.77950000000000 0.51334515672317 -0.37378204110942 1.17724982706035 0.11681255065465
1.78220000000000 0.51651642976734 -0.37346134845722 1.17185056562839 0.12073015368652
1.78490000000000 0.51967316156721 -0.37313014178622 1.16647846616373 0.12460086395806
1.78760000000000 0.52281542507834 -0.37278854661641 1.16113324650593 0.12842548586685
1.79030000000000 0.52594329249857 -0.37243668632127 1.15581462752452 0.13220480514179
1.79300000000000 0.52905683527615 -0.37207468217737 1.15052233311393 0.13593958937964
1.79570000000000 0.53215612411793 -0.37170265341271 1.14525609018601 0.13963058856308
1.79840000000000 0.53524122899751 -0.37132071725353 1.14001562866039 0.14327853556134
1.80110000000000 0.53831221916328 -0.37092898896987 1.13480068145274 0.14688414661386
1.80380000000000 0.54136916314656 -0.37052758191989 1.12961098446127 0.15044812179772
1.80650000000000 0.54441212876961 -0.37011660759282 1.12444627655147 0.15397114547944
1.80920000000000 0.54744118315359 -0.36969617565083 1.11930629953931 0.15745388675187
1.81190000000000 0.55045639272656 -0.36926639396970 1.11419079817306 0.16089699985651
1.81460000000000 0.55345782323131 -0.36882736867832 1.10909952011375 0.16430112459202
1.81730000000000 0.55644553973324 -0.36837920419722 1.10403221591452 0.16766688670939
1.82000000000000 0.55941960662813 -0.36792200327590 1.09898863899887 0.17099489829418
1.82270000000000 0.56238008764983 -0.36745586702928 1.09396854563796 0.17428575813644
1.82540000000000 0.56532704587797 -0.36698089497310 1.08897169492704 0.17754005208872
1.82810000000000 0.56826054374550 -0.36649718505836 1.08399784876109 0.18075835341255
1.83080000000000 0.57118064304627 -0.36600483370490 1.07904677180981 0.18394122311396
1.83350000000000 0.57408740494242 -0.36550393583399 1.07411823149193 0.18708921026828
1.83620000000000 0.57698088997182 -0.36499458490018 1.06921199794899 0.19020285233476
1.83890000000000 0.57986115805538 -0.36447687292222 1.06432784401869 0.19328267546121
1.84160000000000 0.58272826850427 -0.36395089051319 1.05946554520774 0.19632919477925
1.84430000000000 0.58558228002709 -0.36341672690986 1.05462487966443 0.19934291469028
1.84700000000000 0.58842325073701 -0.36287447000131 1.04980562815082 0.20232432914265
1.84970000000000 0.59125123815873 -0.36232420635675 1.04500757401471 0.20527392190026
1.85240000000000 0.59406629923545 -0.36176602125272 1.04023050316141 0.20819216680301
1.85510000000000 0.59686849033574 -0.36119999869947 1.03547420402532 0.21107952801919
1.85780000000000 0.59965786726034 -0.36062622146679 1.03073846754140 0.21393646029036
1.86050000000000 0.60243448524883 -0.36004477110914 1.02602308711648 0.21676340916866
1.86320000000000 0.60519839898633 -0.35945572799012 1.02132785860065 0.21956081124721
1.86590000000000 0.60794966260998 -0.35885917130640 1.01665258025848 0.22232909438338
1.86860000000000 0.61068832971551 -0.35825517911095 1.01199705274034 0.22506867791564
1.87130000000000 0.61341445336355 -0.35764382833581 1.00736107905368 0.22777997287381
1.87400000000000 0.61612808608604 -0.35702519481424 1.00274446453445 0.23046338218325
1.87670000000000 0.61882927989242 -0.35639935330231 0.99814701681851 0.23311930086294
1.87940000000000 0.62151808627581 -0.35576637749998 0.99356854581320 0.23574811621791
1.88210000000000 0.62419455621914 -0.35512634007173 0.98900886366901 0.23835020802593
1.88480000000000 0.62685874020113 -0.35447931266656 0.98446778475137 0.24092594871894
1.88750000000000 0.62951068820225 -0.35382536593765 0.97994512561260 0.24347570355914
1.89020000000000 0.63215044971057 -0.35316456956146 0.97544070496410 0.24599983081015
1.89290000000000 0.63477807372759 -0.35249699225637 0.97095434364857 0.24849868190318
1.89560000000000 0.63739360877392 -0.35182270180098 0.96648586461259 0.25097260159851
1.89830000000000 0.63999710289493 -0.35114176505184 0.96203509287929 0.25342192814252
1.90100000000000 0.64258860366633 -0.35045424796087 0.95760185552129 0.25584699342009
1.90370000000000 0.64516815819968 -0.34976021559233 0.95318598163385 0.25824812310294
1.90640000000000 0.64773581314776 -0.34905973213936 0.94878730230826 0.26062563679371
1.90910000000000 0.65029161471001 -0.34835286094026 0.94440565060546 0.26297984816607
1.91180000000000 0.65283560863773 -0.34763966449423 0.94004086152993 0.26531106510100
1.91450000000000 0.65536784023933 -0.34692020447686 0.93569277200381 0.26761958981924
1.91720000000000 0.65788835438550 -0.34619454175527 0.93136122084132 0.26990571901021
1.91990000000000 0.66039719551423 -0.34546273640281 0.92704604872336 0.27216974395735
1.92260000000000 0.66289440763584 -0.34472484771355 0.92274709817248 0.27441195066007
1.92530000000000 0.66538003433792 -0.34398093421637 0.91846421352808 0.27663261995242
1.92800000000000 0.66785411879023 -0.34323105368871 0.91419724092185 0.27883202761857
1.93070000000000 0.67031670374943 -0.34247526317013 0.90994602825352 0.28101044450517
1.93340000000000 0.67276783156392 -0.34171361897540 0.90571042516693 0.28316813663074
1.93610000000000 0.67520754417843 -0.34094617670748 0.90149028302629 0.28530536529215
1.93880000000000 0.67763588313869 -0.34017299127005 0.89728545489278 0.28742238716826
1.94150000000000 0.68005288959596 -0.33939411687992 0.89309579550147 0.28951945442092
1.94420000000000 0.68245860431151 -0.33860960707902 0.88892116123839 0.29159681479316
1.94690000000000 0.68485306766105 -0.33781951474623 0.88476141011807 0.29365471170500
1.94960000000000 0.68723631963913 -0.33702389210896 0.88061640176118 0.29569338434664
1.95230000000000 0.68960839986340 -0.33622279075439 0.87648599737257 0.29771306776929
1.95500000000000 0.69196934757888 -0.33541626164055 0.87237005971958 0.29971399297369
1.95770000000000 0.69431920166216 -0.33460435510715 0.86826845311058 0.30169638699625
1.96040000000000 0.69665800062549 -0.33378712088616 0.86418104337381 0.30366047299314
1.96310000000000 0.69898578262093 -0.33296460811218 0.86010769783656 0.30560647032211
1.96580000000000 0.70130258544428 -0.33213686533256 0.85604828530452 0.30753459462229
1.96850000000000 0.70360844653912 -0.33130394051738 0.85200267604150 0.30944505789203
1.97120000000000 0.70590340300068 -0.33046588106915 0.84797074174940 0.31133806856465
1.97390000000000 0.70818749157970 -0.32962273383233 0.84395235554837 0.31321383158242
1.97660000000000 0.71046074868624 -0.32877454510270 0.83994739195739 0.31507254846865
1.97930000000000 0.71272321039343 -0.32792136063642 0.83595572687499 0.31691441739798
1.98200000000000 0.71497491244117 -0.32706322565905 0.83197723756032 0.31873963326491
1.98470000000000 0.71721589023977 -0.32620018487429 0.82801180261440 0.32054838775075
1.98740000000000 0.71944617887356 -0.32533228247256 0.82405930196171 0.32234086938878
1.99010000000000 0.72166581310443 -0.32445956213941 0.82011961683202 0.32411726362791
1.99280000000000 0.72387482737533 -0.32358206706379 0.81619262974244 0.32587775289481
1.99550000000000 0.72607325581374 -0.32269983994610 0.81227822447972 0.32762251665442
1.99820000000000 0.72826113223504 -0.32181292300611 0.80837628608290 0.32935173146916
2.00090000000000 0.73043849014589 -0.32092135799075 0.80448670082607 0.33106557105659
2.00360000000000 0.73260536274755 -0.32002518618167 0.80060935620147 0.33276420634570
2.00630000000000 0.73476178293913 -0.31912444840272 0.79674414090281 0.33444780553196
2.00900000000000 0.73690778332082 -0.31821918502726 0.79289094480879 0.33611653413094
2.01170000000000 0.73904339619705 -0.31730943598530 0.78904965896690 0.33777055503072
2.01440000000000 0.74116865357965 -0.31639524077056 0.78522017557749 0.33941002854307
2.01710000000000 0.74328358719094 -0.31547663844733 0.78140238797795 0.34103511245341
2.01980000000000 0.74538822846676 -0.31455366765725 0.77759619062723 0.34264596206958
2.02250000000000 0.74748260855947 -0.31362636662591 0.77380147909055 0.34424273026953
2.02520000000000 0.74956675834096 -0.31269477316935 0.77001815002433 0.34582556754788
2.02790000000000 0.75164070840553 -0.31175892470046 0.76624610116131 0.34739462206133
2.03060000000000 0.75370448907282 -0.31081885823520 0.76248523129595 0.34895003967317
2.03330000000000 0.75575813039060 -0.30987461039875 0.75873544026998 0.35049196399664
2.03600000000000 0.75780166213762 -0.30892621743154 0.75499662895822 0.35202053643733
2.03870000000000 0.75983511382640 -0.30797371519510 0.75126869925454 0.35353589623468
2.04140000000000 0.76185851470590 -0.30701713917794 0.74755155405807 0.35503818050243
2.04410000000000 0.76387189376427 -0.30605652450117 0.74384509725965 0.35652752426826
2.04680000000000 0.76587527973147 -0.30509190592408 0.74014923372834 0.35800406051245
2.04950000000000 0.76786870108193 -0.30412331784966 0.73646386929831 0.35946792020573
2.05220000000000 0.76985218603712 -0.30315079432994 0.73278891075579 0.36091923234626
2.05490000000000 0.77182576256810 -0.30217436907128 0.72912426582623 0.36235812399578
2.05760000000000 0.77378945839803 -0.30119407543954 0.72546984316172 0.36378472031499
2.06030000000000 0.77574330100470 -0.30020994646520 0.72182555232850 0.36519914459810
2.06300000000000 0.77768731762291 -0.29922201484831 0.71819130379475 0.36660151830664
2.06570000000000 0.77962153524697 -0.29823031296339 0.71456700891843 0.36799196110256
2.06840000000000 0.78154598063301 -0.29723487286431 0.71095257993546 0.36937059088051
2.07110000000000 0.78346068030139 -0.29623572628894 0.70734792994793 0.37073752379958
2.07380000000000 0.78536566053898 -0.29523290466385 0.70375297291255 0.37209287431415
2.07650000000000 0.78726094740151 -0.29422643910883 0.70016762362928 0.37343675520422
2.07920000000000 0.78914656671577 -0.29321636044143 0.69659179773010 0.37476927760506
2.08190000000000 0.79102254408188 -0.29220269918128 0.69302541166794 0.37609055103615
2.08460000000000 0.79288890487545 -0.29118548555448 0.68946838270577 0.37740068342956
2.08730000000000 0.79474567424983 -0.29016474949782 0.68592062890589 0.37869978115776
2.09000000000000 0.79659287713818 -0.28914052066296 0.68238206911935 0.37998794906072
2.09270000000000 0.79843053825559 -0.28811282842054 0.67885262297549 0.38126529047256
2.09540000000000 0.80025868210123 -0.28708170186418 0.67533221087167 0.38253190724756
2.09810000000000 0.80207733296035 -0.28604716981450 0.67182075396318 0.38378789978566
2.10080000000000 0.80388651490632 -0.28500926082293 0.66831817415320 0.38503336705738
2.10350000000000 0.80568625180266 -0.28396800317561 0.66482439408304 0.38626840662829
2.10620000000000 0.80747656730502 -0.28292342489714 0.66133933712238 0.38749311468289
2.10890000000000 0.80925748486310 -0.28187555375421 0.65786292735974 0.38870758604803
2.11160000000000 0.81102902772260 -0.28082441725934 0.65439508959308 0.38991191421590
2.11430000000000 0.81279121892714 -0.27977004267435 0.65093574932053 0.39110619136641
2.11700000000000 0.81454408132011 -0.27871245701396 0.64748483273120 0.39229050838927
2.11970000000000 0.81628763754652 -0.27765168704919 0.64404226669621 0.39346495490547
2.12240000000000 0.81802191005486 -0.27658775931076 0.64060797875981 0.39462961928844
2.12510000000000 0.81974692109890 -0.27552070009247 0.63718189713058 0.39578458868467
2.12780000000000 0.82146269273942 -0.27445053545443 0.63376395067287 0.39692994903405
2.13050000000000 0.82316924684606 -0.27337729122634 0.63035406889821 0.39806578508964
2.13320000000000 0.82486660509897 -0.27230099301064 0.62695218195701 0.39919218043713
2.13590000000000 0.82655478899056 -0.27122166618564 0.62355822063024 0.40030921751395
2.13860000000000 0.82823381982722 -0.27013933590862 0.62017211632131 0.40141697762787
2.14130000000000 0.82990371873094 -0.26905402711880 0.61679380104801 0.40251554097534
2.14400000000000 0.83156450664097 -0.26796576454037 0.61342320743466 0.40360498665942
2.14670000000000 0.83321620431548 -0.26687457268539 0.61006026870420 0.40468539270734
2.14940000000000 0.83485883233312 -0.26578047585670 0.60670491867062 0.40575683608778
2.15210000000000 0.83649241109464 -0.26468349815071 0.60335709173125 0.40681939272768
2.15480000000000 0.83811696082444 -0.26358366346023 0.60001672285940 0.40787313752886
2.15750000000000 0.83973250157212 -0.26248099547719 0.59668374759691 0.40891814438423
2.16020000000000 0.84133905321399 -0.26137551769537 0.59335810204688 0.40995448619372
2.16290000000000 0.84293663545461 -0.26026725341302 0.59003972286657 0.41098223487985
2.16560000000000 0.84452526782823 -0.25915622573552 0.58672854726025 0.41200146140305
2.16830000000000 0.84610496970030 -0.25804245757795 0.58342451297231 0.41301223577670
2.17100000000000 0.84767576026890 -0.25692597166758 0.58012755828031 0.41401462708176
2.17370000000000 0.84923765856617 -0.25580679054644 0.57683762198829 0.41500870348128
2.17640000000000 0.85079068345971 -0.25468493657371 0.57355464342001 0.41599453223450
2.17910000000000 0.85233485365402 -0.25356043192822 0.57027856241240 0.41697217971078
2.18180000000000 0.85387018769182 -0.25243329861074 0.56700931930908 0.41794171140316
2.18450000000000 0.85539670395543 -0.25130355844641 0.56374685495392 0.41890319194175
2.18720000000000 0.85691442066815 -0.25017123308701 0.56049111068472 0.41985668510683
2.18990000000000 0.85842335589552 -0.24903634401323 0.55724202832700 0.42080225384171
2.19260000000000 0.85992352754667 -0.24789891253697 0.55399955018784 0.42173996026531
2.19530000000000 0.86141495337561 -0.24675895980346 0.55076361904982 0.42266986568457
2.19800000000000 0.86289765098250 -0.24561650679351 0.54753417816504 0.42359203060657
2.20070000000000 0.86437163781488 -0.24447157432564 0.54431117124919 0.42450651475046
2.20340000000000 0.86583693116898 -0.24332418305814 0.54109454247579 0.42541337705914
2.20610000000000 0.86729354819090 -0.24217435349124 0.53788423647042 0.42631267571073
2.20880000000000 0.86874150587781 -0.24102210596906 0.53468019830501 0.42720446812983
2.21150000000000 0.87018082107919 -0.23986746068170 0.53148237349236 0.42808881099859
2.21420000000000 0.87161151049800 -0.23871043766723 0.52829070798052 0.42896576026753
2.21690000000000 0.87303359069183 -0.23755105681359 0.52510514814741 0.42983537116620
2.21960000000000 0.87444707807407 -0.23638933786058 0.52192564079545 0.43069769821366
2.22230000000000 0.87585198891504 -0.23522530040176 0.51875213314626 0.43155279522867
2.22500000000000 0.87724833934312 -0.23405896388630 0.51558457283544 0.43240071533982
2.22770000000000 0.87863614534586 -0.23289034762083 0.51242290790739 0.43324151099541
2.23040000000000 0.88001542277108 -0.23171947077131 0.50926708681028 0.43407523397314
2.23310000000000 0.88138618732794 -0.23054635236476 0.50611705839098 0.43490193538965
2.23580000000000 0.88274845458803 -0.22937101129110 0.50297277189014 0.43572166570988
2.23850000000000 0.88410223998641 -0.22819346630484 0.49983417693727 0.43653447475627
2.24120000000000 0.88544755882266 -0.22701373602683 0.49670122354595 0.43734041171775
2.24390000000000 0.88678442626192 -0.22583183894598 0.49357386210906 0.43813952515866
2.24660000000000 0.88811285733588 -0.22464779342087 0.49045204339407 0.43893186302738
2.24930000000000 0.88943286694382 -0.22346161768147 0.48733571853841 0.43971747266496
2.25200000000000 0.89074446985357 -0.22227332983073 0.48422483904490 0.44049640081345
2.25470000000000 0.89204768070251 -0.22108294784621 0.48111935677721 0.44126869362416
2.25740000000000 0.89334251399856 -0.21989048958163 0.47801922395543 0.44203439666579
2.26010000000000 0.89462898412106 -0.21869597276846 0.47492439315163 0.44279355493234
2.26280000000000 0.89590710532182 -0.21749941501745 0.47183481728557 0.44354621285097
2.26550000000000 0.89717689172595 -0.21630083382016 0.46875044962033 0.44429241428962
2.26820000000000 0.89843835733286 -0.21510024655046 0.46567124375815 0.44503220256464
2.27090000000000 0.89969151601714 -0.21389767046599 0.46259715363619 0.44576562044808
2.27360000000000 0.90093638152944 -0.21269312270962 0.45952813352244 0.44649271017509
2.27630000000000 0.90217296749738 -0.21148662031094 0.45646413801162 0.44721351345099
2.27900000000000 0.90340128742644 -0.21027818018761 0.45340512202116 0.44792807145831
2.28170000000000 0.90462135470078 -0.20906781914680 0.45035104078720 0.44863642486375
2.28440000000000 0.90583318258415 -0.20785555388659 0.44730184986071 0.44933861382487
2.28710000000000 0.90703678422070 -0.20664140099729 0.44425750510358 0.45003467799685
2.28980000000000 0.90823217263582 -0.20542537696282 0.44121796268479 0.45072465653898
2.29250000000000 0.90941936073696 -0.20420749816204 0.43818317907664 0.45140858812113
2.29520000000000 0.91059836131446 -0.20298778087005 0.43515311105099 0.45208651093006
2.29790000000000 0.91176918704235 -0.20176624125949 0.43212771567562 0.45275846267563
2.30060000000000 0.91293185047912 -0.20054289540181 0.42910695031052 0.45342448059695
2.30330000000000 0.91408636406855 -0.19931775926857 0.42609077260434 0.45408460146834
2.30600000000000 0.91523274014042 -0.19809084873263 0.42307914049079 0.45473886160527
2.30870000000000 0.91637099091135 -0.19686217956944 0.42007201218517 0.45538729687013
2.31140000000000 0.91750112848550 -0.19563176745820 0.41706934618087 0.45602994267797
2.31410000000000 0.91862316485533 -0.19439962798311 0.41407110124596 0.45666683400207
2.31680000000000 0.91973711190234 -0.19316577663452 0.41107723641976 0.45729800537948
2.31950000000000 0.92084298139782 -0.19193022881012 0.40808771100955 0.45792349091640
2.32220000000000 0.92194078500352 -0.19069299981607 0.40510248458721 0.45854332429357
2.32490000000000 0.92303053427240 -0.18945410486819 0.40212151698597 0.45915753877144
2.32760000000000 0.92411224064933 -0.18821355909303 0.39914476829720 0.45976616719533
2.33030000000000 0.92518591547176 -0.18697137752904 0.39617219886718 0.46036924200054
2.33300000000000 0.92625156997041 -0.18572757512762 0.39320376929396 0.46096679521724
2.33570000000000 0.92730921526997 -0.18448216675425 0.39023944042426 0.46155885847546
2.33840000000000 0.92835886238972 -0.18323516718952 0.38727917335034 0.46214546300979
2.34110000000000 0.92940052224425 -0.18198659113024 0.38432292940700 0.46272663966421
2.34380000000000 0.93043420564405 -0.18073645319044 0.38137067016855 0.46330241889666
2.34650000000000 0.93145992329620 -0.17948476790245 0.37842235744583 0.46387283078366
2.34920000000000 0.93247768580498 -0.17823154971790 0.37547795328326 0.46443790502479
2.35190000000000 0.93348750367251 -0.17697681300871 0.37253741995594 0.46499767094707
2.35460000000000 0.93448938729933 -0.17572057206816 0.36960071996678 0.46555215750940
2.35730000000000 0.93548334698509 -0.17446284111179 0.36666781604364 0.46610139330671
2.36000000000000 0.93646939292906 -0.17320363427845 0.36373867113652 0.46664540657427
2.36270000000000 0.93744753523080 -0.17194296563123 0.36081324841477 0.46718422519176
2.36540000000000 0.93841778389071 -0.17068084915840 0.35789151126438 0.46771787668735
2.36810000000000 0.93938014881064 -0.16941729877440 0.35497342328521 0.46824638824169
2.37080000000000 0.94033463979441 -0.16815232832073 0.35205894828832 0.46876978669184
2.37350000000000 0.94128126654845 -0.16688595156690 0.34914805029331 0.46928809853514
2.37620000000000 0.94222003868229 -0.16561818221133 0.34624069352569 0.46980134993302
2.37890000000000 0.94315096570916 -0.16434903388225 0.34333684241429 0.47030956671470
2.38160000000000 0.94407405704653 -0.16307852013860 0.34043646158864 0.47081277438089
2.38430000000000 0.94498932201662 -0.16180665447090 0.33753951587648 0.47131099810741
2.38700000000000 0.94589676984695 -0.16053345030214 0.33464597030120 0.47180426274872
2.38970000000000 0.94679640967088 -0.15925892098862 0.33175579007936 0.47229259284145
2.39240000000000 0.94768825052809 -0.15798307982083 0.32886894061823 0.47277601260778
2.39510000000000 0.94857230136514 -0.15670594002427 0.32598538751333 0.47325454595889
2.39780000000000 0.94944857103593 -0.15542751476031 0.32310509654605 0.47372821649824
2.40050000000000 0.95031706830223 -0.15414781712699 0.32022803368122 0.47419704752482
2.40320000000000 0.95117780183416 -0.15286686015985 0.31735416506478 0.47466106203644
2.40590000000000 0.95203078021066 -0.15158465683275 0.31448345702139 0.47512028273281
2.40860000000000 0.95287601192001 -0.15030122005864 0.31161587605219 0.47557473201870
2.41130000000000 0.95371350536026 -0.14901656269041 0.30875138883242 0.47602443200697
2.41400000000000 0.95454326883971 -0.14773069752158 0.30588996220924 0.47646940452161
2.41670000000000 0.95536531057741 -0.14644363728718 0.30303156319940 0.47690967110065
2.41940000000000 0.95617963870356 -0.14515539466446 0.30017615898708 0.47734525299912
2.42210000000000 0.95698626125996 -0.14386598227363 0.29732371692163 0.47777617119187
2.42480000000000 0.95778518620052 -0.14257541267869 0.29447420451545 0.47820244637640
2.42750000000000 0.95857642139161 -0.14128369838810 0.29162758944180 0.47862409897563
2.43020000000000 0.95935997461257 -0.13999085185554 0.28878383953265 0.47904114914060
2.43290000000000 0.96013585355605 -0.13869688548066 0.28594292277659 0.47945361675316
2.43560000000000 0.96090406582853 -0.13740181160980 0.28310480731673 0.47986152142862
2.43830000000000 0.96166461895065 -0.13610564253667 0.28026946144860 0.48026488251827
2.44100000000000 0.96241752035767 -0.13480839050309 0.27743685361811 0.48066371911202
2.44370000000000 0.96316277739983 -0.13351006769971 0.27460695241955 0.48105805004079
2.44640000000000 0.96390039734281 -0.13221068626666 0.27177972659349 0.48144789387907
2.44910000000000 0.96463038736804 -0.13091025829428 0.26895514502486 0.48183326894726
2.45180000000000 0.96535275457317 -0.12960879582376 0.26613317674093 0.48221419331409
2.45450000000000 0.96606750597240 -0.12830631084787 0.26331379090936 0.48259068479895
2.45720000000000 0.96677464849687 -0.12700281531159 0.26049695683625 0.48296276097417
2.45990000000000 0.96747418899502 -0.12569832111278 0.25768264396421 0.48333043916729
2.46260000000000 0.96816613423299 -0.12439284010285 0.25487082187047 0.48369373646328
2.46530000000000 0.96885049089495 -0.12308638408740 0.25206146026499 0.48405266970672
2.46800000000000 0.96952726558345 -0.12177896482689 0.24925452898856 0.48440725550396
2.47070000000000 0.97019646481980 -0.12047059403723 0.24644999801094 0.48475751022519
2.47340000000000 0.97085809504439 -0.11916128339048 0.24364783742907 0.48510345000654
2.47610000000000 0.97151216261707 -0.11785104451543 0.24084801746518 0.48544509075212
2.47880000000000 0.97215867381741 -0.11653988899824 0.23805050846502 0.48578244813602
2.48150000000000 0.97279763484511 -0.11522782838306 0.23525528089605 0.48611553760425
2.48420000000000 0.97342905182030 -0.11391487417264 0.23246230534568 0.48644437437671
2.48690000000000 0.97405293078383 -0.11260103782894 0.22967155251947 0.48676897344907
2.48960000000000 0.97466927769763 -0.11128633077374 0.22688299323941 0.48708934959462
2.49230000000000 0.97527809844501 -0.10997076438921 0.22409659844218 0.48740551736615
2.49500000000000 0.97587939883095 -0.10865435001856 0.22131233917743 0.48771749109770
2.49770000000000 0.97647318458241 -0.10733709896655 0.21853018660606 0.48802528490637
2.50040000000000 0.97705946134866 -0.10601902250014 0.21575011199853 0.48832891269402
2.50310000000000 0.97763823470151 -0.10470013184904 0.21297208673321 0.48862838814901
2.50580000000000 0.97820951013565 -0.10338043820628 0.21019608229467 0.48892372474786
2.50850000000000 0.97877329306895 -0.10205995272880 0.20742207027205 0.48921493575690
2.51120000000000 0.97932958884265 -0.10073868653798 0.20465002235743 0.48950203423388
2.51390000000000 0.97987840272176 -0.09941665072026 0.20187991034416 0.48978503302958
2.51660000000000 0.98041973989522 -0.09809385632762 0.19911170612532 0.49006394478931
2.51930000000000 0.98095360547623 -0.09677031437821 0.19634538169202 0.49033878195453
2.52200000000000 0.98148000450250 -0.09544603585683 0.19358090913188 0.49060955676427
2.52470000000000 0.98199894193651 -0.09412103171553 0.19081826062745 0.49087628125664
2.52740000000000 0.98251042266575 -0.09279531287413 0.18805740845458 0.49113896727026
2.53010000000000 0.98301445150297 -0.09146889022072 0.18529832498093 0.49139762644572
2.53280000000000 0.98351103318646 -0.09014177461225 0.18254098266439 0.49165227022691
2.53550000000000 0.98400017238024 -0.08881397687505 0.17978535405156 0.49190290986241
2.53820000000000 0.98448187367435 -0.08748550780532 0.17703141177620 0.49214955640686
2.54090000000000 0.98495614158504 -0.08615637816966 0.17427912855776 0.49239222072223
2.54360000000000 0.98542298055502 -0.08482659870564 0.17152847719982 0.49263091347913
2.54630000000000 0.98588239495368 -0.08349618012225 0.16877943058865 0.49286564515804
2.54900000000000 0.98633438907732 -0.08216513310043 0.16603196169170 0.49309642605061
2.55170000000000 0.98677896714935 -0.08083346829362 0.16328604355612 0.49332326626080
2.55440000000000 0.98721613332052 -0.07950119632819 0.16054164930730 0.49354617570612
2.55710000000000 0.98764589166913 -0.07816832780402 0.15779875214743 0.49376516411877
2.55980000000000 0.98806824620122 -0.07683487329494 0.15505732535405 0.49398024104676
2.56250000000000 0.98848320085077 -0.07550084334925 0.15231734227858 0.49419141585509
2.56520000000000 0.98889075947992 -0.07416624849022 0.14957877634493 0.49439869772676
2.56790000000000 0.98929092587915 -0.07283109921656 0.14684160104807 0.49460209566390
2.57060000000000 0.98968370376746 -0.07149540600292 0.14410578995261 0.49480161848879
2.57330000000000 0.99006909679259 -0.07015917930039 0.14137131669140 0.49499727484489
2.57600000000000 0.99044710853116 -0.06882242953692 0.13863815496413 0.49518907319782
2.57870000000000 0.99081774248887 -0.06748516711789 0.13590627853596 0.49537702183638
2.58140000000000 0.99118100210068 -0.06614740242651 0.13317566123612 0.49556112887347
2.58410000000000 0.99153689073097 -0.06480914582432 0.13044627695654 0.49574140224704
2.58680000000000 0.99188541167370 -0.06347040765168 0.12771809965050 0.49591784972099
2.58950000000000 0.99222656815261 -0.06213119822820 0.12499110333125 0.49609047888608
2.59220000000000 0.99256036332133 -0.06079152785326 0.12226526207068 0.49625929716079
2.59490000000000 0.99288680026359 -0.05945140680640 0.11954054999796 0.49642431179215
2.59760000000000 0.99320588199331 -0.05811084534786 0.11681694129821 0.49658552985662
2.60030000000000 0.99351761145482 -0.05676985371898 0.11409441021117 0.49674295826084
2.60300000000000 0.99382199152295 -0.05542844214270 0.11137293102987 0.49689660374244
2.60570000000000 0.99411902500318 -0.05408662082396 0.10865247809930 0.49704647287082
2.60840000000000 0.99440871463181 -0.05274439995024 0.10593302581514 0.49719257204788
2.61110000000000 0.99469106307608 -0.05140178969192 0.10321454862240 0.49733490750874
2.61380000000000 0.99496607293428 -0.05005880020278 0.10049702101414 0.49747348532247
2.61650000000000 0.99523374673590 -0.04871544162045 0.09778041753020 0.49760831139275
2.61920000000000 0.99549408694175 -0.04737172406682 0.09506471275588 0.49773939145857
2.62190000000000 0.99574709594408 -0.04602765764853 0.09234988132063 0.49786673109482
2.62460000000000 0.99599277606671 -0.04468325245738 0.08963589789685 0.49799033571300
2.62730000000000 0.99623112956511 -0.04333851857076 0.08692273719854 0.49811021056175
2.63000000000000 0.99646215862655 -0.04199346605214 0.08421037398005 0.49822636072751
2.63270000000000 0.99668586537017 -0.04064810495145 0.08149878303484 0.49833879113502
2.63540000000000 0.99690225184714 -0.03930244530555 0.07878793919419 0.49844750654794
2.63810000000000 0.99711132004068 -0.03795649713866 0.07607781732595 0.49855251156934
2.64080000000000 0.99731307186624 -0.03661027046278 0.07336839233329 0.49865381064223
2.64350000000000 0.99750750917153 -0.03526377527814 0.07065963915346 0.49875140805005
2.64620000000000 0.99769463373665 -0.03391702157360 0.06795153275654 0.49884530791719
2.64890000000000 0.99787444727415 -0.03257001932712 0.06524404814418 0.49893551420936
2.65160000000000 0.99804695142913 -0.03122277850616 0.06253716034838 0.49902203073414
2.65430000000000 0.99821214777931 -0.02987530906809 0.05983084443026 0.49910486114133
2.65700000000000 0.99837003783514 -0.02852762096068 0.05712507547884 0.49918400892338
2.65970000000000 0.99852062303982 -0.02717972412244 0.05441982860975 0.49925947741578
2.66240000000000 0.99866390476940 -0.02583162848312 0.05171507896411 0.49933126979743
2.66510000000000 0.99879988433285 -0.02448334396408 0.04901080170720 0.49939938909100
2.66780000000000 0.99892856297212 -0.02313488047873 0.04630697202732 0.49946383816325
2.67050000000000 0.99904994186219 -0.02178624793296 0.04360356513453 0.49952461972537
2.67320000000000 0.99916402211114 -0.02043745622553 0.04090055625946 0.49958173633324
2.67590000000000 0.99927080476021 -0.01908851524853 0.03819792065209 0.49963519038778
2.67860000000000 0.99937029078381 -0.01773943488776 0.03549563358052 0.49968498413514
2.68130000000000 0.99946248108963 -0.01639022502318 0.03279367032982 0.49973111966702
2.68400000000000 0.99954737651863 -0.01504089552929 0.03009200620076 0.49977359892085
2.68670000000000 0.99962497784511 -0.01369145627559 0.02739061650864 0.49981242368002
2.68940000000000 0.99969528577674 -0.01234191712696 0.02468947658207 0.49984759557409
2.69210000000000 0.99975830095460 -0.01099228794409 0.02198856176181 0.49987911607895
2.69480000000000 0.99981402395319 -0.00964257858388 0.01928784739953 0.49990698651700
2.69750000000000 0.99986245528049 -0.00829279889989 0.01658730885660 0.49993120805729
2.70020000000000 0.99990359537794 -0.00694295874271 0.01388692150297 0.49995178171564
2.70290000000000 0.99993744462053 -0.00559306796041 0.01118666071587 0.49996870835478
2.70560000000000 0.99996400331675 -0.00424313639892 0.00848650187870 0.49998198868440
2.70830000000000 0.99998327170863 -0.00289317390248 0.00578642037979 0.49999162326126
2.71100000000000 0.99999524997176 -0.00154319031402 0.00308639161123 0.49999761248928
2.71370000000000 0.99999993821531 -0.00019319547559 0.00038639096765 0.49999995661949
2.71410000000000 1.00000001277170 0.00000680411718 -0.00001360823408 0.49999999389769
