 t x y vx vy
 0.000020000 1.000000000 0.000010000 -0.000020000 0.500000000
0.00273000000000 0.99999627356190 0.00136499559447 -0.00272999881882 0.49999813677574
0.00544000000000 0.99998520321336 0.00271998116420 -0.00544002269954 0.49999260152457
0.00815000000000 0.99996678865273 0.00407494675746 -0.00815009652169 0.49998339391273
0.01086000000000 0.99994102971097 0.00542988242168 -0.01086024516721 0.49997051355136
0.01357000000000 0.99990792615158 0.00678477820303 -0.01357049352174 0.49995395989647
0.01628000000000 0.99986747767063 0.00813962414599 -0.01628086647574 0.49993373224885
0.01899000000000 0.99981968389672 0.00949441029294 -0.01899138892581 0.49990982975400
0.02170000000000 0.99976454439098 0.01084912668372 -0.02170208577581 0.49988225140206
0.02441000000000 0.99970205864702 0.01220376335525 -0.02441298193815 0.49985099602768
0.02712000000000 0.99963222609095 0.01355831034105 -0.02712410233496 0.49981606230986
0.02983000000000 0.99955504608131 0.01491275767087 -0.02983547189934 0.49977744877187
0.03254000000000 0.99947051790906 0.01626709537024 -0.03254711557658 0.49973515378103
0.03525000000000 0.99937864079753 0.01762131346005 -0.03525905832537 0.49968917554854
0.03796000000000 0.99927941390242 0.01897540195614 -0.03797132511902 0.49963951212930
0.04067000000000 0.99917283631171 0.02032935086886 -0.04068394094670 0.49958616142167
0.04338000000000 0.99905890704562 0.02168315020265 -0.04339693081468 0.49952912116725
0.04609000000000 0.99893762505663 0.02303678995563 -0.04611031974750 0.49946838895062
0.04880000000000 0.99880898922932 0.02439026011914 -0.04882413278930 0.49940396219908
0.05151000000000 0.99867299838041 0.02574355067736 -0.05153839500494 0.49933583818235
0.05422000000000 0.99852965125865 0.02709665160683 -0.05425313148135 0.49926401401227
0.05693000000000 0.99837894654479 0.02844955287607 -0.05696836732866 0.49918848664249
0.05964000000000 0.99822088285147 0.02980224444512 -0.05968412768153 0.49910925286811
0.06235000000000 0.99805545872320 0.03115471626512 -0.06240043770035 0.49902630932532
0.06506000000000 0.99788267263627 0.03250695827789 -0.06511732257248 0.49893965249104
0.06777000000000 0.99770252299867 0.03385896041546 -0.06783480751354 0.49884927868251
0.07048000000000 0.99751500815001 0.03521071259970 -0.07055291776863 0.49875518405690
0.07319000000000 0.99732012636146 0.03656220474180 -0.07327167861358 0.49865736461084
0.07590000000000 0.99711787583563 0.03791342674194 -0.07599111535626 0.49855581618000
0.07861000000000 0.99690825470652 0.03926436848874 -0.07871125333777 0.49845053443862
0.08132000000000 0.99669126103940 0.04061501985892 -0.08143211793379 0.49834151489900
0.08403000000000 0.99646689283072 0.04196537071681 -0.08415373455577 0.49822875291102
0.08674000000000 0.99623514800802 0.04331541091389 -0.08687612865228 0.49811224366160
0.08945000000000 0.99599602442982 0.04466513028840 -0.08959932571025 0.49799198217417
0.09216000000000 0.99574951988552 0.04601451866488 -0.09232335125623 0.49786796330809
0.09487000000000 0.99549563209530 0.04736356585370 -0.09504823085776 0.49774018175808
0.09758000000000 0.99523435870997 0.04871226165062 -0.09777399012457 0.49760863205362
0.10029000000000 0.99496569731089 0.05006059583637 -0.10050065470994 0.49747330855831
0.10300000000000 0.99468964540985 0.05140855817618 -0.10322825031201 0.49733420546926
0.10571000000000 0.99440620044893 0.05275613841930 -0.10595680267503 0.49719131681641
0.10842000000000 0.99411535980036 0.05410332629861 -0.10868633759072 0.49704463646187
0.11113000000000 0.99381712076643 0.05545011153010 -0.11141688089960 0.49689415809917
0.11384000000000 0.99351148057934 0.05679648381247 -0.11414845849226 0.49673987525262
0.11655000000000 0.99319843640104 0.05814243282660 -0.11688109631077 0.49658178127649
0.11926000000000 0.99287798532311 0.05948794823517 -0.11961482034993 0.49641986935430
0.12197000000000 0.99255012436662 0.06083301968214 -0.12234965665869 0.49625413249804
0.12468000000000 0.99221485048197 0.06217763679227 -0.12508563134146 0.49608456354732
0.12739000000000 0.99187216054872 0.06352178917073 -0.12782277055946 0.49591115516861
0.13010000000000 0.99152205137549 0.06486546640256 -0.13056110053212 0.49573389985435
0.13281000000000 0.99116451969974 0.06620865805220 -0.13330064753840 0.49555278992209
0.13552000000000 0.99079956218763 0.06755135366305 -0.13604143791821 0.49536781751364
0.13823000000000 0.99042717543388 0.06889354275698 -0.13878349807377 0.49517897459411
0.14094000000000 0.99004735596155 0.07023521483384 -0.14152685447101 0.49498625295102
0.14365000000000 0.98966010022190 0.07157635937098 -0.14427153364097 0.49478964419331
0.14636000000000 0.98926540459419 0.07291696582276 -0.14701756218120 0.49458913975041
0.14907000000000 0.98886326538553 0.07425702362009 -0.14976496675716 0.49438473087121
0.15178000000000 0.98845367883066 0.07559652216989 -0.15251377410369 0.49417640862303
0.15449000000000 0.98803664109176 0.07693545085465 -0.15526401102639 0.49396416389061
0.15720000000000 0.98761214825830 0.07827379903191 -0.15801570440307 0.49374798737503
0.15991000000000 0.98718019634678 0.07961155603373 -0.16076888118522 0.49352786959261
0.16262000000000 0.98674078130059 0.08094871116626 -0.16352356839945 0.49330380087379
0.16533000000000 0.98629389898975 0.08228525370915 -0.16627979314895 0.49307577136203
0.16804000000000 0.98583954521074 0.08362117291512 -0.16903758261497 0.49284377101259
0.17075000000000 0.98537771568626 0.08495645800939 -0.17179696405830 0.49260778959141
0.17346000000000 0.98490840606504 0.08629109818920 -0.17455796482079 0.49236781667383
0.17617000000000 0.98443161192159 0.08762508262327 -0.17732061232679 0.49212384164340
0.17888000000000 0.98394732875599 0.08895840045129 -0.18008493408473 0.49187585369061
0.18159000000000 0.98345555199364 0.09029104078340 -0.18285095768860 0.49162384181159
0.18430000000000 0.98295627698508 0.09162299269966 -0.18561871081951 0.49136779480680
0.18701000000000 0.98244949900569 0.09295424524948 -0.18838822124720 0.49110770127970
0.18972000000000 0.98193521325547 0.09428478745116 -0.19115951683164 0.49084354963535
0.19243000000000 0.98141341485880 0.09561460829129 -0.19393262552455 0.49057532807908
0.19514000000000 0.98088409886418 0.09694369672421 -0.19670757537101 0.49030302461501
0.19785000000000 0.98034726024401 0.09827204167149 -0.19948439451101 0.49002662704462
0.20056000000000 0.97980289389425 0.09959963202137 -0.20226311118109 0.48974612296528
0.20327000000000 0.97925099463425 0.10092645662819 -0.20504375371593 0.48946149976874
0.20598000000000 0.97869155720641 0.10225250431185 -0.20782635054998 0.48917274463961
0.20869000000000 0.97812457627595 0.10357776385724 -0.21061093021907 0.48887984455378
0.21140000000000 0.97755004643062 0.10490222401366 -0.21339752136212 0.48858278627683
0.21411000000000 0.97696796218041 0.10622587349426 -0.21618615272270 0.48828155636242
0.21682000000000 0.97637831795727 0.10754870097547 -0.21897685315082 0.48797614115063
0.21953000000000 0.97578110811483 0.10887069509639 -0.22176965160451 0.48766652676630
0.22224000000000 0.97517632692809 0.11019184445827 -0.22456457715159 0.48735269911728
0.22495000000000 0.97456396859312 0.11151213762381 -0.22736165897136 0.48703464389270
0.22766000000000 0.97394402722678 0.11283156311669 -0.23016092635632 0.48671234656122
0.23037000000000 0.97331649686636 0.11415010942086 -0.23296240871393 0.48638579236920
0.23308000000000 0.97268137146934 0.11546776498003 -0.23576613556833 0.48605496633884
0.23579000000000 0.97203864491299 0.11678451819697 -0.23857213656215 0.48571985326636
0.23850000000000 0.97138831099411 0.11810035743297 -0.24138044145828 0.48538043772004
0.24121000000000 0.97073036342867 0.11941527100719 -0.24419108014165 0.48503670403830
0.24392000000000 0.97006479585149 0.12072924719600 -0.24700408262109 0.48468863632775
0.24663000000000 0.96939160181588 0.12204227423243 -0.24981947903112 0.48433621846113
0.24934000000000 0.96871077479333 0.12335434030545 -0.25263729963379 0.48397943407530
0.25205000000000 0.96802230817315 0.12466543355938 -0.25545757482060 0.48361826656915
0.25476000000000 0.96732619526210 0.12597554209322 -0.25828033511431 0.48325269910146
0.25747000000000 0.96662242928403 0.12728465396000 -0.26110561117090 0.48288271458881
0.26018000000000 0.96591100337956 0.12859275716614 -0.26393343378143 0.48250829570329
0.26289000000000 0.96519191060565 0.12989983967075 -0.26676383387399 0.48212942487035
0.26560000000000 0.96446514393530 0.13120588938498 -0.26959684251567 0.48174608426649
0.26831000000000 0.96373069625708 0.13251089417134 -0.27243249091449 0.48135825581698
0.27102000000000 0.96298856037482 0.13381484184302 -0.27527081042140 0.48096592119348
0.27373000000000 0.96223872900719 0.13511772016319 -0.27811183253230 0.48056906181166
0.27644000000000 0.96148119478730 0.13641951684430 -0.28095558889001 0.48016765882878
0.27915000000000 0.96071595026232 0.13772021954740 -0.28380211128637 0.47976169314122
0.28186000000000 0.95994298789304 0.13901981588139 -0.28665143166426 0.47935114538195
0.28457000000000 0.95916230005350 0.14031829340234 -0.28950358211972 0.47893599591797
0.28728000000000 0.95837387903054 0.14161563961276 -0.29235859490397 0.47851622484775
0.28999000000000 0.95757771702339 0.14291184196084 -0.29521650242564 0.47809181199852
0.29270000000000 0.95677380614322 0.14420688783975 -0.29807733725280 0.47766273692363
0.29541000000000 0.95596213841275 0.14550076458686 -0.30094113211522 0.47722897889982
0.29812000000000 0.95514270576576 0.14679345948301 -0.30380791990647 0.47679051692437
0.30083000000000 0.95431550004667 0.14808495975173 -0.30667773368617 0.47634732971234
0.30354000000000 0.95348051301008 0.14937525255851 -0.30955060668223 0.47589939569368
0.30625000000000 0.95263773632033 0.15066432500997 -0.31242657229304 0.47544669301027
0.30896000000000 0.95178716155098 0.15195216415310 -0.31530566408982 0.47498919951297
0.31167000000000 0.95092878018441 0.15323875697449 -0.31818791581883 0.47452689275858
0.31438000000000 0.95006258361129 0.15452409039948 -0.32107336140377 0.47405975000679
0.31709000000000 0.94918856313013 0.15580815129140 -0.32396203494806 0.47358774821702
0.31980000000000 0.94830670994674 0.15709092645073 -0.32685397073724 0.47311086404523
0.32251000000000 0.94741701517381 0.15837240261424 -0.32974920324135 0.47262907384072
0.32522000000000 0.94651946983033 0.15965256645423 -0.33264776711736 0.47214235364282
0.32793000000000 0.94561406484113 0.16093140457763 -0.33554969721160 0.47165067917753
0.33064000000000 0.94470079103634 0.16220890352513 -0.33845502856221 0.47115402585413
0.33335000000000 0.94377963915089 0.16348504977039 -0.34136379640168 0.47065236876173
0.33606000000000 0.94285059982394 0.16475982971910 -0.34427603615933 0.47014568266573
0.33877000000000 0.94191366359839 0.16603322970812 -0.34719178346387 0.46963394200424
0.34148000000000 0.94096882092029 0.16730523600461 -0.35011107414599 0.46911712088447
0.34419000000000 0.94001606213833 0.16857583480507 -0.35303394424094 0.46859519307898
0.34690000000000 0.93905537750326 0.16984501223450 -0.35596042999120 0.46806813202198
0.34961000000000 0.93808675716733 0.17111275434544 -0.35889056784909 0.46753591080543
0.35232000000000 0.93711019118371 0.17237904711704 -0.36182439447948 0.46699850217522
0.35503000000000 0.93612566950594 0.17364387645409 -0.36476194676256 0.46645587852715
0.35774000000000 0.93513318198728 0.17490722818614 -0.36770326179650 0.46590801190295
0.36045000000000 0.93413271838019 0.17616908806645 -0.37064837690031 0.46535487398616
0.36316000000000 0.93312426833568 0.17742944177107 -0.37359732961661 0.46479643609798
0.36587000000000 0.93210782140271 0.17868827489785 -0.37655015771449 0.46423266919303
0.36858000000000 0.93108336702759 0.17994557296539 -0.37950689919238 0.46366354385505
0.37129000000000 0.93005089455334 0.18120132141209 -0.38246759228097 0.46308903029251
0.37400000000000 0.92901039321903 0.18245550559509 -0.38543227544615 0.46250909833417
0.37671000000000 0.92796185215919 0.18370811078926 -0.38840098739197 0.46192371742454
0.37942000000000 0.92690526040313 0.18495912218613 -0.39137376706368 0.46133285661929
0.38213000000000 0.92584060687429 0.18620852489283 -0.39435065365076 0.46073648458053
0.38484000000000 0.92476788038958 0.18745630393105 -0.39733168659000 0.46013456957209
0.38755000000000 0.92368706965868 0.18870244423590 -0.40031690556862 0.45952707945462
0.39026000000000 0.92259816328338 0.18994693065486 -0.40330635052744 0.45891398168073
0.39297000000000 0.92150114975690 0.19118974794664 -0.40630006166403 0.45829524328989
0.39568000000000 0.92039601746314 0.19243088078008 -0.40929807943601 0.45767083090340
0.39839000000000 0.91928275467605 0.19367031373297 -0.41230044456423 0.45704071071916
0.40110000000000 0.91816134955882 0.19490803129091 -0.41530719803617 0.45640484850640
0.40381000000000 0.91703179016323 0.19614401784619 -0.41831838110921 0.45576320960033
0.40652000000000 0.91589406442887 0.19737825769651 -0.42133403531405 0.45511575889664
0.40923000000000 0.91474816018242 0.19861073504387 -0.42435420245815 0.45446246084597
0.41194000000000 0.91359406513686 0.19984143399332 -0.42737892462918 0.45380327944827
0.41465000000000 0.91243176689075 0.20107033855172 -0.43040824419854 0.45313817824698
0.41736000000000 0.91126125292743 0.20229743262652 -0.43344220382489 0.45246712032327
0.42007000000000 0.91008251061423 0.20352270002448 -0.43648084645780 0.45179006829000
0.42278000000000 0.90889552720172 0.20474612445039 -0.43952421534135 0.45110698428573
0.42549000000000 0.90770028982283 0.20596768950582 -0.44257235401784 0.45041782996852
0.42820000000000 0.90649678549212 0.20718737868773 -0.44562530633150 0.44972256650965
0.43091000000000 0.90528500110491 0.20840517538722 -0.44868311643229 0.44902115458725
0.43362000000000 0.90406492343644 0.20962106288814 -0.45174582877973 0.44831355437982
0.43633000000000 0.90283653914106 0.21083502436575 -0.45481348814675 0.44759972555959
0.43904000000000 0.90159983475134 0.21204704288532 -0.45788613962366 0.44687962728581
0.44175000000000 0.90035479667724 0.21325710140073 -0.46096382862206 0.44615321819791
0.44446000000000 0.89910141120520 0.21446518275307 -0.46404660087892 0.44542045640852
0.44717000000000 0.89783966449727 0.21567126966920 -0.46713450246061 0.44468129949637
0.44988000000000 0.89656954259022 0.21687534476029 -0.47022757976707 0.44393570449910
0.45259000000000 0.89529103139460 0.21807739052031 -0.47332587953596 0.44318362790589
0.45530000000000 0.89400411669385 0.21927738932460 -0.47642944884690 0.44242502565001
0.45801000000000 0.89270878414337 0.22047532342831 -0.47953833512575 0.44165985310116
0.46072000000000 0.89140501926953 0.22167117496485 -0.48265258614897 0.44088806505777
0.46343000000000 0.89009280746878 0.22286492594438 -0.48577225004801 0.44010961573909
0.46614000000000 0.88877213400663 0.22405655825216 -0.48889737531376 0.43932445877716
0.46885000000000 0.88744298401669 0.22524605364704 -0.49202801080106 0.43853254720862
0.47156000000000 0.88610534249966 0.22643339375974 -0.49516420573330 0.43773383346643
0.47427000000000 0.88475919432238 0.22761856009127 -0.49830600970702 0.43692826937134
0.47698000000000 0.88340452421673 0.22880153401123 -0.50145347269663 0.43611580612330
0.47969000000000 0.88204131677867 0.22998229675611 -0.50460664505915 0.43529639429265
0.48240000000000 0.88066955646716 0.23116082942760 -0.50776557753903 0.43446998381119
0.48511000000000 0.87928922760311 0.23233711299082 -0.51093032127303 0.43363652396303
0.48782000000000 0.87790031436832 0.23351112827256 -0.51410092779517 0.43279596337537
0.49053000000000 0.87650280080437 0.23468285595949 -0.51727744904177 0.43194825000900
0.49324000000000 0.87509667081157 0.23585227659636 -0.52045993735648 0.43109333114867
0.49595000000000 0.87368190814780 0.23701937058410 -0.52364844549547 0.43023115339334
0.49866000000000 0.87225849642742 0.23818411817801 -0.52684302663260 0.42936166264612
0.50137000000000 0.87082641912010 0.23934649948582 -0.53004373436478 0.42848480410415
0.50408000000000 0.86938565954970 0.24050649446579 -0.53325062271727 0.42760052224823
0.50679000000000 0.86793620089308 0.24166408292472 -0.53646374614912 0.42670876083223
0.50950000000000 0.86647802617892 0.24281924451600 -0.53968315955871 0.42580946287236
0.51221000000000 0.86501111828652 0.24397195873758 -0.54290891828928 0.42490257063623
0.51492000000000 0.86353545994461 0.24512220492994 -0.54614107813463 0.42398802563164
0.51763000000000 0.86205103373007 0.24626996227398 -0.54937969534484 0.42306576859524
0.52034000000000 0.86055782206675 0.24741520978895 -0.55262482663208 0.42213573948092
0.52305000000000 0.85905580722417 0.24855792633032 -0.55587652917649 0.42119787744800
0.52576000000000 0.85754497131623 0.24969809058755 -0.55913486063219 0.42025212084919
0.52847000000000 0.85602529629996 0.25083568108197 -0.56239987913331 0.41929840721833
0.53118000000000 0.85449676397418 0.25197067616449 -0.56567164330014 0.41833667325788
0.53389000000000 0.85295935597820 0.25310305401333 -0.56895021224533 0.41736685482617
0.53660000000000 0.85141305379043 0.25423279263174 -0.57223564558026 0.41638888692440
0.53931000000000 0.84985783872708 0.25535986984566 -0.57552800342139 0.41540270368343
0.54202000000000 0.84829369194073 0.25648426330129 -0.57882734639679 0.41440823835024
0.54473000000000 0.84672059441898 0.25760595046277 -0.58213373565266 0.41340542327419
0.54744000000000 0.84513852698301 0.25872490860963 -0.58544723286009 0.41239418989299
0.55015000000000 0.84354747028612 0.25984111483437 -0.58876790022177 0.41137446871838
0.55286000000000 0.84194740481236 0.26095454603990 -0.59209580047885 0.41034618932154
0.55557000000000 0.84033831087499 0.26206517893698 -0.59543099691794 0.40930928031823
0.55828000000000 0.83872016861502 0.26317299004159 -0.59877355337814 0.40826366935361
0.56099000000000 0.83709295799969 0.26427795567232 -0.60212353425822 0.40720928308678
0.56370000000000 0.83545665882097 0.26538005194764 -0.60548100452387 0.40614604717497
0.56641000000000 0.83381125069400 0.26647925478318 -0.60884602971505 0.40507388625749
0.56912000000000 0.83215671305550 0.26757553988894 -0.61221867595351 0.40399272393928
0.57183000000000 0.83049302516221 0.26866888276647 -0.61559900995030 0.40290248277420
0.57454000000000 0.82882016608928 0.26975925870601 -0.61898709901353 0.40180308424790
0.57725000000000 0.82713811472865 0.27084664278354 -0.62238301105610 0.40069444876044
0.57996000000000 0.82544684978736 0.27193100985786 -0.62578681460366 0.39957649560848
0.58267000000000 0.82374634978594 0.27301233456751 -0.62919857880262 0.39844914296716
0.58538000000000 0.82203659305665 0.27409059132778 -0.63261837342826 0.39731230787158
0.58809000000000 0.82031755774181 0.27516575432755 -0.63604626889304 0.39616590619788
0.59080000000000 0.81858922179207 0.27623779752613 -0.63948233625493 0.39500985264403
0.59351000000000 0.81685156296461 0.27730669465003 -0.64292664722593 0.39384406071007
0.59622000000000 0.81510455882136 0.27837241918972 -0.64637927418072 0.39266844267812
0.59893000000000 0.81334818672725 0.27943494439627 -0.64984029016534 0.39148290959179
0.60164000000000 0.81158242384828 0.28049424327799 -0.65330976890614 0.39028737123534
0.60435000000000 0.80980724714978 0.28155028859697 -0.65678778481874 0.38908173611226
0.60706000000000 0.80802263339442 0.28260305286556 -0.66027441301719 0.38786591142348
0.60977000000000 0.80622855914038 0.28365250834287 -0.66376972932322 0.38663980304513
0.61248000000000 0.80442500073939 0.28469862703111 -0.66727381027569 0.38540331550577
0.61519000000000 0.80261193433478 0.28574138067188 -0.67078673314007 0.38415635196320
0.61790000000000 0.80078933585948 0.28678074074249 -0.67430857591822 0.38289881418071
0.62061000000000 0.79895718103405 0.28781667845210 -0.67783941735813 0.38163060250294
0.62332000000000 0.79711544536461 0.28884916473783 -0.68137933696393 0.38035161583109
0.62603000000000 0.79526410414078 0.28987817026089 -0.68492841500605 0.37906175159767
0.62874000000000 0.79340313243361 0.29090366540246 -0.68848673253144 0.37776090574071
0.63145000000000 0.79153250509344 0.29192562025970 -0.69205437137400 0.37644897267742
0.63416000000000 0.78965219674777 0.29294400464152 -0.69563141416521 0.37512584527719
0.63687000000000 0.78776218179908 0.29395878806439 -0.69921794434479 0.37379141483417
0.63958000000000 0.78586243442260 0.29496993974803 -0.70281404617166 0.37244557103907
0.64229000000000 0.78395292856412 0.29597742861100 -0.70641980473498 0.37108820195046
0.64500000000000 0.78203363793769 0.29698122326627 -0.71003530596534 0.36971919396542
0.64771000000000 0.78010453602335 0.29798129201666 -0.71366063664621 0.36833843178952
0.65042000000000 0.77816559606475 0.29897760285020 -0.71729588442545 0.36694579840613
0.65313000000000 0.77621679106688 0.29997012343546 -0.72094113782704 0.36554117504510
0.65584000000000 0.77425809379360 0.30095882111671 -0.72459648626302 0.36412444115067
0.65855000000000 0.77228947676524 0.30194366290907 -0.72826202004557 0.36269547434870
0.66126000000000 0.77031091225619 0.30292461549353 -0.73193783039925 0.36125415041322
0.66397000000000 0.76832237229232 0.30390164521186 -0.73562400947344 0.35980034323210
0.66668000000000 0.76632382864855 0.30487471806150 -0.73932065035502 0.35833392477203
0.66939000000000 0.76431525284623 0.30584379969026 -0.74302784708116 0.35685476504274
0.67210000000000 0.76229661615058 0.30680885539097 -0.74674569465233 0.35536273206029
0.67481000000000 0.76026788956803 0.30776985009608 -0.75047428904552 0.35385769180960
0.67752000000000 0.75822904384359 0.30872674837202 -0.75421372722763 0.35233950820615
0.68023000000000 0.75618004945813 0.30967951441362 -0.75796410716911 0.35080804305669
0.68294000000000 0.75412087662564 0.31062811203828 -0.76172552785771 0.34926315601915
0.68565000000000 0.75205149529047 0.31157250468013 -0.76549808931255 0.34770470456154
0.68836000000000 0.74997187512449 0.31251265538402 -0.76928189259831 0.34613254391995
0.69107000000000 0.74788198552428 0.31344852679941 -0.77307703983967 0.34454652705556
0.69378000000000 0.74578179560818 0.31438008117416 -0.77688363423597 0.34294650461057
0.69649000000000 0.74367127421339 0.31530728034819 -0.78070178007606 0.34133232486319
0.69920000000000 0.74155038989302 0.31623008574698 -0.78453158275339 0.33970383368152
0.70191000000000 0.73941911091302 0.31714845837501 -0.78837314878133 0.33806087447631
0.70462000000000 0.73727740524917 0.31806235880900 -0.79222658580870 0.33640328815266
0.70733000000000 0.73512524058398 0.31897174719110 -0.79609200263554 0.33473091306048
0.71004000000000 0.73296258430349 0.31987658322185 -0.79996950922911 0.33304358494383
0.71275000000000 0.73078940349419 0.32077682615307 -0.80385921674012 0.33134113688902
0.71546000000000 0.72860566493967 0.32167243478059 -0.80776123751921 0.32962339927140
0.71817000000000 0.72641133511745 0.32256336743682 -0.81167568513365 0.32789019970096
0.72088000000000 0.72420638019559 0.32344958198318 -0.81560267438432 0.32614136296650
0.72359000000000 0.72199076602937 0.32433103580240 -0.81954232132292 0.32437671097848
0.72630000000000 0.71976445815783 0.32520768579059 -0.82349474326938 0.32259606271047
0.72901000000000 0.71752742180036 0.32607948834926 -0.82746005882965 0.32079923413913
0.73172000000000 0.71527962185316 0.32694639937708 -0.83143838791357 0.31898603818272
0.73443000000000 0.71302102288566 0.32780837426151 -0.83542985175320 0.31715628463807
0.73714000000000 0.71075158913699 0.32866536787025 -0.83943457292120 0.31530978011594
0.73985000000000 0.70847128451223 0.32951733454256 -0.84345267534968 0.31344632797485
0.74256000000000 0.70618007257875 0.33036422808027 -0.84748428434912 0.31156572825312
0.74527000000000 0.70387791656246 0.33120600173878 -0.85152952662775 0.30966777759928
0.74798000000000 0.70156477934394 0.33204260821770 -0.85558853031103 0.30775226920068
0.75069000000000 0.69924062345465 0.33287399965144 -0.85966142496152 0.30581899271027
0.75340000000000 0.69690541107292 0.33370012759947 -0.86374834159899 0.30386773417149
0.75611000000000 0.69455910402007 0.33452094303648 -0.86784941272079 0.30189827594129
0.75882000000000 0.69220166375628 0.33533639634225 -0.87196477232252 0.29991039661105
0.76153000000000 0.68983305137657 0.33614643729136 -0.87609455591897 0.29790387092557
0.76424000000000 0.68745322760665 0.33695101504264 -0.88023890056537 0.29587846969985
0.76695000000000 0.68506215279867 0.33775007812841 -0.88439794487890 0.29383395973372
0.76966000000000 0.68265978692701 0.33854357444348 -0.88857182906049 0.29177010372428
0.77237000000000 0.68024608958391 0.33933145123390 -0.89276069491689 0.28968666017589
0.77508000000000 0.67782101997515 0.34011365508549 -0.89696468588308 0.28758338330794
0.77779000000000 0.67538453691553 0.34089013191212 -0.90118394704495 0.28546002296005
0.78050000000000 0.67293659882443 0.34166082694363 -0.90541862516220 0.28331632449473
0.78321000000000 0.67047716372121 0.34242568471365 -0.90966886869164 0.28115202869751
0.78592000000000 0.66800618922059 0.34318464904702 -0.91393482781072 0.27896687167429
0.78863000000000 0.66552363252796 0.34393766304696 -0.91821665444132 0.27676058474590
0.79134000000000 0.66302945043459 0.34468466908197 -0.92251450227393 0.27453289433988
0.79405000000000 0.66052359931284 0.34542560877242 -0.92682852679198 0.27228352187922
0.79676000000000 0.65800603511125 0.34616042297681 -0.93115888529660 0.27001218366801
0.79947000000000 0.65547671334958 0.34688905177777 -0.93550573693152 0.26771859077406
0.80218000000000 0.65293558911381 0.34761143446770 -0.93986924270838 0.26540244890812
0.80489000000000 0.65038261705097 0.34832750953407 -0.94424956553224 0.26306345829983
0.80760000000000 0.64781775136408 0.34903721464440 -0.94864687022738 0.26070131357019
0.81031000000000 0.64524094580683 0.34974048663090 -0.95306132356339 0.25831570360035
0.81302000000000 0.64265215367828 0.35043726147471 -0.95749309428149 0.25590631139684
0.81573000000000 0.64005132781753 0.35112747428981 -0.96194235312115 0.25347281395286
0.81844000000000 0.63743842059824 0.35181105930652 -0.96640927284695 0.25101488210564
0.82115000000000 0.63481338392309 0.35248794985461 -0.97089402827569 0.24853218038977
0.82386000000000 0.63217616921820 0.35315807834607 -0.97539679630368 0.24602436688625
0.82657000000000 0.62952672742744 0.35382137625733 -0.97991775593439 0.24349109306716
0.82928000000000 0.62686500900673 0.35447777411120 -0.98445708830620 0.24093200363589
0.83199000000000 0.62419096391815 0.35512720145828 -0.98901497672042 0.23834673636266
0.83470000000000 0.62150454162407 0.35576958685793 -0.99359160666949 0.23573492191519
0.83741000000000 0.61880569108121 0.35640485785882 -0.99818716586537 0.23309618368446
0.84012000000000 0.61609436073452 0.35703294097893 -1.00280184426812 0.23043013760523
0.84283000000000 0.61337049851108 0.35765376168513 -1.00743583411461 0.22773639197124
0.84554000000000 0.61063405181392 0.35826724437219 -1.01208932994737 0.22501454724495
0.84825000000000 0.60788496751567 0.35887331234132 -1.01676252864360 0.22226419586145
0.85096000000000 0.60512319195225 0.35947188777811 -1.02145562944423 0.21948492202656
0.85367000000000 0.60234867091639 0.36006289172997 -1.02616883398310 0.21667630150875
0.85638000000000 0.59956134965114 0.36064624408296 -1.03090234631617 0.21383790142470
0.85909000000000 0.59676117284320 0.36122186353809 -1.03565637295077 0.21096928001833
0.86180000000000 0.59394808461633 0.36178966758689 -1.04043112287487 0.20806998643303
0.86451000000000 0.59112202852452 0.36234957248651 -1.04522680758628 0.20513956047679
0.86722000000000 0.58828294754515 0.36290149323405 -1.05004364112182 0.20217753238011
0.86993000000000 0.58543078407212 0.36344534354027 -1.05488184008642 0.19918342254622
0.87264000000000 0.58256547990880 0.36398103580262 -1.05974162368202 0.19615674129362
0.87535000000000 0.57968697626098 0.36450848107757 -1.06462321373636 0.19309698859034
0.87806000000000 0.57679521372971 0.36502758905216 -1.06952683473149 0.19000365377985
0.88077000000000 0.57389013230404 0.36553826801484 -1.07445271383209 0.18687621529822
0.88348000000000 0.57097167135378 0.36604042482550 -1.07940108091341 0.18371414038220
0.88619000000000 0.56803976962205 0.36653396488477 -1.08437216858884 0.18051688476788
0.88890000000000 0.56509436521786 0.36701879210235 -1.08936621223711 0.17728389237963
0.89161000000000 0.56213539560854 0.36749480886465 -1.09438345002890 0.17401459500891
0.89432000000000 0.55916279761221 0.36796191600139 -1.09942412295297 0.17070841198250
0.89703000000000 0.55617650739003 0.36842001275143 -1.10448847484160 0.16736474981993
0.89974000000000 0.55317646043850 0.36886899672751 -1.10957675239535 0.16398300187946
0.90245000000000 0.55016259158167 0.36930876388015 -1.11468920520694 0.16056254799243
0.90516000000000 0.54713483496323 0.36973920846048 -1.11982608578437 0.15710275408523
0.90787000000000 0.54409312403860 0.37016022298197 -1.12498764957290 0.15360297178871
0.91058000000000 0.54103739156695 0.37057169818123 -1.13017415497601 0.15006253803432
0.91329000000000 0.53796756960315 0.37097352297754 -1.13538586337517 0.14648077463656
0.91600000000000 0.53488358948965 0.37136558443135 -1.14062303914821 0.14285698786118
0.91871000000000 0.53178538184838 0.37174776770151 -1.14588594968626 0.13919046797851
0.92142000000000 0.52867287657254 0.37211995600132 -1.15117486540909 0.13548048880149
0.92413000000000 0.52554600281836 0.37248203055329 -1.15649005977872 0.13172630720750
0.92684000000000 0.52240468899687 0.37283387054255 -1.16183180931101 0.12792716264368
0.92955000000000 0.51924886276558 0.37317535306894 -1.16720039358534 0.12408227661477
0.93226000000000 0.51607845102019 0.37350635309769 -1.17259609525184 0.12019085215296
0.93497000000000 0.51289337988625 0.37382674340859 -1.17801920003625 0.11625207326888
0.93768000000000 0.50969357471083 0.37413639454369 -1.18346999674209 0.11226510438305
0.94039000000000 0.50647896005416 0.37443517475343 -1.18894877724989 0.10822908973690
0.94310000000000 0.50324945968134 0.37472294994111 -1.19445583651330 0.10414315278261
0.94581000000000 0.50000499655395 0.37499958360571 -1.19999147255171 0.10000639555071
0.94852000000000 0.49674549282184 0.37526493678295 -1.20555598643929 0.09581789799475
0.95123000000000 0.49347086981478 0.37551886798455 -1.21114968228991 0.09157671731181
0.95394000000000 0.49018104803435 0.37576123313563 -1.21677286723784 0.08728188723800
0.95665000000000 0.48687594714568 0.37599188551010 -1.22242585141366 0.08293241731781
0.95936000000000 0.48355548596945 0.37621067566413 -1.22810894791527 0.07852729214621
0.96207000000000 0.48021958247387 0.37641745136746 -1.23382247277336 0.07406547058228
0.96478000000000 0.47686815376676 0.37661205753253 -1.23956674491103 0.06954588493317
0.96749000000000 0.47350111608779 0.37679433614142 -1.24534208609712 0.06496744010707
0.97020000000000 0.47011838480086 0.37696412617041 -1.25114882089264 0.06032901273384
0.97291000000000 0.46671987438660 0.37712126351211 -1.25698727658998 0.05562945025186
0.97562000000000 0.46330549843502 0.37726558089505 -1.26285778314408 0.05086756995961
0.97833000000000 0.45987516963846 0.37739690780072 -1.26876067309510 0.04604215803039
0.98104000000000 0.45642879978469 0.37751507037782 -1.27469628148202 0.04115196848848
0.98375000000000 0.45296629975019 0.37761989135368 -1.28066494574618 0.03619572214511
0.98646000000000 0.44948757949390 0.37771118994282 -1.28666700562434 0.03117210549229
0.98917000000000 0.44599254805107 0.37778878175235 -1.29270280303021 0.02607976955264
0.99188000000000 0.44248111352755 0.37785247868424 -1.29877268192368 0.02091732868317
0.99459000000000 0.43895318309448 0.37790208883432 -1.30487698816683 0.01568335933092
0.99730000000000 0.43540866298329 0.37793741638774 -1.31101606936564 0.01037639873810
1.00001000000000 0.43184745848124 0.37795826151098 -1.31719027469638 0.00499494359459
1.00272000000000 0.42826947392741 0.37796442024002 -1.32339995471550 -0.00046255136492
1.00543000000000 0.42467461270923 0.37795568436468 -1.32964546115180 -0.00599767482162
1.00814000000000 0.42106277725963 0.37793184130894 -1.33592714667941 -0.01161206039386
1.01085000000000 0.41743386905477 0.37789267400698 -1.34224536467035 -0.01730738822204
1.01356000000000 0.41378778861254 0.37783796077496 -1.34860046892489 -0.02308538661994
1.01627000000000 0.41012443549177 0.37776747517806 -1.35499281337814 -0.02894783379596
1.01898000000000 0.40644370829233 0.37768098589294 -1.36142275178112 -0.03489655964751
1.02169000000000 0.40274550465604 0.37757825656509 -1.36789063735422 -0.04093344763213
1.02440000000000 0.39902972126864 0.37745904566106 -1.37439682241100 -0.04706043671922
1.02711000000000 0.39529625386278 0.37732310631532 -1.38094165795021 -0.05327952342627
1.02982000000000 0.39154499722221 0.37717018617140 -1.38752549321333 -0.05959276394379
1.03253000000000 0.38777584518712 0.37700002721722 -1.39414867520521 -0.06600227635343
1.03524000000000 0.38398869066095 0.37681236561427 -1.40081154817489 -0.07251024294398
1.03795000000000 0.38018342561860 0.37660693152028 -1.40751445305351 -0.07911891263010
1.04066000000000 0.37635994111621 0.37638344890536 -1.41425772684607 -0.08583060347914
1.04337000000000 0.37251812730269 0.37614163536097 -1.42104170197335 -0.09264770535140
1.04608000000000 0.36865787343312 0.37588120190170 -1.42786670556024 -0.09957268265985
1.04879000000000 0.36477906788410 0.37560185275933 -1.43473305866627 -0.10660807725532
1.05150000000000 0.36088159817131 0.37530328516890 -1.44164107545375 -0.11375651144377
1.05421000000000 0.35696535096940 0.37498518914647 -1.44859106228871 -0.12102069114245
1.05692000000000 0.35303021213444 0.37464724725807 -1.45558331676932 -0.12840340918227
1.05963000000000 0.34907606672905 0.37428913437952 -1.46261812667608 -0.13590754876419
1.06234000000000 0.34510279905054 0.37391051744665 -1.46969576883754 -0.14353608707750
1.06505000000000 0.34111029266225 0.37351105519554 -1.47681650790481 -0.15129209908897
1.06776000000000 0.33709843042827 0.37309039789215 -1.48398059502768 -0.15917876151171
1.07047000000000 0.33306709455200 0.37264818705104 -1.49118826642434 -0.16719935696356
1.07318000000000 0.32901616661864 0.37218405514248 -1.49843974183608 -0.17535727832513
1.07589000000000 0.32494552764208 0.37169762528754 -1.50573522285787 -0.18365603330849
1.07860000000000 0.32085505811652 0.37118851094040 -1.51307489113444 -0.19209924924768
1.08131000000000 0.31674463807310 0.37065631555747 -1.52045890641111 -0.20069067812352
1.08402000000000 0.31261414714210 0.37010063225247 -1.52788740442727 -0.20943420183530
1.08673000000000 0.30846346462100 0.36952104343698 -1.53536049463960 -0.21833383773307
1.08944000000000 0.30429246954907 0.36891712044547 -1.54287825776092 -0.22739374442501
1.09215000000000 0.30010104078872 0.36828842314440 -1.55044074309924 -0.23661822787494
1.09486000000000 0.29588905711456 0.36763449952418 -1.55804796568029 -0.24601174780642
1.09757000000000 0.29165639731039 0.36695488527353 -1.56569990313528 -0.25557892443026
1.10028000000000 0.28740294027509 0.36624910333501 -1.57339649233409 -0.26532454551378
1.10299000000000 0.28312856513792 0.36551666344095 -1.58113762574196 -0.27525357381086
1.10570000000000 0.27883315138414 0.36475706162879 -1.58892314747630 -0.28537115487323
1.10841000000000 0.27451657899177 0.36396977973463 -1.59675284903758 -0.29568262526427
1.11112000000000 0.27017872858031 0.36315428486396 -1.60462646468612 -0.30619352119830
1.11383000000000 0.26581948157259 0.36231002883846 -1.61254366643389 -0.31690958762911
1.11654000000000 0.26143872037071 0.36143644761741 -1.62050405861767 -0.32783678781340
1.11925000000000 0.25703632854732 0.36053296069259 -1.62850717201649 -0.33898131337570
1.12196000000000 0.25261219105344 0.35959897045519 -1.63655245747304 -0.35034959490334
1.12467000000000 0.24816619444438 0.35863386153318 -1.64463927897473 -0.36194831310109
1.12738000000000 0.24369822712515 0.35763700009780 -1.65276690614584 -0.37378441053719
1.13009000000000 0.23920817961704 0.35660773313723 -1.66093450609760 -0.38586510401376
1.13280000000000 0.23469594484729 0.35554538769591 -1.66914113457772 -0.39819789759659
1.13551000000000 0.23016141846372 0.35444927007769 -1.67738572635530 -0.41079059634087
1.13822000000000 0.22560449917655 0.35331866501063 -1.68566708477078 -0.42365132075134
1.14093000000000 0.22102508912973 0.35215283477177 -1.69398387037338 -0.43678852201700
1.14364000000000 0.21642309430447 0.35095101826933 -1.70233458856102 -0.45021099806259
1.14635000000000 0.21179842495758 0.34971243008040 -1.71071757612909 -0.46392791046039
1.14906000000000 0.20715099609804 0.34843625944150 -1.71913098662493 -0.47794880224817
1.15177000000000 0.20248072800485 0.34712166918959 -1.72757277439447 -0.49228361670015
1.15448000000000 0.19778754679009 0.34576779465089 -1.73604067719594 -0.50694271709986
1.15719000000000 0.19307138501122 0.34437374247467 -1.74453219724257 -0.52193690756477
1.15990000000000 0.18833218233696 0.34293858940916 -1.75304458052214 -0.53727745497372
1.16261000000000 0.18356988627188 0.34146138101641 -1.76157479422528 -0.55297611204885
1.16532000000000 0.17878445294476 0.33994113032307 -1.77011950209687 -0.56904514164421
1.16803000000000 0.17397584796693 0.33837681640359 -1.77867503750573 -0.58549734229259
1.17074000000000 0.16914404736688 0.33676738289245 -1.78723737400563 -0.60234607506157
1.17345000000000 0.16428903860831 0.33511173642178 -1.79580209313730 -0.61960529176760
1.17616000000000 0.15941082169953 0.33340874498061 -1.80436434919388 -0.63728956459420
1.17887000000000 0.15450941040275 0.33165723619192 -1.81291883064321 -0.65541411715612
1.18158000000000 0.14958483355290 0.32985599550353 -1.82145971786696 -0.67399485704511
1.18429000000000 0.14463713649628 0.32800376428868 -1.82998063684066 -0.69304840988560
1.18700000000000 0.13966638266084 0.32609923785234 -1.83847460833775 -0.71259215491763
1.18971000000000 0.13467265527054 0.32414106333893 -1.84693399219607 -0.73264426211138
1.19242000000000 0.12965605921817 0.32212783753747 -1.85535042613539 -0.75322373080077
1.19513000000000 0.12461672311186 0.32005810457997 -1.86371475855919 -0.77435042980200
1.19784000000000 0.11955480151263 0.31793035352914 -1.87201697471294 -0.79604513895670
1.20055000000000 0.11447047738177 0.31574301585174 -1.88024611550333 -0.81832959200616
1.20326000000000 0.10936396475910 0.31349446277404 -1.88839018820838 -0.84122652066269
1.20597000000000 0.10423551169508 0.31118300251641 -1.89643606822577 -0.86475969969449
1.20868000000000 0.09908540346239 0.30880687740470 -1.90436939091653 -0.88895399277955
1.21139000000000 0.09391396607522 0.30636426085660 -1.91217443250135 -0.91383539881024
1.21410000000000 0.08872157014745 0.30385325424234 -1.91983397885853 -0.93943109824034
1.21681000000000 0.08350863512419 0.30127188362040 -1.92732918095379 -0.96576949895783
1.21952000000000 0.07827563392476 0.29861809635011 -1.93463939550419 -0.99288028103518
1.22223000000000 0.07302309803924 0.29588975758556 -1.94174200933969 -1.02079443955102
1.22494000000000 0.06775162312496 0.29308464665702 -1.94861224577830 -1.04954432448620
1.22765000000000 0.06246187515408 0.29020045334971 -1.95522295117386 -1.07916367646946
1.23036000000000 0.05715459716889 0.28723477409282 -1.96154435963165 -1.10968765687339
1.23307000000000 0.05183061670653 0.28418510807678 -1.96754383371809 -1.14115287043422
1.23578000000000 0.04649085396175 0.28104885332177 -1.97318557882101 -1.17359737817773
1.23849000000000 0.04113633076216 0.27782330272729 -1.97843032865060 -1.20706069796776
1.24120000000000 0.03576818043785 0.27450564014061 -1.98323499921698 -1.24158378943953
1.24391000000000 0.03038765867466 0.27109293649154 -1.98755230848734 -1.27720901942353
1.24662000000000 0.02499615544790 0.26758214605251 -1.99133035882792 -1.31398010318829
1.24933000000000 0.01959520814140 0.26397010289680 -1.99451217929298 -1.35194201591443
1.25204000000000 0.01418651596466 0.26025351764449 -1.99703522485765 -1.39114086773622
1.25475000000000 0.00877195578852 0.25642897460511 -1.99883082983674 -1.43162373442780
1.25746000000000 0.00335359952705 0.25249292944972 -1.99982361302926 -1.47343843434588
1.26017000000000 -0.00206626680092 0.24844170757252 -1.99993083263104 -1.51663324054580
1.26288000000000 -0.00748512219248 0.24427150333507 -1.99906168973455 -1.56125651504061
1.26559000000000 -0.01290018782401 0.23997838042395 -1.99711658037136 -1.60735624995794
1.26830000000000 -0.01830840211932 0.23555827359789 -1.99398629765691 -1.65497949785584
1.27101000000000 -0.02370639359206 0.23100699215167 -1.98955118780216 -1.70417167069429
1.27372000000000 -0.02909045134551 0.22632022548403 -1.98368026672490 -1.75497568394903
1.27643000000000 -0.03445649313657 0.22149355122461 -1.97623030792030 -1.80743091916103
1.27914000000000 -0.03980003094609 0.21652244645187 -1.96704491736540 -1.86157197494521
1.28185000000000 -0.04511613404894 0.21140230261953 -1.95595361779854 -1.91742717331236
1.28456000000000 -0.05039938964879 0.20612844490271 -1.94277097302525 -1.97501678535519
1.28727000000000 -0.05564386123891 0.20069615677548 -1.92729579326399 -2.03435093830317
1.28998000000000 -0.06084304497837 0.19510071073579 -1.90931047525760 -2.09542716521001
1.29269000000000 -0.06598982453853 0.18933740619758 -1.88858054619067 -2.15822755985181
1.29540000000000 -0.07107642508589 0.18340161566616 -1.86485449850691 -2.22271550377496
1.29811000000000 -0.07609436733061 0.17728884039185 -1.83786402344629 -2.28883194111283
1.30082000000000 -0.08103442289325 0.17099477674489 -1.80732477411150 -2.35649119136200
1.30353000000000 -0.08588657262926 0.16451539455283 -1.77293781320581 -2.42557631263055
1.30624000000000 -0.09063997000434 0.15784702856659 -1.73439192459614 -2.49593406001268
1.30895000000000 -0.09528291212863 0.15098648404365 -1.69136698888737 -2.56736952781105
1.31166000000000 -0.09980282162161 0.14393115712130 -1.64353863731478 -2.63964062214843
1.31437000000000 -0.10418624306613 0.13667917016069 -1.59058440004700 -2.71245258312415
1.31708000000000 -0.10841885837718 0.12922952153381 -1.53219154743451 -2.78545286260037
1.31979000000000 -0.11248552589495 0.12158224836472 -1.46806677744832 -2.85822676197671
1.32250000000000 -0.11637034832504 0.11373859950127 -1.39794782041651 -2.93029433732710
1.32521000000000 -0.12005677467973 0.10570121448439 -1.32161690469478 -3.00110917565057
1.32792000000000 -0.12352774099134 0.09747430253998 -1.23891584842157 -3.07005971877740
1.33063000000000 -0.12676585363268 0.08906381373518 -1.14976231320647 -3.13647383820454
1.33334000000000 -0.12975361746232 0.08047759257773 -1.05416648521428 -3.19962731839928
1.33605000000000 -0.13247370863146 0.07172550272601 -0.95224716044017 -3.25875676130393
1.33876000000000 -0.13490928874188 0.06281951041793 -0.84424594203202 -3.31307716034418
1.34147000000000 -0.13704435325298 0.05377371405484 -0.73053806053873 -3.36180400206475
1.34418000000000 -0.13886410287622 0.04460430841647 -0.61163826361879 -3.40417925481775
1.34689000000000 -0.14035532260777 0.03532947447135 -0.48820034764351 -3.43950004397077
1.34960000000000 -0.14150674960777 0.02596918975113 -0.36100925807514 -3.46714826985333
1.35231000000000 -0.14230940896999 0.01654495959917 -0.23096526998754 -3.48661899821371
1.35502000000000 -0.14275689610798 0.00707947582505 -0.09906052644913 -3.49754524657261
1.35773000000000 -0.14284558638220 -0.00240378431623 0.03365093877332 -3.49971688354277
1.36044000000000 -0.14257475675074 -0.01188100021538 0.16608777339596 -3.49309178201502
1.36315000000000 -0.14194661029767 -0.02132846834209 0.29717795820184 -3.47779808402360
1.36586000000000 -0.14096620176744 -0.03072305639742 0.42589474473105 -3.45412734140327
1.36857000000000 -0.13964126975883 -0.04004262721486 0.55128918174974 -3.42251924258140
1.37128000000000 -0.13798198800443 -0.04926641152841 0.67251698311915 -3.38353946266781
1.37399000000000 -0.13600065333083 -0.05837531374141 0.78885820284918 -3.33785275139456
1.37670000000000 -0.13371133092568 -0.06735214098350 0.89972902346872 -3.28619363013623
1.37941000000000 -0.13112947828467 -0.07618175214825 1.00468578609875 -3.22933700336931
1.38212000000000 -0.12827156789566 -0.08485112945396 1.10342207412821 -3.16807065987556
1.38483000000000 -0.12515472582633 -0.09334937977365 1.19576013297981 -3.10317114008047
1.38754000000000 -0.12179639953518 -0.10166767622121 1.28163814416893 -3.03538388275429
1.39025000000000 -0.11821406403641 -0.10979915221391 1.36109489490982 -2.96540802749962
1.39296000000000 -0.11442497153201 -0.11773876062019 1.43425324522372 -2.89388580184121
1.39567000000000 -0.11044594613455 -0.12548310993683 1.50130355379589 -2.82139609480596
1.39838000000000 -0.10629322253910 -0.13303028806020 1.56248793918309 -2.74845161697011
1.40109000000000 -0.10198232551509 -0.14037968244378 1.61808596979909 -2.67549895548507
1.40380000000000 -0.09752798583093 -0.14753180353611 1.66840212458882 -2.60292082701973
1.40651000000000 -0.09294408758599 -0.15448811656663 1.71375516222866 -2.53103988474754
1.40922000000000 -0.08824364176852 -0.16125088511427 1.75446938448798 -2.46012352272985
1.41193000000000 -0.08343878104779 -0.16782302852175 1.79086767584248 -2.39038922254630
1.41464000000000 -0.07854077122108 -0.17420799412393 1.82326613911017 -2.32201008873222
1.41735000000000 -0.07356003527129 -0.18040964442934 1.85197011676393 -2.25512031267601
1.42006000000000 -0.06850618657499 -0.18643215880018 1.87727138079216 -2.18982038449186
1.42277000000000 -0.06338806837941 -0.19227994877832 1.89944628279415 -2.12618193744356
1.42548000000000 -0.05821379720880 -0.19795758596394 1.91875467420065 -2.06425216014966
1.42819000000000 -0.05299080834489 -0.20346974123154 1.93543942945784 -2.00405774956810
1.43090000000000 -0.04772590194644 -0.20882113403388 1.94972642945089 -1.94560840465567
1.43361000000000 -0.04242528872699 -0.21401649057012 1.96182488625046 -1.88889987874364
1.43632000000000 -0.03709463440176 -0.21906050966028 1.97192791218611 -1.83391662004038
1.43903000000000 -0.03173910235103 -0.22395783525725 1.98021325564793 -1.78063403598553
1.44174000000000 -0.02636339413406 -0.22871303462886 1.98684414267593 -1.72902041985619
1.44445000000000 -0.02097178763334 -0.23333058134690 1.99197017736607 -1.67903857819025
1.44716000000000 -0.01556817272030 -0.23781484232330 1.99572826560742 -1.63064719610956
1.44987000000000 -0.01015608441660 -0.24217006823055 1.99824353594805 -1.58380197513814
1.45258000000000 -0.00473873358567 -0.24640038673330 1.99963023877610 -1.53845657508128
1.45529000000000 0.00068096476788 -0.25050979803935 1.99999261079819 -1.49456338828439
1.45800000000000 0.00610036548445 -0.25450217235036 1.99942569627913 -1.45207417134183
1.46071000000000 0.01151706939653 -0.25838124885652 1.99801611992154 -1.41094055621588
1.46342000000000 0.01692890150167 -0.26215063597475 1.99584280882272 -1.37111445983486
1.46613000000000 0.02233389102191 -0.26581381257826 1.99297766282860 -1.33254840861041
1.46884000000000 0.02773025321067 -0.26937413000629 1.98948617395607 -1.29519579196242
1.47155000000000 0.03311637277093 -0.27283481467862 1.98542799649776 -1.25901105686193
1.47426000000000 0.03849078875412 -0.27619897116899 1.98085747005091 -1.22394985358617
1.47697000000000 0.04385218081550 -0.27946958561732 1.97582409810369 -1.18996914130366
1.47968000000000 0.04919935670952 -0.28264952938198 1.97037298502650 -1.15702726074993
1.48239000000000 0.05453124091637 -0.28574156285140 1.96454523440055 -1.12508398009061
1.48510000000000 0.05984686429891 -0.28874833934954 1.95837831160797 -1.09410051907669
1.48781000000000 0.06514535469704 -0.29167240908226 1.95190637353390 -1.06403955575333
1.49052000000000 0.07042592837411 -0.29451622308234 1.94516056811385 -1.03486521927002
1.49323000000000 0.07568788223709 -0.29728213711954 1.93816930631420 -1.00654307173676
1.49594000000000 0.08093058675936 -0.29997241554953 1.93095850897221 -0.97904008156385
1.49865000000000 0.08615347954081 -0.30258923508120 1.92355183075329 -0.95232459029587
1.50136000000000 0.09135605944630 -0.30513468844733 1.91597086331308 -0.92636627459327
1.50407000000000 0.09653788126869 -0.30761078796713 1.90823531958541 -0.90113610471560
1.50678000000000 0.10169855086769 -0.31001946899279 1.90036320095651 -0.87660630061049
1.50949000000000 0.10683772074044 -0.31236259323490 1.89237094893354 -0.85275028650422
1.51220000000000 0.11195508598372 -0.31464195196352 1.88427358277238 -0.82954264471638
1.51491000000000 0.11705038061168 -0.31685926908375 1.87608482439635 -0.80695906927709
1.51762000000000 0.12212337419621 -0.31901620408589 1.86781721181407 -0.78497631980581
1.52033000000000 0.12717386880035 -0.32111435487133 1.85948220213161 -0.76357217601252
1.52304000000000 0.13220169617789 -0.32315526045635 1.85109026514958 -0.74272539310009
1.52575000000000 0.13720671521492 -0.32514040355648 1.84265096844160 -0.72241565828008
1.52846000000000 0.14218880959124 -0.32707121305475 1.83417305472365 -0.70262354855923
1.53117000000000 0.14714788564193 -0.32894906635742 1.82566451224590 -0.68333048990896
1.53388000000000 0.15208387040089 -0.33077529164092 1.81713263886716 -0.66451871789376
1.53659000000000 0.15699670981019 -0.33255116999422 1.80858410040826 -0.64617123980478
1.53930000000000 0.16188636708045 -0.33427793746066 1.80002498382207 -0.62827179832114
1.54201000000000 0.16675282118872 -0.33595678698327 1.79146084566600 -0.61080483670266
1.54472000000000 0.17159606550202 -0.33758887025793 1.78289675631506 -0.59375546550239
1.54743000000000 0.17641610651523 -0.33917529949832 1.77433734031117 -0.57710943077584
1.55014000000000 0.18121296269360 -0.34071714911671 1.76578681320602 -0.56085308375473
1.55285000000000 0.18598666341066 -0.34221545732450 1.75724901522001 -0.54497335194591
1.55556000000000 0.19073724797339 -0.34367122765632 1.74872744200890 -0.52945771161170
1.55827000000000 0.19546476472714 -0.34508543042140 1.74022527280140 -0.51429416158364
1.56098000000000 0.20016927023353 -0.34645900408568 1.73174539614610 -0.49947119835985
1.56369000000000 0.20485082851511 -0.34779285658815 1.72329043348289 -0.48497779243462
1.56640000000000 0.20950951036117 -0.34908786659463 1.71486276073406 -0.47080336580807
1.56911000000000 0.21414539268960 -0.35034488469216 1.70646452809131 -0.45693777062420
1.57182000000000 0.21875855796009 -0.35156473452699 1.69809767815869 -0.44337126888569
1.57453000000000 0.22334909363444 -0.35274821388891 1.68976396259613 -0.43009451319499
1.57724000000000 0.22791709168014 -0.35389609574486 1.68146495739502 -0.41709852847246
1.57995000000000 0.23246264811351 -0.35500912922414 1.67320207690484 -0.40437469460352
1.58266000000000 0.23698586257942 -0.35608804055787 1.66497658671912 -0.39191472996847
1.58537000000000 0.24148683796439 -0.35713353397494 1.65678961551864 -0.37971067581040
1.58808000000000 0.24596568004056 -0.35814629255670 1.64864216596143 -0.36775488139824
1.59079000000000 0.25042249713792 -0.35912697905245 1.64053512470031 -0.35603998994375
1.59350000000000 0.25485739984256 -0.36007623665773 1.63246927160210 -0.34455892523324
1.59621000000000 0.25927050071901 -0.36099468975738 1.62444528823528 -0.33330487893650
1.59892000000000 0.26366191405451 -0.36188294463500 1.61646376568752 -0.32227129855709
1.60163000000000 0.26803175562379 -0.36274159015062 1.60852521176872 -0.31145187599013
1.60434000000000 0.27238014247242 -0.36357119838815 1.60063005765024 -0.30084053665517
1.60705000000000 0.27670719271757 -0.36437232527416 1.59277866398678 -0.29043142917350
1.60976000000000 0.28101302536469 -0.36514551116929 1.58497132656312 -0.28021891556090
1.61247000000000 0.28529776013880 -0.36589128143387 1.57720828150437 -0.27019756190817
1.61518000000000 0.28956151732946 -0.36661014696881 1.56948971008499 -0.26036212952337
1.61789000000000 0.29380441764824 -0.36730260473318 1.56181574316881 -0.25070756651115
1.62060000000000 0.29802658209767 -0.36796913823946 1.55418646530960 -0.24122899976573
1.62331000000000 0.30222813185101 -0.36861021802763 1.54660191853915 -0.23192172735542
1.62602000000000 0.30640918814178 -0.36922630211922 1.53906210586760 -0.22278121127797
1.62873000000000 0.31056987216248 -0.36981783645207 1.53156699451862 -0.21380307056684
1.63144000000000 0.31471030497167 -0.37038525529697 1.52411651892029 -0.20498307472979
1.63415000000000 0.31883060740895 -0.37092898165692 1.51671058347060 -0.19631713750230
1.63686000000000 0.32293090001704 -0.37144942764982 1.50934906509516 -0.18780131089906
1.63957000000000 0.32701130297060 -0.37194699487551 1.50203181561305 -0.17943177954793
1.64228000000000 0.33107193601119 -0.37242207476774 1.49475866392558 -0.17120485529141
1.64499000000000 0.33511291838796 -0.37287504893193 1.48752941804153 -0.16311697204182
1.64770000000000 0.33913436880356 -0.37330628946924 1.48034386695128 -0.15516468087676
1.65041000000000 0.34313640536504 -0.37371615928774 1.47320178236117 -0.14734464536255
1.65312000000000 0.34711914553915 -0.37410501240114 1.46610292029888 -0.13965363709366
1.65583000000000 0.35108270611195 -0.37447319421574 1.45904702259925 -0.13208853143721
1.65854000000000 0.35502720315220 -0.37482104180610 1.45203381827963 -0.12464630347188
1.66125000000000 0.35895275197835 -0.37514888417998 1.44506302481294 -0.11732402411133
1.66396000000000 0.36285946712896 -0.37545704253297 1.43813434930606 -0.11011885640275
1.66667000000000 0.36674746233599 -0.37574583049340 1.43124748959044 -0.10302805199168
1.66938000000000 0.37061685050113 -0.37601555435775 1.42440213523157 -0.09604894774470
1.67209000000000 0.37446774367467 -0.37626651331728 1.41759796846310 -0.08917896252209
1.67480000000000 0.37830025303677 -0.37649899967595 1.41083466505118 -0.08241559409296
1.67751000000000 0.38211448888109 -0.37671329906026 1.40411189509413 -0.07575641618577
1.68022000000000 0.38591056060042 -0.37690969062128 1.39742932376206 -0.06919907566752
1.68293000000000 0.38968857667425 -0.37708844722912 1.39078661198089 -0.06274128984534
1.68564000000000 0.39344864465815 -0.37724983566032 1.38418341706467 -0.05638084388442
1.68835000000000 0.39719087117480 -0.37739411677840 1.37761939330003 -0.05011558833669
1.69106000000000 0.40091536190650 -0.37752154570779 1.37109419248611 -0.04394343677472
1.69377000000000 0.40462222158912 -0.37763237200152 1.36460746443320 -0.03786236352603
1.69648000000000 0.40831155400735 -0.37772683980295 1.35815885742303 -0.03187040150271
1.69919000000000 0.41198346199115 -0.37780518800164 1.35174801863343 -0.02596564012198
1.70190000000000 0.41563804741327 -0.37786765038380 1.34537459452997 -0.02014622331338
1.70461000000000 0.41927541118784 -0.37791445577740 1.33903823122678 -0.01441034760828
1.70732000000000 0.42289565326984 -0.37794582819220 1.33273857481888 -0.00875626030820
1.71003000000000 0.42649887265551 -0.37796198695498 1.32647527168794 -0.00318225772789
1.71274000000000 0.43008516738351 -0.37796314684003 1.32024796878342 0.00231331649007
1.71545000000000 0.43365463453676 -0.37794951819522 1.31405631388074 0.00773207299250
1.71816000000000 0.43720737024508 -0.37792130706375 1.30789995581820 0.01307557826792
1.72087000000000 0.44074346968831 -0.37787871530179 1.30177854471410 0.01834535613675
1.72358000000000 0.44426302710007 -0.37782194069217 1.29569173216540 0.02354288918237
1.72629000000000 0.44776613577203 -0.37775117705424 1.28963917142938 0.02866962012557
1.72900000000000 0.45125288805863 -0.37766661435008 1.28362051758925 0.03372695314511
1.73171000000000 0.45472337538223 -0.37756843878727 1.27763542770513 0.03871625514665
1.73442000000000 0.45817768823866 -0.37745683291818 1.27168356095122 0.04363885698248
1.73713000000000 0.46161591620311 -0.37733197573613 1.26576457874017 0.04849605462411
1.73984000000000 0.46503814793638 -0.37719404276830 1.25987814483567 0.05328911028988
1.74255000000000 0.46844447119136 -0.37704320616583 1.25402392545390 0.05801925352956
1.74526000000000 0.47183497281982 -0.37687963479084 1.24820158935488 0.06268768226781
1.74797000000000 0.47520973877940 -0.37670349430078 1.24241080792413 0.06729556380820
1.75068000000000 0.47856885414087 -0.37651494723013 1.23665125524565 0.07184403579963
1.75339000000000 0.48191240309545 -0.37631415306949 1.23092260816657 0.07633420716670
1.75610000000000 0.48524046896248 -0.37610126834214 1.22522454635424 0.08076715900555
1.75881000000000 0.48855313419703 -0.37587644667838 1.21955675234622 0.08514394544663
1.76152000000000 0.49185048039783 -0.37563983888737 1.21391891159373 0.08946559448591
1.76423000000000 0.49513258831515 -0.37539159302695 1.20831071249894 0.09373310878566
1.76694000000000 0.49839953785886 -0.37513185447117 1.20273184644673 0.09794746644629
1.76965000000000 0.50165140810658 -0.37486076597590 1.19718200783109 0.10210962175026
1.77236000000000 0.50488827731183 -0.37457846774235 1.19166089407678 0.10622050587936
1.77507000000000 0.50811022291228 -0.37428509747876 1.18616820565637 0.11028102760640
1.77778000000000 0.51131732153803 -0.37398079046020 1.18070364610330 0.11429207396230
1.78049000000000 0.51450964901990 -0.37366567958663 1.17526692202090 0.11825451087974
1.78320000000000 0.51768728039779 -0.37333989543922 1.16985774308802 0.12216918381409
1.78591000000000 0.52085028992901 -0.37300356633503 1.16447582206129 0.12603691834279
1.78862000000000 0.52399875109659 -0.37265681838008 1.15912087477434 0.12985852074386
1.79133000000000 0.52713273661763 -0.37229977552092 1.15379262013431 0.13363477855442
1.79404000000000 0.53025231845167 -0.37193255959462 1.14849078011570 0.13736646111009
1.79675000000000 0.53335756780890 -0.37155529037747 1.14321507975188 0.14105432006585
1.79946000000000 0.53644855515852 -0.37116808563215 1.13796524712448 0.14469908989936
1.80217000000000 0.53952535023694 -0.37077106115363 1.13274101335066 0.14830148839711
1.80488000000000 0.54258802205597 -0.37036433081377 1.12754211256869 0.15186221712434
1.80759000000000 0.54563663891106 -0.36994800660466 1.12236828192172 0.15538196187915
1.81030000000000 0.54867126838932 -0.36952219868074 1.11721926154014 0.15886139313158
1.81301000000000 0.55169197737769 -0.36908701539977 1.11209479452246 0.16230116644811
1.81572000000000 0.55469883207086 -0.36864256336267 1.10699462691494 0.16570192290221
1.81843000000000 0.55769189797932 -0.36818894745223 1.10191850769008 0.16906428947141
1.82114000000000 0.56067123993718 -0.36772627087080 1.09686618872405 0.17238887942146
1.82385000000000 0.56363692211007 -0.36725463517695 1.09183742477321 0.17567629267803
1.82656000000000 0.56658900800288 -0.36677414032111 1.08683197344972 0.17892711618639
1.82927000000000 0.56952756046746 -0.36628488468030 1.08184959519645 0.18214192425960
1.83198000000000 0.57245264171028 -0.36578696509187 1.07689005326120 0.18532127891556
1.83469000000000 0.57536431329997 -0.36528047688642 1.07195311367028 0.18846573020333
1.83740000000000 0.57826263617486 -0.36476551391976 1.06703854520161 0.19157581651917
1.84011000000000 0.58114767065032 -0.36424216860410 1.06214611935734 0.19465206491261
1.84282000000000 0.58401947642619 -0.36371053193838 1.05727561033606 0.19769499138299
1.84553000000000 0.58687811259399 -0.36317069353785 1.05242679500468 0.20070510116673
1.84824000000000 0.58972363764414 -0.36262274166281 1.04759945286998 0.20368288901569
1.85095000000000 0.59255610947308 -0.36206676324673 1.04279336605001 0.20662883946698
1.85366000000000 0.59537558539029 -0.36150284392349 1.03800831924516 0.20954342710448
1.85637000000000 0.59818212212523 -0.36093106805406 1.03324409970921 0.21242711681238
1.85908000000000 0.60097577583430 -0.36035151875246 1.02850049722017 0.21528036402102
1.86179000000000 0.60375660210753 -0.35976427791103 1.02377730405111 0.21810361494528
1.86450000000000 0.60652465597540 -0.35916942622507 1.01907431494089 0.22089730681582
1.86721000000000 0.60927999191542 -0.35856704321693 1.01439132706492 0.22366186810338
1.86992000000000 0.61202266385872 -0.35795720725943 1.00972814000591 0.22639771873643
1.87263000000000 0.61475272519653 -0.35733999559871 1.00508455572469 0.22910527031231
1.87534000000000 0.61747022878659 -0.35671548437656 1.00046037853107 0.23178492630221
1.87805000000000 0.62017522695947 -0.35608374865213 0.99585541505481 0.23443708225005
1.88076000000000 0.62286777152480 -0.35544486242317 0.99126947421671 0.23706212596561
1.88347000000000 0.62554791377748 -0.35479889864675 0.98670236719978 0.23966043771201
1.88618000000000 0.62821570450374 -0.35414592925945 0.98215390742066 0.24223239038778
1.88889000000000 0.63087119398717 -0.35348602519706 0.97762391050105 0.24477834970365
1.89160000000000 0.63351443201464 -0.35281925641385 0.97311219423950 0.24729867435431
1.89431000000000 0.63614546788219 -0.35214569190135 0.96861857858326 0.24979371618522
1.89702000000000 0.63876435040079 -0.35146539970667 0.96414288560037 0.25226382035471
1.89973000000000 0.64137112790205 -0.35077844695045 0.95968493945200 0.25470932549151
1.90244000000000 0.64396584824387 -0.35008489984432 0.95524456636499 0.25713056384778
1.90515000000000 0.64654855881600 -0.34938482370795 0.95082159460461 0.25952786144789
1.90786000000000 0.64911930654552 -0.34867828298580 0.94641585444757 0.26190153823308
1.91057000000000 0.65167813790223 -0.34796534126335 0.94202717815534 0.26425190820202
1.91328000000000 0.65422509890406 -0.34724606128304 0.93765539994764 0.26657927954757
1.91599000000000 0.65676023512227 -0.34652050495986 0.93330035597623 0.26888395478969
1.91870000000000 0.65928359168669 -0.34578873339646 0.92896188429899 0.27116623090477
1.92141000000000 0.66179521329085 -0.34505080689810 0.92463982485424 0.27342639945142
1.92412000000000 0.66429514419703 -0.34430678498709 0.92033401943537 0.27566474669281
1.92683000000000 0.66678342824123 -0.34355672641704 0.91604431166568 0.27788155371572
1.92954000000000 0.66926010883816 -0.34280068918666 0.91177054697363 0.28007709654640
1.93225000000000 0.67172522898605 -0.34203873055339 0.90751257256821 0.28225164626331
1.93496000000000 0.67417883127143 -0.34127090704661 0.90327023741474 0.28440546910682
1.93767000000000 0.67662095787389 -0.34049727448065 0.89904339221088 0.28653882658607
1.94038000000000 0.67905165057076 -0.33971788796742 0.89483188936298 0.28865197558291
1.94309000000000 0.68147095074164 -0.33893280192885 0.89063558296262 0.29074516845318
1.94580000000000 0.68387889937301 -0.33814207010899 0.88645432876358 0.29281865312526
1.94851000000000 0.68627553706264 -0.33734574558592 0.88228798415900 0.29487267319612
1.95122000000000 0.68866090402405 -0.33654388078333 0.87813640815885 0.29690746802482
1.95393000000000 0.69103504009084 -0.33573652748187 0.87399946136772 0.29892327282362
1.95664000000000 0.69339798472098 -0.33492373683032 0.86987700596284 0.30092031874667
1.95935000000000 0.69574977700107 -0.33410555935639 0.86576890567247 0.30289883297654
1.96206000000000 0.69809045565046 -0.33328204497745 0.86167502575448 0.30485903880842
1.96477000000000 0.70042005902541 -0.33245324301089 0.85759523297531 0.30680115573227
1.96748000000000 0.70273862512315 -0.33161920218437 0.85352939558911 0.30872539951279
1.97019000000000 0.70504619158587 -0.33077997064577 0.84947738331728 0.31063198226747
1.97290000000000 0.70734279570464 -0.32993559597300 0.84543906732817 0.31252111254259
1.97561000000000 0.70962847442338 -0.32908612518356 0.84141432021715 0.31439299538740
1.97832000000000 0.71190326434262 -0.32823160474393 0.83740301598689 0.31624783242634
1.98103000000000 0.71416720172335 -0.32737208057875 0.83340503002798 0.31808582192959
1.98374000000000 0.71642032249071 -0.32650759807980 0.82942023909973 0.31990715888175
1.98645000000000 0.71866266223770 -0.32563820211485 0.82544852131132 0.32171203504896
1.98916000000000 0.72089425622879 -0.32476393703626 0.82148975610320 0.32350063904425
1.99187000000000 0.72311513940354 -0.32388484668946 0.81754382422868 0.32527315639134
1.99458000000000 0.72532534638010 -0.32300097442122 0.81361060773590 0.32702976958693
1.99729000000000 0.72752491145870 -0.32211236308776 0.80968998994996 0.32877065816139
2.00000000000000 0.72971386862510 -0.32121905506277 0.80578185545535 0.33049599873809
2.00271000000000 0.73189225155397 -0.32032109224512 0.80188609007859 0.33220596509117
2.00542000000000 0.73406009361223 -0.31941851606657 0.79800258087120 0.33390072820207
2.00813000000000 0.73621742786236 -0.31851136749925 0.79413121609282 0.33558045631460
2.01084000000000 0.73836428706562 -0.31759968706299 0.79027188519466 0.33724531498873
2.01355000000000 0.74050070368531 -0.31668351483253 0.78642447880311 0.33889546715315
2.01626000000000 0.74262670988989 -0.31576289044458 0.78258888870362 0.34053107315654
2.01897000000000 0.74474233755610 -0.31483785310475 0.77876500782488 0.34215229081763
2.02168000000000 0.74684761827206 -0.31390844159433 0.77495273022309 0.34375927547413
2.02439000000000 0.74894258334029 -0.31297469427695 0.77115195106659 0.34535218003049
2.02710000000000 0.75102726378072 -0.31203664910514 0.76736256662066 0.34693115500454
2.02981000000000 0.75310169033361 -0.31109434362667 0.76358447423252 0.34849634857310
2.03252000000000 0.75516589346248 -0.31014781499090 0.75981757231659 0.35004790661646
2.03523000000000 0.75721990335700 -0.30919709995492 0.75606176033996 0.35158597276191
2.03794000000000 0.75926374993580 -0.30824223488957 0.75231693880803 0.35311068842623
2.04065000000000 0.76129746284926 -0.30728325578543 0.74858300925044 0.35462219285723
2.04336000000000 0.76332107148229 -0.30632019825859 0.74485987420714 0.35612062317434
2.04607000000000 0.76533460495704 -0.30535309755639 0.74114743721466 0.35760611440830
2.04878000000000 0.76733809213556 -0.30438198856304 0.73744560279266 0.35907879953990
2.05149000000000 0.76933156162250 -0.30340690580509 0.73375427643057 0.36053880953793
2.05420000000000 0.77131504176764 -0.30242788345685 0.73007336457452 0.36198627339618
2.05691000000000 0.77328856066856 -0.30144495534570 0.72640277461441 0.36342131816973
2.05962000000000 0.77525214617310 -0.30045815495730 0.72274241487120 0.36484406901034
2.06233000000000 0.77720582588190 -0.29946751544065 0.71909219458433 0.36625464920112
2.06504000000000 0.77914962715088 -0.29847306961320 0.71545202389941 0.36765318019035
2.06775000000000 0.78108357709367 -0.29747484996567 0.71182181385603 0.36903978162467
2.07046000000000 0.78300770258400 -0.29647288866699 0.70820147637577 0.37041457138145
2.07317000000000 0.78492203025811 -0.29546721756898 0.70459092425035 0.37177766560051
2.07588000000000 0.78682658651706 -0.29445786821103 0.70099007113006 0.37312917871510
2.07859000000000 0.78872139752906 -0.29344487182473 0.69739883151220 0.37446922348227
2.08130000000000 0.79060648923173 -0.29242825933831 0.69381712072986 0.37579791101252
2.08401000000000 0.79248188733437 -0.29140806138109 0.69024485494069 0.37711535079885
2.08672000000000 0.79434761732019 -0.29038430828783 0.68668195111602 0.37842165074519
2.08943000000000 0.79620370444845 -0.28935703010300 0.68312832702997 0.37971691719418
2.09214000000000 0.79805017375667 -0.28832625658495 0.67958390124883 0.38100125495444
2.09485000000000 0.79988705006277 -0.28729201721007 0.67604859312055 0.38227476732715
2.09756000000000 0.80171435796710 -0.28625434117679 0.67252232276439 0.38353755613216
2.10027000000000 0.80353212185462 -0.28521325740961 0.66900501106075 0.38478972173353
2.10298000000000 0.80534036589686 -0.28416879456298 0.66549657964106 0.38603136306446
2.10569000000000 0.80713911405399 -0.28312098102515 0.66199695087794 0.38726257765183
2.10840000000000 0.80892839007680 -0.28206984492195 0.65850604787543 0.38848346164010
2.11111000000000 0.81070821750869 -0.28101541412051 0.65502379445935 0.38969410981480
2.11382000000000 0.81247861968757 -0.27995771623291 0.65155011516784 0.39089461562549
2.11653000000000 0.81423961974782 -0.27889677861977 0.64808493524200 0.39208507120823
2.11924000000000 0.81599124062216 -0.27783262839375 0.64462818061675 0.39326556740765
2.12195000000000 0.81773350504352 -0.27676529242309 0.64117977791166 0.39443619379852
2.12466000000000 0.81946643554691 -0.27569479733494 0.63773965442210 0.39559703870686
2.12737000000000 0.82119005447118 -0.27462116951877 0.63430773811037 0.39674818923070
2.13008000000000 0.82290438396087 -0.27354443512968 0.63088395759705 0.39788973126030
2.13279000000000 0.82460944596798 -0.27246462009157 0.62746824215243 0.39902174949808
2.13550000000000 0.82630526225368 -0.27138175010044 0.62406052168803 0.40014432747806
2.13821000000000 0.82799185439007 -0.27029585062744 0.62066072674838 0.40125754758496
2.14092000000000 0.82966924376188 -0.26920694692199 0.61726878850272 0.40236149107286
2.14363000000000 0.83133745156812 -0.26811506401485 0.61388463873698 0.40345623808359
2.14634000000000 0.83299649882381 -0.26702022672107 0.61050820984580 0.40454186766462
2.14905000000000 0.83464640636154 -0.26592245964294 0.60713943482466 0.40561845778670
2.15176000000000 0.83628719483314 -0.26482178717289 0.60377824726218 0.40668608536108
2.15447000000000 0.83791888471126 -0.26371823349635 0.60042458133243 0.40774482625646
2.15718000000000 0.83954149629093 -0.26261182259452 0.59707837178747 0.40879475531555
2.15989000000000 0.84115504969116 -0.26150257824716 0.59373955394988 0.40983594637129
2.16260000000000 0.84275956485643 -0.26039052403529 0.59040806370548 0.41086847226282
2.16531000000000 0.84435506155824 -0.25927568334388 0.58708383749610 0.41189240485111
2.16802000000000 0.84594155939657 -0.25815807936444 0.58376681231248 0.41290781503423
2.17073000000000 0.84751907780141 -0.25703773509766 0.58045692568726 0.41391477276241
2.17344000000000 0.84908763603417 -0.25591467335590 0.57715411568807 0.41491334705276
2.17615000000000 0.85064725318914 -0.25478891676577 0.57385832091070 0.41590360600371
2.17886000000000 0.85219794819494 -0.25366048777054 0.57056948047242 0.41688561680918
2.18157000000000 0.85373973981586 -0.25252940863260 0.56728753400528 0.41785944577246
2.18428000000000 0.85527264665330 -0.25139570143584 0.56401242164966 0.41882515831988
2.18699000000000 0.85679668714714 -0.25025938808803 0.56074408404776 0.41978281901414
2.18970000000000 0.85831187957704 -0.24912049032314 0.55748246233727 0.42073249156742
2.19241000000000 0.85981824206383 -0.24797902970360 0.55422749814510 0.42167423885429
2.19512000000000 0.86131579257079 -0.24683502762257 0.55097913358120 0.42260812292431
2.19783000000000 0.86280454890500 -0.24568850530617 0.54773731123243 0.42353420501437
2.20054000000000 0.86428452871854 -0.24453948381566 0.54450197415660 0.42445254556093
2.20325000000000 0.86575574950984 -0.24338798404957 0.54127306587650 0.42536320421188
2.20596000000000 0.86721822862491 -0.24223402674586 0.53805053037404 0.42626623983825
2.20867000000000 0.86867198325853 -0.24107763248398 0.53483431208452 0.42716171054570
2.21138000000000 0.87011703045554 -0.23991882168694 0.53162435589088 0.42804967368581
2.21409000000000 0.87155338711199 -0.23875761462332 0.52842060711813 0.42893018586709
2.21680000000000 0.87298106997639 -0.23759403140933 0.52522301152776 0.42980330296589
2.21951000000000 0.87440009565080 -0.23642809201068 0.52203151531232 0.43066908013700
2.22222000000000 0.87581048059208 -0.23525981624463 0.51884606509001 0.43152757182416
2.22493000000000 0.87721224111298 -0.23408922378179 0.51566660789931 0.43237883177030
2.22764000000000 0.87860539338329 -0.23291633414813 0.51249309119382 0.43322291302760
2.23035000000000 0.87998995343095 -0.23174116672673 0.50932546283698 0.43405986796743
2.23306000000000 0.88136593714316 -0.23056374075966 0.50616367109703 0.43488974829003
2.23577000000000 0.88273336026750 -0.22938407534980 0.50300766464193 0.43571260503406
2.23848000000000 0.88409223841292 -0.22820218946259 0.49985739253438 0.43652848858596
2.24119000000000 0.88544258705092 -0.22701810192779 0.49671280422691 0.43733744868913
2.24390000000000 0.88678442151650 -0.22583183144122 0.49357384955705 0.43813953445300
2.24661000000000 0.88811775700924 -0.22464339656647 0.49044047874250 0.43893479436187
2.24932000000000 0.88944260859434 -0.22345281573658 0.48731264237645 0.43972327628359
2.25203000000000 0.89075899120359 -0.22226010725568 0.48419029142290 0.44050502747817
2.25474000000000 0.89206691963640 -0.22106528930063 0.48107337721203 0.44128009460615
2.25745000000000 0.89336640856077 -0.21986837992268 0.47796185143573 0.44204852373682
2.26016000000000 0.89465747251429 -0.21866939704899 0.47485566614302 0.44281036035638
2.26287000000000 0.89594012590505 -0.21746835848425 0.47175477373570 0.44356564937586
2.26558000000000 0.89721438301265 -0.21626528191221 0.46865912696396 0.44431443513893
2.26829000000000 0.89848025798910 -0.21506018489720 0.46556867892203 0.44505676142960
2.27100000000000 0.89973776485975 -0.21385308488565 0.46248338304397 0.44579267147978
2.27371000000000 0.90098691752422 -0.21264399920758 0.45940319309943 0.44652220797664
2.27642000000000 0.90222772975730 -0.21143294507806 0.45632806318951 0.44724541306994
2.27913000000000 0.90346021520982 -0.21021993959863 0.45325794774268 0.44796232837914
2.28184000000000 0.90468438740958 -0.20900499975878 0.45019280151068 0.44867299500048
2.28455000000000 0.90590025976217 -0.20778814243731 0.44713257956459 0.44937745351384
2.28726000000000 0.90710784555186 -0.20656938440375 0.44407723729080 0.45007574398953
2.28997000000000 0.90830715794243 -0.20534874231973 0.44102673038720 0.45076790599501
2.29268000000000 0.90949820997802 -0.20412623274031 0.43798101485926 0.45145397860134
2.29539000000000 0.91068101458397 -0.20290187211535 0.43494004701626 0.45213400038974
2.29810000000000 0.91185558456763 -0.20167567679080 0.43190378346753 0.45280800945781
2.30081000000000 0.91302193261913 -0.20044766301001 0.42887218111872 0.45347604342582
2.30352000000000 0.91418007131225 -0.19921784691504 0.42584519716818 0.45413813944279
2.30623000000000 0.91533001310515 -0.19798624454788 0.42282278910329 0.45479433419249
2.30894000000000 0.91647177034118 -0.19675287185175 0.41980491469691 0.45544466389935
2.31165000000000 0.91760535524962 -0.19551774467231 0.41679153200384 0.45608916433429
2.31436000000000 0.91873077994648 -0.19428087875890 0.41378259935733 0.45672787082037
2.31707000000000 0.91984805643520 -0.19304228976573 0.41077807536565 0.45736081823843
2.31978000000000 0.92095719660745 -0.19180199325306 0.40777791890864 0.45798804103259
2.32249000000000 0.92205821224380 -0.19056000468842 0.40478208913439 0.45860957321568
2.32520000000000 0.92315111501448 -0.18931633944772 0.40179054545589 0.45922544837452
2.32791000000000 0.92423591648009 -0.18807101281643 0.39880324754773 0.45983569967522
2.33062000000000 0.92531262809230 -0.18682403999071 0.39582015534288 0.46044035986827
2.33333000000000 0.92638126119453 -0.18557543607852 0.39284122902946 0.46103946129360
2.33604000000000 0.92744182702268 -0.18432521610072 0.38986642904758 0.46163303588560
2.33875000000000 0.92849433670574 -0.18307339499218 0.38689571608620 0.46222111517796
2.34146000000000 0.92953880126655 -0.18181998760287 0.38392905108000 0.46280373030848
2.34417000000000 0.93057523162238 -0.18056500869887 0.38096639520639 0.46338091202382
2.34688000000000 0.93160363858561 -0.17930847296349 0.37800770988240 0.46395269068415
2.34959000000000 0.93262403286441 -0.17805039499826 0.37505295676172 0.46451909626767
2.35230000000000 0.93363642506333 -0.17679078932402 0.37210209773177 0.46508015837514
2.35501000000000 0.93464082568396 -0.17552967038186 0.36915509491071 0.46563590623429
2.35772000000000 0.93563724512552 -0.17426705253417 0.36621191064460 0.46618636870416
2.36043000000000 0.93662569368552 -0.17300295006565 0.36327250750453 0.46673157427937
2.36314000000000 0.93760618156032 -0.17173737718424 0.36033684828377 0.46727155109429
2.36585000000000 0.93857871884575 -0.17047034802214 0.35740489599498 0.46780632692723
2.36856000000000 0.93954331553771 -0.16920187663674 0.35447661386747 0.46833592920443
2.37127000000000 0.94049998153273 -0.16793197701158 0.35155196534442 0.46886038500410
2.37398000000000 0.94144872662856 -0.16666066305728 0.34863091408022 0.46937972106031
2.37669000000000 0.94238956052475 -0.16538794861248 0.34571342393775 0.46989396376689
2.37940000000000 0.94332249282318 -0.16411384744475 0.34279945898580 0.47040313918118
2.38211000000000 0.94424753302864 -0.16283837325149 0.33988898349636 0.47090727302778
2.38482000000000 0.94516469054937 -0.16156153966083 0.33698196194210 0.47140639070224
2.38753000000000 0.94607397469761 -0.16028336023254 0.33407835899380 0.47190051727464
2.39024000000000 0.94697539469010 -0.15900384845886 0.33117813951779 0.47238967749315
2.39295000000000 0.94786895964865 -0.15772301776541 0.32828126857346 0.47287389578751
2.39566000000000 0.94875467860064 -0.15644088151205 0.32538771141078 0.47335319627248
2.39837000000000 0.94963256047952 -0.15515745299367 0.32249743346782 0.47382760275122
2.40108000000000 0.95050261412533 -0.15387274544110 0.31961040036837 0.47429713871857
2.40379000000000 0.95136484828521 -0.15258677202192 0.31672657791949 0.47476182736435
2.40650000000000 0.95221927161389 -0.15129954584126 0.31384593210915 0.47522169157654
2.40921000000000 0.95306589267414 -0.15001107994263 0.31096842910389 0.47567675394448
2.41192000000000 0.95390471993732 -0.14872138730873 0.30809403524646 0.47612703676193
2.41463000000000 0.95473576178378 -0.14743048086223 0.30522271705352 0.47657256203015
2.41734000000000 0.95555902650338 -0.14613837346659 0.30235444121338 0.47701335146086
2.42005000000000 0.95637452229594 -0.14484507792681 0.29948917458371 0.47744942647925
2.42276000000000 0.95718225727169 -0.14355060699020 0.29662688418934 0.47788080822684
2.42547000000000 0.95798223945170 -0.14225497334717 0.29376753721999 0.47830751756435
2.42818000000000 0.95877447676837 -0.14095818963199 0.29091110102812 0.47872957507451
2.43089000000000 0.95955897706584 -0.13966026842349 0.28805754312677 0.47914700106478
2.43360000000000 0.96033574810042 -0.13836122224586 0.28520683118733 0.47955981557012
2.43631000000000 0.96110479754101 -0.13706106356936 0.28235893303753 0.47996803835563
2.43902000000000 0.96186613296957 -0.13575980481105 0.27951381665920 0.48037168891916
2.44173000000000 0.96261976188145 -0.13445745833550 0.27667145018630 0.48077078649392
2.44444000000000 0.96336569168588 -0.13315403645552 0.27383180190276 0.48116535005097
2.44715000000000 0.96410392970633 -0.13184955143287 0.27099484024050 0.48155539830178
2.44986000000000 0.96483448318092 -0.13054401547893 0.26816053377733 0.48194094970061
2.45257000000000 0.96555735926281 -0.12923744075543 0.26532885123500 0.48232202244696
2.45528000000000 0.96627256502059 -0.12792983937512 0.26249976147717 0.48269863448794
2.45799000000000 0.96698010743866 -0.12662122340246 0.25967323350746 0.48307080352056
2.46070000000000 0.96767999341760 -0.12531160485427 0.25684923646747 0.48343854699408
2.46341000000000 0.96837222977458 -0.12400099570043 0.25402773963485 0.48380188211220
2.46612000000000 0.96905682324365 -0.12268940786451 0.25120871242138 0.48416082583531
2.46883000000000 0.96973378047617 -0.12137685322448 0.24839212437108 0.48451539488267
2.47154000000000 0.97040310804114 -0.12006334361328 0.24557794515830 0.48486560573448
2.47425000000000 0.97106481242556 -0.11874889081956 0.24276614458584 0.48521147463408
2.47696000000000 0.97171890003475 -0.11743350658821 0.23995669258314 0.48555301758992
2.47967000000000 0.97236537719271 -0.11611720262112 0.23714955920439 0.48589025037766
2.48238000000000 0.97300425014247 -0.11479999057768 0.23434471462676 0.48622318854211
2.48509000000000 0.97363552504640 -0.11348188207550 0.23154212914852 0.48655184739922
2.48780000000000 0.97425920798653 -0.11216288869099 0.22874177318734 0.48687624203798
2.49051000000000 0.97487530496489 -0.11084302195997 0.22594361727842 0.48719638732235
2.49322000000000 0.97548382190381 -0.10952229337826 0.22314763207281 0.48751229789306
2.49593000000000 0.97608476464626 -0.10820071440234 0.22035378833560 0.48782398816948
2.49864000000000 0.97667813895610 -0.10687829644988 0.21756205694421 0.48813147235138
2.50135000000000 0.97726395051846 -0.10555505090040 0.21477240888668 0.48843476442071
2.50406000000000 0.97784220493996 -0.10423098909578 0.21198481525995 0.48873387814334
2.50677000000000 0.97841290774907 -0.10290612234092 0.20919924726816 0.48902882707071
2.50948000000000 0.97897606439634 -0.10158046190427 0.20641567622100 0.48931962454153
2.51219000000000 0.97953168025472 -0.10025401901841 0.20363407353202 0.48960628368343
2.51490000000000 0.98007976061983 -0.09892680488064 0.20085441071697 0.48988881741453
2.51761000000000 0.98062031071025 -0.09759883065354 0.19807665939217 0.49016723844502
2.52032000000000 0.98115333566775 -0.09627010746551 0.19530079127291 0.49044155927875
2.52303000000000 0.98167884055758 -0.09494064641136 0.19252677817176 0.49071179221469
2.52574000000000 0.98219683036876 -0.09361045855282 0.18975459199705 0.49097794934848
2.52845000000000 0.98270731001429 -0.09227955491914 0.18698420475122 0.49124004257382
2.53116000000000 0.98321028433142 -0.09094794650760 0.18421558852926 0.49149808358398
2.53387000000000 0.98370575808192 -0.08961564428406 0.18144871551711 0.49175208387315
2.53658000000000 0.98419373595227 -0.08828265918350 0.17868355799017 0.49200205473785
2.53929000000000 0.98467422255398 -0.08694900211056 0.17592008831167 0.49224800727827
2.54200000000000 0.98514722242375 -0.08561468394004 0.17315827893118 0.49248995239961
2.54471000000000 0.98561274002374 -0.08427971551749 0.17039810238307 0.49272790081337
2.54742000000000 0.98607077974180 -0.08294410765965 0.16763953128501 0.49296186303862
2.55013000000000 0.98652134589168 -0.08160787115504 0.16488253833642 0.49319184940325
2.55284000000000 0.98696444271325 -0.08027101676444 0.16212709631701 0.49341787004522
2.55555000000000 0.98740007437274 -0.07893355522141 0.15937317808527 0.49363993491373
2.55826000000000 0.98782824496291 -0.07759549723282 0.15662075657703 0.49385805377039
2.56097000000000 0.98824895850328 -0.07625685347930 0.15386980480394 0.49407223619041
2.56368000000000 0.98866221894034 -0.07491763461583 0.15112029585202 0.49428249156367
2.56639000000000 0.98906803014775 -0.07357785127215 0.14837220288025 0.49448882909588
2.56910000000000 0.98946639592651 -0.07223751405334 0.14562549911908 0.49469125780962
2.57181000000000 0.98985732000519 -0.07089663354024 0.14288015786901 0.49488978654539
2.57452000000000 0.99024080604008 -0.06955522029001 0.14013615249918 0.49508442396269
2.57723000000000 0.99061685761540 -0.06821328483657 0.13739345644593 0.49527517854095
2.57994000000000 0.99098547824348 -0.06687083769109 0.13465204321140 0.49546205858062
2.58265000000000 0.99134667136491 -0.06552788934252 0.13191188636213 0.49564507220402
2.58536000000000 0.99170044034875 -0.06418445025801 0.12917295952764 0.49582422735637
2.58807000000000 0.99204678849266 -0.06284053088344 0.12643523639911 0.49599953180668
2.59078000000000 0.99238571902311 -0.06149614164385 0.12369869072790 0.49617099314863
2.59349000000000 0.99271723509549 -0.06015129294396 0.12096329632428 0.49633861880147
2.59620000000000 0.99304133979431 -0.05880599516861 0.11822902705598 0.49650241601086
2.59891000000000 0.99335803613334 -0.05746025868323 0.11549585684687 0.49666239184971
2.60162000000000 0.99366732705575 -0.05611409383433 0.11276375967563 0.49681855321900
2.60433000000000 0.99396921543427 -0.05476751094994 0.11003270957434 0.49697090684855
2.60704000000000 0.99426370407133 -0.05342052034009 0.10730268062721 0.49711945929782
2.60975000000000 0.99455079569919 -0.05207313229727 0.10457364696917 0.49726421695662
2.61246000000000 0.99483049298008 -0.05072535709686 0.10184558278462 0.49740518604590
2.61517000000000 0.99510279850635 -0.04937720499763 0.09911846230605 0.49754237261838
2.61788000000000 0.99536771480058 -0.04802868624217 0.09639225981275 0.49767578255932
2.62059000000000 0.99562524431569 -0.04667981105735 0.09366694962950 0.49780542158712
2.62330000000000 0.99587538943512 -0.04533058965475 0.09094250612524 0.49793129525403
2.62601000000000 0.99611815247286 -0.04398103223114 0.08821890371179 0.49805340894674
2.62872000000000 0.99635353567365 -0.04263114896894 0.08549611684255 0.49817176788699
2.63143000000000 0.99658154121303 -0.04128095003659 0.08277412001120 0.49828637713220
2.63414000000000 0.99680217119750 -0.03993044558910 0.08005288775043 0.49839724157601
2.63685000000000 0.99701542766456 -0.03857964576839 0.07733239463065 0.49850436594881
2.63956000000000 0.99722131258286 -0.03722856070383 0.07461261525869 0.49860775481835
2.64227000000000 0.99741982785230 -0.03587720051260 0.07189352427655 0.49870741259017
2.64498000000000 0.99761097530408 -0.03452557530016 0.06917509636014 0.49880334350815
2.64769000000000 0.99779475670083 -0.03317369516071 0.06645730621799 0.49889555165497
2.65040000000000 0.99797117373669 -0.03182157017757 0.06374012859000 0.49898404095258
2.65311000000000 0.99814022803736 -0.03046921042368 0.06102353824617 0.49906881516262
2.65582000000000 0.99830192116023 -0.02911662596199 0.05830750998536 0.49914987788687
2.65853000000000 0.99845625459443 -0.02776382684591 0.05559201863404 0.49922723256762
2.66124000000000 0.99860322976090 -0.02641082311972 0.05287703904501 0.49930088248808
2.66395000000000 0.99874284801247 -0.02505762481904 0.05016254609621 0.49937083077275
2.66666000000000 0.99887511063391 -0.02370424197123 0.04744851468941 0.49943708038776
2.66937000000000 0.99900001884202 -0.02235068459582 0.04473491974904 0.49949963414121
2.67208000000000 0.99911757378566 -0.02099696270495 0.04202173622088 0.49955849468345
2.67479000000000 0.99922777654584 -0.01964308630379 0.03930893907089 0.49961366450745
2.67750000000000 0.99933062813575 -0.01828906539096 0.03659650328393 0.49966514594898
2.68021000000000 0.99942612950079 -0.01693490995897 0.03388440386257 0.49971294118697
2.68292000000000 0.99951428151866 -0.01558062999465 0.03117261582582 0.49975705224368
2.68563000000000 0.99959508499938 -0.01422623547953 0.02846111420793 0.49979748098497
2.68834000000000 0.99966854068534 -0.01287173639032 0.02574987405717 0.49983422912046
2.69105000000000 0.99973464925131 -0.01151714269930 0.02303887043457 0.49986729820378
2.69376000000000 0.99979341130450 -0.01016246437475 0.02032807841275 0.49989668963270
2.69647000000000 0.99984482738458 -0.00880771138138 0.01761747307466 0.49992240464930
2.69918000000000 0.99988889796373 -0.00745289368074 0.01490702951236 0.49994444434012
2.70189000000000 0.99992562344659 -0.00609802123165 0.01219672282584 0.49996280963624
2.70460000000000 0.99995500417039 -0.00474310399060 0.00948652812175 0.49997750131344
2.70731000000000 0.99997704040485 -0.00338815191222 0.00677642051224 0.49998851999226
2.71002000000000 0.99999173235230 -0.00203317494963 0.00406637511369 0.49999586613803
2.71273000000000 0.99999908014761 -0.00067818305493 0.00135636704554 0.49999954006100
2.71409000000000 1.00000000000627 0.00000181537711 -0.00000363075429 0.49999999999065
