 t x y z vx vy vz
   0.0000000000000000000000000 1.0000000000000000000000000 0.0000000000000000000000000 0.0000000000000000000000000 0.0000000000000000000000000 0.5000000000000000000000000 0.0000000000000000000000000
   0.0200301176463675428992696 0.9997993888091920928898652 0.0100143890629589198657939 0.0000000000000000000000000 -0.0200317920713344876433826 0.4998996793106083671551068 0.0000000000000000000000000
   0.0400602352927350857985392 0.9991974545883255411470623 0.0200247577093304102444495 0.0000000000000000000000000 -0.0400736360915507600776196 0.4995984856193828826423495 0.0000000000000000000000000
   0.0600903529391026286978089 0.9981938951231586775650854 0.0300270762342454367031004 0.0000000000000000000000000 -0.0601356108659152821369973 0.4990957226475633659836339 0.0000000000000000000000000
   0.0801204705854701715970785 0.9967882058255205069804714 0.0400172962996903959816514 0.0000000000000000000000000 -0.0802278490794631483178298 0.4983902252151802414827827 0.0000000000000000000000000
   0.1001505882318377144963481 0.9949796783807918346396236 0.0499913414758221292501137 0.0000000000000000000000000 -0.1003605646561788583963984 0.4974803521104597576685805 0.0000000000000000000000000
   0.1201807058782052573956177 0.9927673988425804350225897 0.0599450976098953354539250 0.0000000000000000000000000 -0.1205440806264377779830517 0.4963639759907923422466733 0.0000000000000000000000000
   0.1402108235245728002948873 0.9901502451626377982676612 0.0698744029622150636055275 0.0000000000000000000000000 -0.1407888576807245124472042 0.4950384701964267129391717 0.0000000000000000000000000
   0.1602409411709403431941570 0.9871268841404271504485516 0.0797750380457724251348042 0.0000000000000000000000000 -0.1611055235951899247236840 0.4935006923202469224914371 0.0000000000000000000000000
   0.1802710588173078860934266 0.9836957677729425413626518 0.0896427151026807979717238 0.0000000000000000000000000 -0.1815049037242665549833050 0.4917469643361469139166122 0.0000000000000000000000000
   0.2003011764636754289926962 0.9798551289813529988269569 0.0994730671461334443646327 0.0000000000000000000000000 -0.2019980527674902601274183 0.4897730490437906544384253 0.0000000000000000000000000
   0.2203312941100429718919658 0.9756029766867566977946902 0.1092616364912644362185079 0.0000000000000000000000000 -0.2225962880320699010540351 0.4875741225379752722751226 0.0000000000000000000000000
   0.2403614117564105147912354 0.9709370902027260804731455 0.1190038626919052539246772 0.0000000000000000000000000 -0.2433112244298451734680550 0.4851447423552953103756267 0.0000000000000000000000000
   0.2603915294027780576905050 0.9658550129073489472990674 0.1286950697926577058333487 0.0000000000000000000000000 -0.2641548114673607152079026 0.4824788108880525969266538 0.0000000000000000000000000
   0.2804216470491456005897747 0.9603540451520595368757666 0.1383304527967902848558924 0.0000000000000000000000000 -0.2851393725112008610168974 0.4795695335838570400974820 0.0000000000000000000000000
   0.3004517646955131434890443 0.9544312363586369807768737 0.1479050632400171402218948 0.0000000000000000000000000 -0.3062776466378718928940876 0.4764093713673275832061743 0.0000000000000000000000000
   0.3204818823418806863883139 0.9480833762492470782082473 0.1574137937480046689033400 0.0000000000000000000000000 -0.3275828334088527130409135 0.4729899866255912914426199 0.0000000000000000000000000
   0.3405119999882482292875835 0.9413069851472278397187856 0.1668513614411915116665968 0.0000000000000000000000000 -0.3490686409475020136373161 0.4693021819893236843272449 0.0000000000000000000000000
   0.3605421176346157721868531 0.9340983032783687632579272 0.1762122900338680645540040 0.0000000000000000000000000 -0.3707493377359376347107460 0.4653358310127728595402869 0.0000000000000000000000000
   0.3805722352809833150861228 0.9264532789935938778074166 0.1854908904550375388034224 0.0000000000000000000000000 -0.3926398085975160099308891 0.4610797997057978190068458 0.0000000000000000000000000
   0.4006023529273508579853924 0.9183675558240991989371016 0.1946812397958847587630904 0.0000000000000000000000000 -0.4147556153849687511279622 0.4565218576938341726243351 0.0000000000000000000000000
   0.4206324705737184008846620 0.9098364582689685118494522 0.2037771583621219268386839 0.0000000000000000000000000 -0.4371130629565518786406250 0.4516485775722490807805895 0.0000000000000000000000000
   0.4406625882200859437839316 0.9008549762029290827684235 0.2127721845783478839329564 0.0000000000000000000000000 -0.4597292710938146065021562 0.4464452207728328954163550 0.0000000000000000000000000
   0.4606927058664534866832012 0.8914177477780196495216091 0.2216595474549797683375652 0.0000000000000000000000000 -0.4826222530960232809340695 0.4408956079636298243075867 0.0000000000000000000000000
   0.4807228235128210295824709 0.8815190406773095243332558 0.2304321362852326797631953 0.0000000000000000000000000 -0.5058110018792525346611638 0.4349819716482922974753390 0.0000000000000000000000000
   0.5007529411591885724817405 0.8711527315611836165045131 0.2390824671887347416256764 0.0000000000000000000000000 -0.5293155845141946615545008 0.4286847882043747075768921 0.0000000000000000000000000
   0.5207830588055561153810101 0.8603122835268157336010521 0.2476026460580742524006805 0.0000000000000000000000000 -0.5531572462574839547341295 0.4219825860848144146009529 0.0000000000000000000000000
   0.5408131764519236582802797 0.8489907213789797696819314 0.2559843273929099162992353 0.0000000000000000000000000 -0.5773585252685237352992575 0.4148517262823097630607789 0.0000000000000000000000000
   0.5608432940982912011795493 0.8371806044849482357307714 0.2642186684207883877548231 0.0000000000000000000000000 -0.6019433793592035824527593 0.4072661503958452520943587 0.0000000000000000000000000
   0.5808734117446587440788189 0.8248739969575183132122611 0.2722962778014583575113809 0.0000000000000000000000000 -0.6269373262991695058729551 0.3991970907084436940793372 0.0000000000000000000000000
   0.6009035293910262869780886 0.8120624348777747058662470 0.2802071580884328133763421 0.0000000000000000000000000 -0.6523675993958253529866867 0.3906127355421123046294513 0.0000000000000000000000000
   0.6209336470373938298773582 0.7987368902326118446926027 0.2879406409730322256133513 0.0000000000000000000000000 -0.6782633202867291096772926 0.3814778417442712451875145 0.0000000000000000000000000
   0.6409637646837613727766278 0.7848877312008572674125771 0.2954853141560722171975204 0.0000000000000000000000000 -0.7046556911220640007485078 0.3717532844077264110117742 0.0000000000000000000000000
   0.6609938823301289156758974 0.7705046783756522303521971 0.3028289384730216464680310 0.0000000000000000000000000 -0.7315782085739623719687650 0.3613955317397522353598903 0.0000000000000000000000000
   0.6810239999764964585751670 0.7555767564592234831243614 0.3099583536299786176877275 0.0000000000000000000000000 -0.7590669023818611872341595 0.3503560302522859253458010 0.0000000000000000000000000
   0.7010541176228640014744367 0.7400922409091558196058104 0.3168593705774881289818500 0.0000000000000000000000000 -0.7871606014175999911238448 0.3385804819826346708740108 0.0000000000000000000000000
   0.7210842352692315443737063 0.7240385989528860754499744 0.3235166481406021282026423 0.0000000000000000000000000 -0.8159012305108506557998185 0.3260079910573497051381370 0.0000000000000000000000000
   0.7411143529155990872729759 0.7074024243200458194547666 0.3299135510152088418937985 0.0000000000000000000000000 -0.8453341414812601616162055 0.3125700512932527471089555 0.0000000000000000000000000
   0.7611444705619666301722455 0.6901693649720113370633766 0.3360319856043687157404359 0.0000000000000000000000000 -0.8755084819234154601893481 0.2981893393011019993134719 0.0000000000000000000000000
   0.7811745882083341730715151 0.6723240430375206583408329 0.3418522093669382318123931 0.0000000000000000000000000 -0.9064776051954410148296219 0.2827782681919916683497840 0.0000000000000000000000000
   0.8012047058547017159707848 0.6538499660977120964288937 0.3473526083344896871813713 0.0000000000000000000000000 -0.9382995246290539641631459 0.2662372447621563871053464 0.0000000000000000000000000
   0.8212348235010692588700544 0.6347294289122955914288395 0.3525094361547275780826092 0.0000000000000000000000000 -0.9710374139804020559111013 0.2484525569503140742426359 0.0000000000000000000000000
   0.8412649411474368017693240 0.6149434046554731353210721 0.3572965063498416885537391 0.0000000000000000000000000 -1.0047601542133544048054082 0.2292937970308419779843231 0.0000000000000000000000000
   0.8612950587938043446685936 0.5944714247596587263889753 0.3616848273128772034281839 0.0000000000000000000000000 -1.0395429232683494029345747 0.2086106974653054393546651 0.0000000000000000000000000
   0.8813251764401718875678632 0.5732914465858975675112185 0.3656421667335548198292098 0.0000000000000000000000000 -1.0754678195853933657568618 0.1862292177950520906619346 0.0000000000000000000000000
   0.9013552940865394304671328 0.5513797084150733616712399 0.3691325284090597083152023 0.0000000000000000000000000 -1.1126245003064091754406952 0.1619466684091997134065998 0.0000000000000000000000000
   0.9213854117329069733664025 0.5287105717855167895585254 0.3721155194198612578532367 0.0000000000000000000000000 -1.1511107988108334726926093 0.1355255846378040670098687 0.0000000000000000000000000
   0.9414155293792745162656721 0.5052563521565900186502378 0.3745455789580821815558918 0.0000000000000000000000000 -1.1910332594682161794538516 0.1066859638323265576384475 0.0000000000000000000000000
   0.9614456470256420591649417 0.4809871405266972880408388 0.3763710309983104081969186 0.0000000000000000000000000 -1.2325074834295848606814203 0.0750953361617095673122576 0.0000000000000000000000000
   0.9814757646720096020642113 0.4558706214292323165908741 0.3775329104949968445529534 0.0000000000000000000000000 -1.2756581064345648651506191 0.0403559375883933564427990 0.0000000000000000000000000
   1.0015058823183771449634809 0.4298718974274334743875766 0.3779634953962922710474942 0.0000000000000000000000000 -1.3206181082452185237994891 0.0019879616620714954793128 0.0000000000000000000000000
   1.0215359999647446878627506 0.4029533381138336404467216 0.3775844522688522137065292 0.0000000000000000000000000 -1.3675269489400444354691663 -0.0405925596962778630786861 0.0000000000000000000000000
   1.0415661176111122307620202 0.3750744849100105997550668 0.3763044683835670355377865 0.0000000000000000000000000 -1.4165266784952499706363342 -0.0881033276348672890628888 0.0000000000000000000000000
   1.0615962352574797736612898 0.3461920655562609761972503 0.3740161925900038771253896 0.0000000000000000000000000 -1.4677545611806520992368945 -0.1414358281812576291549969 0.0000000000000000000000000
   1.0816263529038473165605594 0.3162602110706626226264605 0.3705922332672954903801726 0.0000000000000000000000000 -1.5213296876151454185257260 -0.2017103301945388759201836 0.0000000000000000000000000
   1.1016564705502148594598290 0.2852310359664551517157183 0.3658798516869666836840574 0.0000000000000000000000000 -1.5773291189157856598059706 -0.2703525006927825200090912 0.0000000000000000000000000
   1.1216865881965824023590987 0.2530558637504751598547240 0.3596938238596849890790119 0.0000000000000000000000000 -1.6357455440700675102856723 -0.3492017143787579526903269 0.0000000000000000000000000
   1.1417167058429499452583683 0.2196876007200792029646869 0.3518066932542263475657619 0.0000000000000000000000000 -1.6964116725612231601601102 -0.4406663849123560909125906 0.0000000000000000000000000
   1.1617468234893174881576379 0.1850851742751405679946946 0.3419352554467459185404888 0.0000000000000000000000000 -1.7588633937920439960523502 -0.5479495890465608642189713 0.0000000000000000000000000
   1.1817769411356850310569075 0.1492217465072351230363479 0.3297215420505167269480141 0.0000000000000000000000000 -1.8220872137670609045332502 -0.6753795598313744976937011 0.0000000000000000000000000
   1.2018070587820525739561771 0.1120999879730531386217246 0.3147057451648539465217779 0.0000000000000000000000000 -1.8840425608832358031244108 -0.8288928683983095777636957 0.0000000000000000000000000
   1.2218371764284201168554467 0.0737809088667981102805920 0.2962874891126620051354976 0.0000000000000000000000000 -1.9407329646108571308500077 -1.0167220452333140934636332 0.0000000000000000000000000
   1.2418672940747876597547164 0.0344394613581183266533393 0.2736711892414472431984142 0.0000000000000000000000000 -1.9843501198063675098626091 -1.2502836239846845956924348 0.0000000000000000000000000
   1.2618974117211552026539860 -0.0055257391174480317150567 0.2457936824049530140787272 0.0000000000000000000000000 -1.9994964860839333208277021 -1.5449500292504297474642070 0.0000000000000000000000000
   1.2819275293675227455532556 -0.0452728710547133116364867 0.2112487172214771614544060 0.0000000000000000000000000 -1.9555976527079934580823498 -1.9191050625987486754420652 0.0000000000000000000000000
   1.3019576470138902884525252 -0.0830874535014340427394897 0.1682913199625459166369507 0.0000000000000000000000000 -1.7933427250249054487702684 -2.3853995742522143406266316 0.0000000000000000000000000
   1.3219877646602578313517948 -0.1156544446757255247971064 0.1152282012011651345468645 0.0000000000000000000000000 -1.4115781327091540597101024 -2.9168317585976479192926416 0.0000000000000000000000000
   1.3420178823066253742510645 -0.1374391379074600055656576 0.0519200933989867786267178 0.0000000000000000000000000 -0.7067136060990074924529494 -3.3709291069759341727258175 0.0000000000000000000000000
   1.3620479999529929171503341 -0.1422419617514575342132698 -0.0175007359044047536919887 0.0000000000000000000000000 0.2443152781731250047659584 -3.4849832651048671967225154 0.0000000000000000000000000
   1.3820781175993604600496037 -0.1283103821547015960693613 -0.0847259852413905216460272 0.0000000000000000000000000 1.1021909474588044982413724 -3.1689584826875714323519332 0.0000000000000000000000000
   1.4021082352457280029488733 -0.1003121396708081324783638 -0.1430954795332123531417614 0.0000000000000000000000000 1.6378629637261441791083368 -2.6480269474874700251741160 0.0000000000000000000000000
   1.4221383528920955458481429 -0.0645684319022479753369439 -0.1909345437835161144145710 0.0000000000000000000000000 1.8947911394217936716685993 -2.1406756638413607322198234 0.0000000000000000000000000
   1.4421684705384630887474126 -0.0254893291516197411920146 -0.2294503722674365638798089 0.0000000000000000000000000 1.9879641860275327251235225 -1.7207942410109356541413595 0.0000000000000000000000000
   1.4621985881848306316466822 0.0145170618219286192481680 -0.2604588977935300991506877 0.0000000000000000000000000 1.9970914776026314516495356 -1.3886749595716444189485165 0.0000000000000000000000000
   1.4822287058311981745459518 0.0542442806373611491683385 -0.2855490929431573996575096 0.0000000000000000000000000 1.9650518148333509700001884 -1.1267210027196952388796555 0.0000000000000000000000000
   1.5022588234775657174452214 0.0931097889635043547058400 -0.3059479457248536302883238 0.0000000000000000000000000 1.9135461091167889529358919 -0.9176802202939904896556964 0.0000000000000000000000000
   1.5222889411239332603444910 0.1308456548258428033129708 -0.3225749653501431250835772 0.0000000000000000000000000 1.8535243199945562709922675 -0.7482106703675671259117084 0.0000000000000000000000000
   1.5423190587703008032437607 0.1673433941692107129222094 -0.3361202305198655829014750 0.0000000000000000000000000 1.7905687239671594248071034 -0.6086047283536263521303817 0.0000000000000000000000000
   1.5623491764166683461430303 0.2025760632795058891789192 -0.3471081425991546840649779 0.0000000000000000000000000 1.7275390498303512510449106 -0.4918769804932438919763043 0.0000000000000000000000000
   1.5823792940630358890422999 0.2365583349475062790530558 -0.3559436040871542302736335 0.0000000000000000000000000 1.6658814606530660696467169 -0.3929664836106028104625963 0.0000000000000000000000000
   1.6024094117094034319415695 0.2693255629983238591816186 -0.3629444121568980264939254 0.0000000000000000000000000 1.6062923568225213151436067 -0.3081567517348200412438981 0.0000000000000000000000000
   1.6224395293557709748408391 0.3009225970961456740987518 -0.3683639261355407384759996 0.0000000000000000000000000 1.5490645921406762671646148 -0.2346755528198597162542395 0.0000000000000000000000000
   1.6424696470021385177401087 0.3313977445578287989463111 -0.3724070736662739966023207 0.0000000000000000000000000 1.4942728655793279132864258 -0.1704219545254058994084420 0.0000000000000000000000000
   1.6624997646485060606393784 0.3607995170076749660343262 -0.3752418081095567252719336 0.0000000000000000000000000 1.4418752211873508782133310 -0.1137793496058798999027345 0.0000000000000000000000000
   1.6825298822948736035386480 0.3891749139820184162951745 -0.3770074349239031708294077 0.0000000000000000000000000 1.3917695530648130301353746 -0.0634859541480713293934748 0.0000000000000000000000000
   1.7025599999412411464379176 0.4165685665413480469807567 -0.3778207556370291381718893 0.0000000000000000000000000 1.3438253763894026842233616 -0.0185438675309587279699540 0.0000000000000000000000000
   1.7225901175876086893371872 0.4430223651411734586620855 -0.3777806686887652918127842 0.0000000000000000000000000 1.2979017167100445243444544 0.0218457305049479816736376 0.0000000000000000000000000
   1.7426202352339762322364568 0.4685753592137374307209259 -0.3769716630200129283143021 0.0000000000000000000000000 1.2538570784357685128648893 0.0583294365155992949439319 0.0000000000000000000000000
   1.7626503528803437751357265 0.4932638064800634109653334 -0.3754665056422247872335514 0.0000000000000000000000000 1.2115548401000042956173289 0.0914359845963801211695087 0.0000000000000000000000000
   1.7826804705267113180349961 0.5171213013261384534994782 -0.3733283343242822119503746 0.0000000000000000000000000 1.1708659923800301132547889 0.1216017840757754539445445 0.0000000000000000000000000
   1.8027105881730788609342657 0.5401789411650221928638192 -0.3706123054657974297561429 0.0000000000000000000000000 1.1316703328198870469834880 0.1491901402268531052814223 0.0000000000000000000000000
   1.8227407058194464038335353 0.5624655070102746178990588 -0.3673669052727467185226280 0.0000000000000000000000000 1.0938567728673943366493169 0.1745058924240489364938429 0.0000000000000000000000000
   1.8427708234658139467328049 0.5840076447126773213375783 -0.3636350031381600905792839 0.0000000000000000000000000 1.0573231463427805735629124 0.1978066860222936927911149 0.0000000000000000000000000
   1.8628009411121814896320746 0.6048300393954416417443983 -0.3594547055187844211998686 0.0000000000000000000000000 1.0219757512140144900152383 0.2193117419687667555320493 0.0000000000000000000000000
   1.8828310587585490325313442 0.6249555792475115916759100 -0.3548600538701564657227031 0.0000000000000000000000000 0.9877287626495313646416133 0.2392087455502978155594908 0.0000000000000000000000000
   1.9028611764049165754306138 0.6444055069840178541617009 -0.3498815995500833193809185 0.0000000000000000000000000 0.9545035987191261348084825 0.2576593064771281956271878 0.0000000000000000000000000
   1.9228912940512841183298834 0.6631995585406172385116368 -0.3445468808072455477088219 0.0000000000000000000000000 0.9222282857886561697489302 0.2748033230564604807540014 0.0000000000000000000000000
   1.9429214116976516612291530 0.6813560892845108244348327 -0.3388808212079197932142795 0.0000000000000000000000000 0.8908368497851476440747759 0.2907624979024972786598304 0.0000000000000000000000000
   1.9629515293440192041284226 0.6988921884118580534818466 -0.3329060645472210113636838 0.0000000000000000000000000 0.8602687468459918592796227 0.3056431910288525647416093 0.0000000000000000000000000
   1.9829816469903867470276923 0.7158237823891294819030949 -0.3266432580421550086308136 0.0000000000000000000000000 0.8304683392434979333785780 0.3195387512176411957871555 0.0000000000000000000000000
   2.0030117646367542899269619 0.7321657283647274348511718 -0.3201112931300189701814724 0.0000000000000000000000000 0.8013844179639256815584332 0.3325314334293772947563827 0.0000000000000000000000000
   2.0230418822831218328262315 0.7479318984764020422600576 -0.3133275112959764902215558 0.0000000000000000000000000 0.7729697707302031698223491 0.3446939853689284296307446 0.0000000000000000000000000
   2.0430719999294893757255011 0.7631352559401415953127407 -0.3063078808828466004266103 0.0000000000000000000000000 0.7451807928529827984940252 0.3560909678193902570427947 0.0000000000000000000000000
   2.0631021175758569186247707 0.7777879237461017325002990 -0.2990671496886573806875974 0.0000000000000000000000000 0.7179771376158860106162537 0.3667798593475284921136456 0.0000000000000000000000000
   2.0831322352222244615240404 0.7919012467181893949483022 -0.2916189772557310747180562 0.0000000000000000000000000 0.6913214026600256726176613 0.3768119852938303566895497 0.0000000000000000000000000
   2.1031623528685920044233100 0.8054858476229631862791972 -0.2839760500414882159370220 0.0000000000000000000000000 0.6651788488499154176830211 0.3862333027390882057344111 0.0000000000000000000000000
   2.1231924705149595473225796 0.8185516779444980192228325 -0.2761501820928150962869134 0.0000000000000000000000000 0.6395171482649858788695270 0.3950850667714508185289231 0.0000000000000000000000000
   2.1432225881613270902218492 0.8311080638769378427396604 -0.2681524033903685892103679 0.0000000000000000000000000 0.6143061581981296423727338 0.4034043984112660051576549 0.0000000000000000000000000
   2.1632527058076946331211188 0.8431637480266642248393060 -0.2599930376620344711876226 0.0000000000000000000000000 0.5895177183120381454213812 0.4112247706519790257687337 0.0000000000000000000000000
   2.1832828234540621760203885 0.8547269272617034204523855 -0.2516817711671370447856635 0.0000000000000000000000000 0.5651254683797679292654422 0.4185764259952452043033598 0.0000000000000000000000000
   2.2033129411004297189196581 0.8658052870971430819238357 -0.2432277137104714349807650 0.0000000000000000000000000 0.5411046843030182744006748 0.4254867364107506983659688 0.0000000000000000000000000
   2.2233430587467972618189277 0.8764060329616686881406433 -0.2346394529466039047551543 0.0000000000000000000000000 0.5174321303518747923260511 0.4319805146950885432873159 0.0000000000000000000000000
   2.2433731763931648047181973 0.8865359186514786001409482 -0.2259251028714366769092582 0.0000000000000000000000000 0.4940859257993751631117789 0.4380802846322054277222105 0.0000000000000000000000000
   2.2634032940395323476174669 0.8962012722433649809458883 -0.2170923472629223096446787 0.0000000000000000000000000 0.4710454243318790532076775 0.4438065160883386950509460 0.0000000000000000000000000
   2.2834334116858998905167365 0.9054080197082159043506180 -0.2081484787206453114384580 0.0000000000000000000000000 0.4482911048021094095098869 0.4491778301437680784433390 0.0000000000000000000000000
   2.3034635293322674334160062 0.9141617064391763789391656 -0.1991004338604895695872227 0.0000000000000000000000000 0.4258044720569816673049294 0.4542111785231060216372201 0.0000000000000000000000000
   2.3234936469786349763152758 0.9224675168848044502889964 -0.1899548251423719331186840 0.0000000000000000000000000 0.4035679667185034225010393 0.4589220008970472355954745 0.0000000000000000000000000
   2.3435237646250025192145454 0.9303302924564080301976768 -0.1807179697433162430622290 0.0000000000000000000000000 0.3815648829248479700127072 0.4633243630615575600694747 0.0000000000000000000000000
   2.3635538822713700621138150 0.9377545478600189374797345 -0.1713959158327727861752071 0.0000000000000000000000000 0.3597792931519459734135413 0.4674310785318205242770142 0.0000000000000000000000000
   2.3835839999177376050130846 0.9447444859868579360629556 -0.1619944665602812412045168 0.0000000000000000000000000 0.3381959793353001943103991 0.4712538156992025950527305 0.0000000000000000000000000
   2.4036141175641051479123543 0.9513040114814063856052639 -0.1525192020258906337270957 0.0000000000000000000000000 0.3168003695987928772910439 0.4748031923751848012349907 0.0000000000000000000000000
   2.4236442352104726908116239 0.9574367430930949008854390 -0.1429754994700141619092539 0.0000000000000000000000000 0.2955784799734689851446385 0.4780888592747579622939002 0.0000000000000000000000000
   2.4436743528568402337108935 0.9631460249059430479399240 -0.1333685518906501831472014 0.0000000000000000000000000 0.2745168605559392817727471 0.4811195737636474161920530 0.0000000000000000000000000
   2.4637044705032077766101631 0.9684349365300570361767373 -0.1237033852713553253890780 0.0000000000000000000000000 0.2536025456143092213166740 0.4839032650012199230972816 0.0000000000000000000000000
   2.4837345881495753195094327 0.9733063023295567760669734 -0.1139848745823628500696958 0.0000000000000000000000000 0.2328230072004201688646767 0.4864470914477882048976450 0.0000000000000000000000000
   2.5037647057959428624087024 0.9777626997531208405813947 -0.1042177586992632644366376 0.0000000000000000000000000 0.2121661118715801782688773 0.4887574915661849951457726 0.0000000000000000000000000
   2.5237948234423104053079720 0.9818064668257857678731167 -0.0944066543682611649325320 0.0000000000000000000000000 0.1916200801636396720057989 0.4908402284287715572039898 0.0000000000000000000000000
   2.5438249410886779482072416 0.9854397088538072686741853 -0.0845560693338243666378813 0.0000000000000000000000000 0.1711734484909076923805931 0.4927004288390593655598958 0.0000000000000000000000000
   2.5638550587350454911065112 0.9886643043881903339966818 -0.0746704147332427605668435 0.0000000000000000000000000 0.1508150331775904127625518 0.4943426174890370547799332 0.0000000000000000000000000
   2.5838851763814130340057808 0.9914819104868389166970029 -0.0647540168529607995644066 0.0000000000000000000000000 0.1305338963506678469183110 0.4957707465967658620933546 0.0000000000000000000000000
   2.6039152940277805769050504 0.9938939673100890577176271 -0.0548111283333277061338581 0.0000000000000000000000000 0.1103193134458380759083879 0.4969882214018799578867411 0.0000000000000000000000000
   2.6239454116741481198043201 0.9959017020796053012041226 -0.0448459389014480216841130 0.0000000000000000000000000 0.0901607420967183498574890 0.4979979218376593607116156 0.0000000000000000000000000
   2.6439755293205156627035897 0.9975061324261790368433702 -0.0348625857059668954142945 0.0000000000000000000000000 0.0700477921932104658347838 0.4988022206459400983202856 0.0000000000000000000000000
   2.6640056469668832056028593 0.9987080691478147936360713 -0.0248651633227702527465045 0.0000000000000000000000000 0.0499701969080752469833318 0.4994029981540987110417152 0.0000000000000000000000000
   2.6840357646132507485021289 0.9995081183955770373455145 -0.0148577334966225558128026 0.0000000000000000000000000 0.0299177845015344104552816 0.4998016538906677494975300 0.0000000000000000000000000
   2.7040658822596182914013985 0.9999066833009501737077890 -0.0048443346806264024694932 0.0000000000000000000000000 0.0098804507223039474553676 0.4999991151769054642768258 0.0000000000000000000000000
   2.7240959999059858343006682 0.9999039650548958695622039 0.0051710085669921779297720 0.0000000000000000000000000 -0.0101518683699990506454270 0.4999958427950561553333393 0.0000000000000000000000000
   2.7240959999059858343006682 0.9999039650548958695622039 0.0051710085669921779297720 0.0000000000000000000000000 -0.0101518683699990506454270 0.4999958427950561553333393 0.0000000000000000000000000
