 t x y z vx vy vz
   0.0000000000000000000000000 1.0000000000000000000000000 0.0000000000000000000000000 0.0000000000000000000000000 0.0000000000000000000000000 0.5000000000000000000000000 0.0000000000000000000000000
   0.0270008052355326660637354 0.9996354505713210351598551 0.0134987618770902247036284 0.0000000000000000000000000 -0.0270049072218040953262481 0.4998176754359237810641106 0.0000000000000000000000000
   0.0540016104710653321274708 0.9985414698263892051693138 0.0269876710474145982178865 0.0000000000000000000000000 -0.0540344502519077835874036 0.4992699362982414059559376 0.0000000000000000000000000
   0.0810024157065979981912062 0.9967170587734665512711961 0.0404568333926654484244426 0.0000000000000000000000000 -0.0811133846411751524034104 0.4983544777721626989148707 0.0000000000000000000000000
   0.1080032209421306642549416 0.9941605470245405106314626 0.0538962715119915929725290 0.0000000000000000000000000 -0.1082667067812728031273297 0.4970674300590700119255943 0.0000000000000000000000000
   0.1350040261776633303186770 0.9908695846283363423069886 0.0672958819223442718267585 0.0000000000000000000000000 -0.1355197777410731193478289 0.4954033150821943770565428 0.0000000000000000000000000
   0.1620048314131959963824125 0.9868411305065964688204739 0.0806453908411775049358606 0.0000000000000000000000000 -0.1628984512781349213140702 0.4933549845853313280181141 0.0000000000000000000000000
   0.1890056366487286624461479 0.9820714373605910590082584 0.0939343080319530494156934 0.0000000000000000000000000 -0.1904292075457934699402117 0.4909135382817313748143722 0.0000000000000000000000000
   0.2160064418842613285098833 0.9765560328722868421912810 0.1071518781505117886872123 0.0000000000000000000000000 -0.2181392941316808521935500 0.4880682202469146267610082 0.0000000000000000000000000
   0.2430072471197939945736187 0.9702896969784858950653031 0.1202870289746334784766349 0.0000000000000000000000000 -0.2460568762138902618638949 0.4848062912203461958108415 0.0000000000000000000000000
   0.2700080523553266606373541 0.9632664349455466890301053 0.1333283158279702494401942 0.0000000000000000000000000 -0.2742111978110191775765023 0.4811128738653561405745917 0.0000000000000000000000000
   0.2970088575908593267010895 0.9554794459158709825097025 0.1462638614203237972300782 0.0000000000000000000000000 -0.3026327563377601964457169 0.4769707673082612936213971 0.0000000000000000000000000
   0.3240096628263919927648249 0.9469210865338617060747555 0.1590812902154705456338944 0.0000000000000000000000000 -0.3313534929658049981270280 0.4723602264037285011806137 0.0000000000000000000000000
   0.3510104680619246588285603 0.9375828291869899086028318 0.1717676563009598785390913 0.0000000000000000000000000 -0.3604070016395621110071736 0.4672587001127201138353721 0.0000000000000000000000000
   0.3780112732974573248922957 0.9274552143151451636500298 0.1843093635657907092127246 0.0000000000000000000000000 -0.3898287600185709286122308 0.4616405220790056789860943 0.0000000000000000000000000
   0.4050120785329899909560311 0.9165277961464469964505198 0.1966920767842570892718140 0.0000000000000000000000000 -0.4196563861269204949425467 0.4554765448818111243308374 0.0000000000000000000000000
   0.4320128837685226570197665 0.9047890811076298557298734 0.2089006219480755500637930 0.0000000000000000000000000 -0.4499299251006366037533398 0.4487337074364345263099467 0.0000000000000000000000000
   0.4590136890040553230835020 0.8922264580289666083540383 0.2209188738719243699156695 0.0000000000000000000000000 -0.4806921711562696017333600 0.4413745224940731723102103 0.0000000000000000000000000
   0.4860144942395879891472374 0.8788261191138802198793851 0.2327296287038318375330767 0.0000000000000000000000000 -0.5119890307807593765661099 0.4333564680007155056811332 0.0000000000000000000000000
   0.5130152994751206552109728 0.8645729704676537600098039 0.2443144584806553272277752 0.0000000000000000000000000 -0.5438699341908466049523573 0.4246312620040421978486341 0.0000000000000000000000000
   0.5400161047106533212747082 0.8494505307729548925001180 0.2556535442528377692277919 0.0000000000000000000000000 -0.5763883033603238861132687 0.4151439955652006099550865 0.0000000000000000000000000
   0.5670169099461859873384436 0.8334408164563469614966629 0.2667254835254536815687833 0.0000000000000000000000000 -0.6096020863986739922764994 0.4048320913556724229278557 0.0000000000000000000000000
   0.5940177151817186534021790 0.8165242114027498223100904 0.2775070667758300339293867 0.0000000000000000000000000 -0.6435743698192995374844681 0.3936240467716239849388379 0.0000000000000000000000000
   0.6210185204172513194659144 0.7986793189362396696094869 0.2879730165465095561553422 0.0000000000000000000000000 -0.6783740822899313803329890 0.3814379087488788541521693 0.0000000000000000000000000
   0.6480193256527839855296498 0.7798827933872675423407720 0.2980956809873531357693049 0.0000000000000000000000000 -0.7140768058292024820999802 0.3681794119882700536083261 0.0000000000000000000000000
   0.6750201308883166515933852 0.7601091480998520106057803 0.3078446716105034671363551 0.0000000000000000000000000 -0.7507657130886366540522786 0.3537396915561265683544070 0.0000000000000000000000000
   0.7020209361238493176571206 0.7393305361901892198900584 0.3171864322581413621486550 0.0000000000000000000000000 -0.7885326522625710642681892 0.3379924527363733266928421 0.0000000000000000000000000
   0.7290217413593819837208560 0.7175164997465660585577663 0.3260837226292146782558699 0.0000000000000000000000000 -0.8274794041021476547412162 0.3207904425789633181604013 0.0000000000000000000000000
   0.7560225465949146497845915 0.6946336824637195650327827 0.3344949948327678882219353 0.0000000000000000000000000 -0.8677191380461133291038094 0.3019610144142100621765394 0.0000000000000000000000000
   0.7830233518304473158483269 0.6706454999538336845627072 0.3423736348516924537745297 0.0000000000000000000000000 -0.9093780957663095848390881 0.2813005021446176527785909 0.0000000000000000000000000
   0.8100241570659799819120623 0.6455117612248344133702038 0.3496670318131410280432551 0.0000000000000000000000000 -0.9525975288143940098635443 0.2585670155262775409254852 0.0000000000000000000000000
   0.8370249623015126479757977 0.6191882341803489333632019 0.3563154255405953059276532 0.0000000000000000000000000 -0.9975359094369281378506840 0.2334711158205705463635139 0.0000000000000000000000000
   0.8640257675370453140395331 0.5916261477076019137926854 0.3622504654661171141865094 0.0000000000000000000000000 -1.0443714141462857008163015 0.2056636096588843319081293 0.0000000000000000000000000
   0.8910265727725779801032685 0.5627716234331114264259417 0.3673933892648687016857448 0.0000000000000000000000000 -1.0933046372617863584209361 0.1747193705640713377733700 0.0000000000000000000000000
   0.9180273780081106461670039 0.5325650324122927873488925 0.3716526939089345708663070 0.0000000000000000000000000 -1.1445614053908767998434639 0.1401156024166494196489485 0.0000000000000000000000000
   0.9450281832436433122307393 0.5009402775484423782274172 0.3749211195037677136707615 0.0000000000000000000000000 -1.1983953932726102753305145 0.1012021987819567135722357 0.0000000000000000000000000
   0.9720289884791759782944747 0.4678240146353249372053288 0.3770716880719143593018926 0.0000000000000000000000000 -1.2550899072124962355623967 0.0571606612084006602762718 0.0000000000000000000000000
   0.9990297937147086443582101 0.4331348499021959488449350 0.3779524202872630953416900 0.0000000000000000000000000 -1.3149575452836477873927547 0.0069461351036957324695263 0.0000000000000000000000000
   1.0260305989502413104219455 0.3967826024185868492003788 0.3773791677013080025658016 0.0000000000000000000000000 -1.3783351354553325525215298 -0.0507959928385551009573682 0.0000000000000000000000000
   1.0530314041857739764856810 0.3586678214840850536863041 0.3751257027425962258759294 0.0000000000000000000000000 -1.4455686964519334320768662 -0.1178527054458065558749043 0.0000000000000000000000000
   1.0800322094213066425494164 0.3186819565683194520033795 0.3709097273358659348687061 0.0000000000000000000000000 -1.5169776254434490539070312 -0.1966278797242493615718504 0.0000000000000000000000000
   1.1070330146568393086131518 0.2767090092576765961294547 0.3643726565036441184694077 0.0000000000000000000000000 -1.5927753690256975001210804 -0.2904270903172835302329647 0.0000000000000000000000000
   1.1340338198923719746768872 0.2326304232798405206460544 0.3550496569881669448624016 0.0000000000000000000000000 -1.6728970260677059364147872 -0.4039089726685790532114778 0.0000000000000000000000000
   1.1610346251279046407406226 0.1863370342599437161305353 0.3423240216896944533234751 0.0000000000000000000000000 -1.7566213406886294680941341 -0.5438193342897463444681107 0.0000000000000000000000000
   1.1880354303634373068043580 0.1377567219442774506411446 0.3253557601492663512961189 0.0000000000000000000000000 -1.8417186919527459777973708 -0.7202101181789856991928783 0.0000000000000000000000000
   1.2150362355989699728680934 0.0869182623471101039433660 0.3029672098392898624468101 0.0000000000000000000000000 -1.9224497131698410040895757 -0.9484684048075946314471304 0.0000000000000000000000000
   1.2420370408345026389318288 0.0341026210745725838889502 0.2734587269071577703681296 0.0000000000000000000000000 -1.9846268799189998879697959 -1.2525002063432338472608335 0.0000000000000000000000000
   1.2690378460700353049955642 -0.0197843223910038121429878 0.2343280459431439309831542 0.0000000000000000000000000 -1.9929094572448031630295686 -1.6682613919115919923615420 0.0000000000000000000000000
   1.2960386513055679710592996 -0.0722703082981983047323530 0.1819713521546443425811749 0.0000000000000000000000000 -1.8587731411600929489865164 -2.2382156939656340041536771 0.0000000000000000000000000
   1.3230394565411006371230350 -0.1171241868568320325827491 0.1121462083270472534878635 0.0000000000000000000000000 -1.3831817936062067789358578 -2.9445788734499886795840360 0.0000000000000000000000000
   1.3500402617766333031867705 -0.1416619949166132328981155 0.0244325391332978806503088 0.0000000000000000000000000 -0.3399226855830957689974333 -3.4709014558396680755679710 0.0000000000000000000000000
   1.3770410670121659692505059 -0.1333996357773925997872151 -0.0684808102010988231768650 0.0000000000000000000000000 0.9133802831670038786589881 -3.2792516626346490105860344 0.0000000000000000000000000
   1.4040418722476986353142413 -0.0971192344229236274900067 -0.1481678874068328691103741 0.0000000000000000000000000 1.6726959807976443437957403 -2.5963978378137933913906142 0.0000000000000000000000000
   1.4310426774832313013779767 -0.0474420873730523594347927 -0.2091040710860796108570268 0.0000000000000000000000000 1.9504300139160887820059903 -1.9425187405538207606425857 0.0000000000000000000000000
   1.4580434827187639674417121 0.0061931379397305818293544 -0.2545695292211357972501283 0.0000000000000000000000000 1.9994084357673818590048910 -1.4513586239399837088383796 0.0000000000000000000000000
   1.4850442879542966335054475 0.0597435750895085982359742 -0.2886906174150529371935263 0.0000000000000000000000000 1.9585013634247920355419695 -1.0946945790520115739960080 0.0000000000000000000000000
   1.5120450931898292995691829 0.1116688662031306878387912 -0.3145158596461040352597174 0.0000000000000000000000000 1.8847299539339366276354276 -0.8308265750100206749900379 0.0000000000000000000000000
   1.5390458984253619656329183 0.1614344230983617478113556 -0.3341200186724472437235336 0.0000000000000000000000000 1.8008181049022828209407555 -0.6299113712580945351990632 0.0000000000000000000000000
   1.5660467036608946316966537 0.2089088410134120833396995 -0.3489226880483098844531403 0.0000000000000000000000000 1.7159501112231524317595438 -0.4726172663418483256559793 0.0000000000000000000000000
   1.5930475088964272977603891 0.2541236285779234470164250 -0.3599209976467425978966564 0.0000000000000000000000000 1.6338036791415819043842548 -0.3464465332859803078592686 0.0000000000000000000000000
   1.6200483141319599638241246 0.2971737782464421443742317 -0.3678363116653733364730663 0.0000000000000000000000000 1.5557268623427738014623316 -0.2431332650597589353289899 0.0000000000000000000000000
   1.6470491193674926298878600 0.3381751692815471609698631 -0.3732051917377934061486946 0.0000000000000000000000000 1.4820569815222692414011907 -0.1570528080493506901774088 0.0000000000000000000000000
   1.6740499246030252959515954 0.3772460562501341358681996 -0.3764367615586605909775221 0.0000000000000000000000000 1.4126942030222836147860409 -0.0842686896919265101063395 0.0000000000000000000000000
   1.7010507298385579620153308 0.4144992048885298229869914 -0.3778498402358214765430597 0.0000000000000000000000000 1.3473599277692648486736841 -0.0219535606677309565220795 0.0000000000000000000000000
   1.7280515350740906280790662 0.4500388722587353921345977 -0.3776976518586081528411714 0.0000000000000000000000000 1.2857154647573607960393364 0.0319712115911017712362466 0.0000000000000000000000000
   1.7550523403096232941428016 0.4839600139585668358520733 -0.3761847075410085926922355 0.0000000000000000000000000 1.2274163797850912765064227 0.0790658877636689736032475 0.0000000000000000000000000
   1.7820531455451559602065370 0.5163484979188152647021034 -0.3734786234733389669912757 0.0000000000000000000000000 1.1721364174886375233149339 0.1205234536952797805600292 0.0000000000000000000000000
   1.8090539507806886262702724 0.5472817431981729869636585 -0.3697185786865209296492236 0.0000000000000000000000000 1.1195768255088967618414607 0.1572711832951357284981452 0.0000000000000000000000000
   1.8360547560162212923340078 0.5768295046213074264750968 -0.3650214898633174557659948 0.0000000000000000000000000 1.0694686943438286382364666 0.1900404590200060185196291 0.0000000000000000000000000
   1.8630555612517539583977432 0.6050546710265066914320905 -0.3594866012327407212890089 0.0000000000000000000000000 1.0215720519901704149121659 0.2194157676636264693845428 0.0000000000000000000000000
   1.8900563664872866244614786 0.6320140174516068542057435 -0.3531989522395416329999335 0.0000000000000000000000000 0.9756735693687639413399603 0.2458697327691176715821636 0.0000000000000000000000000
   1.9170571717228192905252141 0.6577588876111163129984513 -0.3462320362071075298033666 0.0000000000000000000000000 0.9315837954997903831821257 0.2697885941717370723618072 0.0000000000000000000000000
   1.9440579769583519565889495 0.6823358007160921268710839 -0.3386498661722322127731375 0.0000000000000000000000000 0.8891343673894632435008498 0.2914910301814512779860736 0.0000000000000000000000000
   1.9710587821938846226526849 0.7057869850754945265615887 -0.3305085997722443584136268 0.0000000000000000000000000 0.8481753978002882272692757 0.3112422608561503744473888 0.0000000000000000000000000
   1.9980595874294172887164203 0.7281508445547618503847263 -0.3218578316488997867035592 0.0000000000000000000000000 0.8085731209962148331025788 0.3292647537875894515929587 0.0000000000000000000000000
   2.0250603926649499547801557 0.7494623652010814958189112 -0.3127416320009395104401546 0.0000000000000000000000000 0.7702078149762785896553452 0.3457464483902206366430304 0.0000000000000000000000000
   2.0520611979004826208438911 0.7697534693956224811233193 -0.3031993890847961478322551 0.0000000000000000000000000 0.7329719892145539963696273 0.3608471435379555351547703 0.0000000000000000000000000
   2.0790620031360152869076265 0.7890533243974591742486989 -0.2932664986965566648479553 0.0000000000000000000000000 0.6967688141361682530918680 0.3747035090550639793756040 0.0000000000000000000000000
   2.1060628083715479529713619 0.8073886114319843835517392 -0.2829749330559230742170538 0.0000000000000000000000000 0.6615107643542727764440423 0.3874330543159793421141777 0.0000000000000000000000000
   2.1330636136070806190350973 0.8247837607156484102055825 -0.2723537137875595989169967 0.0000000000000000000000000 0.6271184477531481880880262 0.3991372981083544496608052 0.0000000000000000000000000
   2.1600644188426132850988327 0.8412611570798205141110207 -0.2614293080041263881700276 0.0000000000000000000000000 0.5935195945356926336530738 0.4099043206946424782831785 0.0000000000000000000000000
   2.1870652240781459511625681 0.8568413201947052055575011 -0.2502259622561221023706797 0.0000000000000000000000000 0.5606481831555531791532289 0.4198108335939754366000353 0.0000000000000000000000000
   2.2140660293136786172263036 0.8715430628110514794399117 -0.2387659859232466754316276 0.0000000000000000000000000 0.5284436830090342477460348 0.4289238696039344232617848 0.0000000000000000000000000
   2.2410668345492112832900390 0.8853836299324491941735233 -0.2270699931976947266393798 0.0000000000000000000000000 0.4968503965707532529045893 0.4373021713377404236288029 0.0000000000000000000000000
   2.2680676397847439493537744 0.8983788213983542779450478 -0.2151571109510444394017588 0.0000000000000000000000000 0.4658168861905808421952999 0.4449973385600312026900806 0.0000000000000000000000000
   2.2950684450202766154175098 0.9105430999895071339105172 -0.2030451583393166713206367 0.0000000000000000000000000 0.4352954729873899731836250 0.4520547811230155737117007 0.0000000000000000000000000
   2.3220692502558092814812452 0.9218896868545775861695746 -0.1907508028810077799331321 0.0000000000000000000000000 0.4052417971819584610869535 0.4585145141115103811156677 0.0000000000000000000000000
   2.3490700554913419475449806 0.9324306457915935315788310 -0.1782896968640479745083436 0.0000000000000000000000000 0.3756144308321425096264636 0.4644118240316838223168458 0.0000000000000000000000000
   2.3760708607268746136087160 0.9421769576927025063859030 -0.1656765972432437625394895 0.0000000000000000000000000 0.3463745353011438740917178 0.4697778289011150132668573 0.0000000000000000000000000
   2.4030716659624072796724514 0.9511385862697061112032934 -0.1529254716377390250715387 0.0000000000000000000000000 0.3174855569385199166590786 0.4746399504655692362207633 0.0000000000000000000000000
   2.4300724711979399457361868 0.9593245360151275913250329 -0.1400495925967438150047367 0.0000000000000000000000000 0.2889129554156925387238070 0.4790223131505545064712379 0.0000000000000000000000000
   2.4570732764334726117999222 0.9667429032146777127746731 -0.1270616219472825993380679 0.0000000000000000000000000 0.2606239599618414996456640 0.4829460815097231995108048 0.0000000000000000000000000
   2.4840740816690052778636576 0.9734009207079530011948126 -0.1139736867517427939966948 0.0000000000000000000000000 0.2325873494171437586922569 0.4864297456763036435768571 0.0000000000000000000000000
   2.5110748869045379439273931 0.9793049969917351326827719 -0.1007974481715481742021903 0.0000000000000000000000000 0.2047732525795412553033970 0.4894893625220383795229522 0.0000000000000000000000000
   2.5380756921400706099911285 0.9844607501715880339460756 -0.0875441643455290293696871 0.0000000000000000000000000 0.1771529657863780458043814 0.4921387587777276840410834 0.0000000000000000000000000
   2.5650764973756032760548639 0.9888730371902362815031343 -0.0742247482391315601089734 0.0000000000000000000000000 0.1496987850581353139027392 0.4943897011919858303831175 0.0000000000000000000000000
   2.5920773026111359421185993 0.9925459786934843958657216 -0.0608498212969845659118641 0.0000000000000000000000000 0.1223838504503091681393039 0.4962520378398581077867431 0.0000000000000000000000000
   2.6190781078466686081823347 0.9954829798345300506726841 -0.0474297636314423686257119 0.0000000000000000000000000 0.0951820005212091606277131 0.4977338138936411632497320 0.0000000000000000000000000
   2.6460789130822012742460701 0.9976867472640071327654485 -0.0339747613995927146039303 0.0000000000000000000000000 0.0680676350362148771716144 0.4988413644977969918134364 0.0000000000000000000000000
   2.6730797183177339403098055 0.9991593025047359314223625 -0.0204948519577875670262612 0.0000000000000000000000000 0.0410155841993288052585520 0.4995793868189928191969835 0.0000000000000000000000000
   2.7000805235532666063735409 0.9999019918658835054371792 -0.0069999673336640016653360 0.0000000000000000000000000 0.0140009828358603027573816 0.4999509928474043689800681 0.0000000000000000000000000
   2.7150809709063403097422828 0.9999994995858415903967251 0.0005000275636818223245415 0.0000000000000000000000000 -0.0010000364925831704512434 0.4999997501670791203050699 0.0000000000000000000000000
