 t x y vx vy
 0.001000000 0.999999500 0.000500000 -0.001000000 0.499999750
 0.002000000 0.999998000 0.000999999 -0.002000002 0.499999000
 0.003000000 0.999995500 0.001499998 -0.003000006 0.499997750
 0.004000000 0.999992000 0.001999995 -0.004000013 0.499996000
 0.005000000 0.999987500 0.002499990 -0.005000026 0.499993750
 0.006000000 0.999982000 0.002999982 -0.006000045 0.499991000
 0.007000000 0.999975500 0.003499971 -0.007000071 0.499987750
 0.008000000 0.999968000 0.003999957 -0.008000107 0.499984000
 0.009000000 0.999959500 0.004499939 -0.009000152 0.499979749
 0.010000000 0.999949999 0.004999917 -0.010000208 0.499974999
 0.011000000 0.999939499 0.005499889 -0.011000277 0.499969748
 0.012000000 0.999927999 0.005999856 -0.012000360 0.499963998
 0.013000000 0.999915499 0.006499817 -0.013000458 0.499957747
 0.014000000 0.999901998 0.006999771 -0.014000572 0.499950995
 0.015000000 0.999887497 0.007499719 -0.015000703 0.499943744
 0.016000000 0.999871997 0.007999659 -0.016000853 0.499935992
 0.017000000 0.999855496 0.008499591 -0.017001024 0.499927740
 0.018000000 0.999837995 0.008999514 -0.018001215 0.499918987
 0.019000000 0.999819493 0.009499428 -0.019001429 0.499909734
 0.020000000 0.999799992 0.009999333 -0.020001667 0.499899981
 0.021000000 0.999779490 0.010499228 -0.021001930 0.499889727
 0.022000000 0.999757988 0.010999113 -0.022002219 0.499878972
 0.023000000 0.999735485 0.011498986 -0.023002535 0.499867716
 0.024000000 0.999711983 0.011998848 -0.024002881 0.499855960
 0.025000000 0.999687480 0.012498698 -0.025003256 0.499843703
 0.026000000 0.999661976 0.012998535 -0.026003662 0.499830945
 0.027000000 0.999635472 0.013498359 -0.027004102 0.499817686
 0.028000000 0.999607968 0.013998170 -0.028004575 0.499803926
 0.029000000 0.999579463 0.014497967 -0.029005082 0.499789665
 0.030000000 0.999549958 0.014997749 -0.030005627 0.499774903
 0.031000000 0.999519452 0.015497517 -0.031006208 0.499759639
 0.032000000 0.999487945 0.015997269 -0.032006829 0.499743874
 0.033000000 0.999455438 0.016497004 -0.033007490 0.499727608
 0.034000000 0.999421930 0.016996724 -0.034008191 0.499710840
 0.035000000 0.999387422 0.017496426 -0.035008936 0.499693570
 0.036000000 0.999351912 0.017996111 -0.036009724 0.499675799
 0.037000000 0.999315402 0.018495777 -0.037010558 0.499657525
 0.038000000 0.999277891 0.018995425 -0.038011437 0.499638750
 0.039000000 0.999239379 0.019495055 -0.039012364 0.499619473
 0.040000000 0.999199867 0.019994664 -0.040013340 0.499599693
 0.041000000 0.999159353 0.020494254 -0.041014367 0.499579411
 0.042000000 0.999117838 0.020993823 -0.042015444 0.499558627
 0.043000000 0.999075322 0.021493371 -0.043016574 0.499537340
 0.044000000 0.999031805 0.021992897 -0.044017758 0.499515551
 0.045000000 0.998987286 0.022492402 -0.045018997 0.499493258
 0.046000000 0.998941767 0.022991884 -0.046020293 0.499470463
 0.047000000 0.998895246 0.023491343 -0.047021646 0.499447165
 0.048000000 0.998847723 0.023990778 -0.048023058 0.499423363
 0.049000000 0.998799200 0.024490189 -0.049024530 0.499399059
 0.050000000 0.998749674 0.024989576 -0.050026063 0.499374250
 0.051000000 0.998699147 0.025488937 -0.051027660 0.499348939
 0.052000000 0.998647619 0.025988274 -0.052029320 0.499323123
 0.053000000 0.998595089 0.026487584 -0.053031045 0.499296803
 0.054000000 0.998541557 0.026986867 -0.054032837 0.499269980
 0.055000000 0.998487023 0.027486123 -0.055034696 0.499242652
 0.056000000 0.998431487 0.027985352 -0.056036625 0.499214820
 0.057000000 0.998374950 0.028484553 -0.057038624 0.499186483
 0.058000000 0.998317410 0.028983725 -0.058040694 0.499157642
 0.059000000 0.998258868 0.029482868 -0.059042837 0.499128296
 0.060000000 0.998199324 0.029981981 -0.060045054 0.499098445
 0.061000000 0.998138778 0.030481065 -0.061047346 0.499068088
 0.062000000 0.998077230 0.030980117 -0.062049715 0.499037226
 0.063000000 0.998014679 0.031479139 -0.063052162 0.499005859
 0.064000000 0.997951125 0.031978129 -0.064054688 0.498973986
 0.065000000 0.997886569 0.032477087 -0.065057294 0.498941607
 0.066000000 0.997821011 0.032976012 -0.066059982 0.498908722
 0.067000000 0.997754449 0.033474904 -0.067062753 0.498875331
 0.068000000 0.997686885 0.033973762 -0.068065608 0.498841433
 0.069000000 0.997618318 0.034472587 -0.069068548 0.498807028
 0.070000000 0.997548748 0.034971376 -0.070071575 0.498772117
 0.071000000 0.997478175 0.035470131 -0.071074690 0.498736698
 0.072000000 0.997406599 0.035968850 -0.072077894 0.498700772
 0.073000000 0.997334019 0.036467532 -0.073081189 0.498664339
 0.074000000 0.997260436 0.036966178 -0.074084576 0.498627398
 0.075000000 0.997185850 0.037464787 -0.075088055 0.498589949
 0.076000000 0.997110260 0.037963358 -0.076091629 0.498551992
 0.077000000 0.997033667 0.038461891 -0.077095299 0.498513526
 0.078000000 0.996956070 0.038960385 -0.078099065 0.498474552
 0.079000000 0.996877469 0.039458840 -0.079102930 0.498435069
 0.080000000 0.996797864 0.039957255 -0.080106894 0.498395077
 0.081000000 0.996717255 0.040455630 -0.081110959 0.498354576
 0.082000000 0.996635642 0.040953964 -0.082115126 0.498313566
 0.083000000 0.996553024 0.041452256 -0.083119396 0.498272045
 0.084000000 0.996469403 0.041950508 -0.084123770 0.498230015
 0.085000000 0.996384777 0.042448716 -0.085128251 0.498187474
 0.086000000 0.996299146 0.042946882 -0.086132838 0.498144423
 0.087000000 0.996212511 0.043445005 -0.087137534 0.498100861
 0.088000000 0.996124871 0.043943084 -0.088142340 0.498056788
 0.089000000 0.996036226 0.044441118 -0.089147256 0.498012204
 0.090000000 0.995946577 0.044939108 -0.090152285 0.497967108
 0.091000000 0.995855922 0.045437052 -0.091157428 0.497921501
 0.092000000 0.995764262 0.045934951 -0.092162685 0.497875381
 0.093000000 0.995671596 0.046432803 -0.093168058 0.497828750
 0.094000000 0.995577926 0.046930608 -0.094173548 0.497781605
 0.095000000 0.995483249 0.047428366 -0.095179158 0.497733948
 0.096000000 0.995387567 0.047926076 -0.096184887 0.497685778
 0.097000000 0.995290879 0.048423737 -0.097190737 0.497637094
 0.098000000 0.995193186 0.048921350 -0.098196710 0.497587897
 0.099000000 0.995094486 0.049418913 -0.099202807 0.497538186
 0.100000000 0.994994780 0.049916426 -0.100209029 0.497487960
 0.101000000 0.994894068 0.050413889 -0.101215377 0.497437220
 0.102000000 0.994792349 0.050911300 -0.102221853 0.497385965
 0.103000000 0.994689624 0.051408661 -0.103228458 0.497334195
 0.104000000 0.994585892 0.051905969 -0.104235193 0.497281909
 0.105000000 0.994481154 0.052403224 -0.105242060 0.497229108
 0.106000000 0.994375408 0.052900427 -0.106249059 0.497175790
 0.107000000 0.994268656 0.053397576 -0.107256193 0.497121956
 0.108000000 0.994160896 0.053894670 -0.108263462 0.497067606
 0.109000000 0.994052129 0.054391711 -0.109270868 0.497012738
 0.110000000 0.993942354 0.054888696 -0.110278412 0.496957354
 0.111000000 0.993831572 0.055385625 -0.111286096 0.496901451
 0.112000000 0.993719782 0.055882499 -0.112293920 0.496845030
 0.113000000 0.993606984 0.056379315 -0.113301886 0.496788092
 0.114000000 0.993493178 0.056876075 -0.114309995 0.496730634
 0.115000000 0.993378364 0.057372776 -0.115318249 0.496672658
 0.116000000 0.993262541 0.057869420 -0.116326649 0.496614162
 0.117000000 0.993145710 0.058366004 -0.117335196 0.496555146
 0.118000000 0.993027871 0.058862530 -0.118343891 0.496495611
 0.119000000 0.992909023 0.059358995 -0.119352737 0.496435555
 0.120000000 0.992789165 0.059855401 -0.120361733 0.496374978
 0.121000000 0.992668299 0.060351745 -0.121370882 0.496313880
 0.122000000 0.992546424 0.060848028 -0.122380184 0.496252261
 0.123000000 0.992423539 0.061344250 -0.123389642 0.496190120
 0.124000000 0.992299644 0.061840408 -0.124399256 0.496127457
 0.125000000 0.992174740 0.062336504 -0.125409027 0.496064271
 0.126000000 0.992048826 0.062832537 -0.126418958 0.496000563
 0.127000000 0.991921902 0.063328505 -0.127429049 0.495936331
 0.128000000 0.991793968 0.063824409 -0.128439301 0.495871576
 0.129000000 0.991665023 0.064320248 -0.129449717 0.495806296
 0.130000000 0.991535068 0.064816022 -0.130460296 0.495740492
 0.131000000 0.991404103 0.065311729 -0.131471042 0.495674163
 0.132000000 0.991272126 0.065807370 -0.132481954 0.495607309
 0.133000000 0.991139139 0.066302943 -0.133493034 0.495539929
 0.134000000 0.991005140 0.066798449 -0.134504284 0.495472024
 0.135000000 0.990870130 0.067293887 -0.135515705 0.495403592
 0.136000000 0.990734109 0.067789256 -0.136527298 0.495334633
 0.137000000 0.990597076 0.068284556 -0.137539065 0.495265147
 0.138000000 0.990459031 0.068779787 -0.138551006 0.495195133
 0.139000000 0.990319974 0.069274947 -0.139563124 0.495124591
 0.140000000 0.990179904 0.069770036 -0.140575419 0.495053521
 0.141000000 0.990038823 0.070265053 -0.141587893 0.494981922
 0.142000000 0.989896728 0.070759999 -0.142600548 0.494909793
 0.143000000 0.989753621 0.071254873 -0.143613383 0.494837135
 0.144000000 0.989609502 0.071749673 -0.144626402 0.494763947
 0.145000000 0.989464369 0.072244401 -0.145639605 0.494690228
 0.146000000 0.989318222 0.072739054 -0.146652993 0.494615978
 0.147000000 0.989171063 0.073233632 -0.147666569 0.494541196
 0.148000000 0.989022889 0.073728136 -0.148680332 0.494465883
 0.149000000 0.988873702 0.074222564 -0.149694285 0.494390037
 0.150000000 0.988723500 0.074716916 -0.150708429 0.494313659
 0.151000000 0.988572285 0.075211191 -0.151722765 0.494236747
 0.152000000 0.988420055 0.075705389 -0.152737295 0.494159301
 0.153000000 0.988266810 0.076199509 -0.153752020 0.494081321
 0.154000000 0.988112551 0.076693552 -0.154766941 0.494002807
 0.155000000 0.987957276 0.077187515 -0.155782060 0.493923757
 0.156000000 0.987800987 0.077681399 -0.156797378 0.493844172
 0.157000000 0.987643681 0.078175203 -0.157812896 0.493764051
 0.158000000 0.987485361 0.078668927 -0.158828616 0.493683393
 0.159000000 0.987326024 0.079162570 -0.159844539 0.493602198
 0.160000000 0.987165672 0.079656131 -0.160860666 0.493520465
 0.161000000 0.987004303 0.080149610 -0.161876999 0.493438195
 0.162000000 0.986841918 0.080643007 -0.162893539 0.493355386
 0.163000000 0.986678516 0.081136321 -0.163910288 0.493272038
 0.164000000 0.986514097 0.081629551 -0.164927247 0.493188150
 0.165000000 0.986348661 0.082122697 -0.165944417 0.493103723
 0.166000000 0.986182208 0.082615758 -0.166961799 0.493018755
 0.167000000 0.986014737 0.083108734 -0.167979396 0.492933246
 0.168000000 0.985846249 0.083601625 -0.168997208 0.492847195
 0.169000000 0.985676743 0.084094429 -0.170015236 0.492760603
 0.170000000 0.985506219 0.084587146 -0.171033483 0.492673467
 0.171000000 0.985334676 0.085079775 -0.172051949 0.492585789
 0.172000000 0.985162115 0.085572317 -0.173070636 0.492497567
 0.173000000 0.984988535 0.086064770 -0.174089545 0.492408801
 0.174000000 0.984813935 0.086557135 -0.175108678 0.492319490
 0.175000000 0.984638317 0.087049409 -0.176128036 0.492229634
 0.176000000 0.984461679 0.087541594 -0.177147620 0.492139232
 0.177000000 0.984284022 0.088033687 -0.178167431 0.492048284
 0.178000000 0.984105344 0.088525690 -0.179187472 0.491956789
 0.179000000 0.983925647 0.089017601 -0.180207744 0.491864747
 0.180000000 0.983744929 0.089509419 -0.181228247 0.491772156
 0.181000000 0.983563190 0.090001145 -0.182248984 0.491679017
 0.182000000 0.983380431 0.090492777 -0.183269955 0.491585329
 0.183000000 0.983196650 0.090984315 -0.184291163 0.491491091
 0.184000000 0.983011848 0.091475759 -0.185312607 0.491396303
 0.185000000 0.982826025 0.091967108 -0.186334291 0.491300965
 0.186000000 0.982639180 0.092458361 -0.187356215 0.491205074
 0.187000000 0.982451312 0.092949518 -0.188378381 0.491108632
 0.188000000 0.982262423 0.093440578 -0.189400789 0.491011638
 0.189000000 0.982072511 0.093931541 -0.190423443 0.490914090
 0.190000000 0.981881576 0.094422406 -0.191446342 0.490815988
 0.191000000 0.981689618 0.094913173 -0.192469488 0.490717332
 0.192000000 0.981496637 0.095403840 -0.193492883 0.490618121
 0.193000000 0.981302632 0.095894409 -0.194516528 0.490518355
 0.194000000 0.981107604 0.096384877 -0.195540424 0.490418032
 0.195000000 0.980911551 0.096875245 -0.196564574 0.490317153
 0.196000000 0.980714474 0.097365511 -0.197588978 0.490215716
 0.197000000 0.980516373 0.097855676 -0.198613637 0.490113721
 0.198000000 0.980317247 0.098345738 -0.199638554 0.490011168
 0.199000000 0.980117096 0.098835698 -0.200663729 0.489908055
 0.200000000 0.979915920 0.099325554 -0.201689165 0.489804383
 0.201000000 0.979713718 0.099815307 -0.202714861 0.489700150
 0.202000000 0.979510490 0.100304954 -0.203740821 0.489595355
 0.203000000 0.979306236 0.100794497 -0.204767045 0.489489999
 0.204000000 0.979100956 0.101283934 -0.205793535 0.489384081
 0.205000000 0.978894649 0.101773265 -0.206820291 0.489277599
 0.206000000 0.978687315 0.102262489 -0.207847317 0.489170554
 0.207000000 0.978478954 0.102751606 -0.208874612 0.489062944
 0.208000000 0.978269566 0.103240615 -0.209902179 0.488954770
 0.209000000 0.978059149 0.103729515 -0.210930019 0.488846029
 0.210000000 0.977847705 0.104218307 -0.211958133 0.488736722
 0.211000000 0.977635233 0.104706989 -0.212986523 0.488626848
 0.212000000 0.977421732 0.105195560 -0.214015190 0.488516406
 0.213000000 0.977207203 0.105684021 -0.215044136 0.488405396
 0.214000000 0.976991644 0.106172371 -0.216073361 0.488293817
 0.215000000 0.976775056 0.106660609 -0.217102869 0.488181668
 0.216000000 0.976557438 0.107148734 -0.218132659 0.488068948
 0.217000000 0.976338790 0.107636746 -0.219162734 0.487955657
 0.218000000 0.976119113 0.108124645 -0.220193095 0.487841795
 0.219000000 0.975898404 0.108612430 -0.221223744 0.487727359
 0.220000000 0.975676665 0.109100100 -0.222254681 0.487612351
 0.221000000 0.975453895 0.109587654 -0.223285908 0.487496768
 0.222000000 0.975230093 0.110075093 -0.224317427 0.487380611
 0.223000000 0.975005260 0.110562415 -0.225349240 0.487263878
 0.224000000 0.974779394 0.111049621 -0.226381347 0.487146569
 0.225000000 0.974552497 0.111536708 -0.227413751 0.487028683
 0.226000000 0.974324567 0.112023678 -0.228446452 0.486910219
 0.227000000 0.974095604 0.112510529 -0.229479452 0.486791177
 0.228000000 0.973865608 0.112997260 -0.230512753 0.486671556
 0.229000000 0.973634578 0.113483871 -0.231546356 0.486551355
 0.230000000 0.973402515 0.113970362 -0.232580262 0.486430573
 0.231000000 0.973169418 0.114456732 -0.233614474 0.486309210
 0.232000000 0.972935286 0.114942981 -0.234648992 0.486187265
 0.233000000 0.972700120 0.115429107 -0.235683819 0.486064737
 0.234000000 0.972463918 0.115915110 -0.236718954 0.485941625
 0.235000000 0.972226682 0.116400990 -0.237754401 0.485817928
 0.236000000 0.971988409 0.116886746 -0.238790160 0.485693647
 0.237000000 0.971749101 0.117372377 -0.239826234 0.485568779
 0.238000000 0.971508757 0.117857883 -0.240862623 0.485443325
 0.239000000 0.971267376 0.118343263 -0.241899329 0.485317283
 0.240000000 0.971024958 0.118828517 -0.242936353 0.485190653
 0.241000000 0.970781503 0.119313644 -0.243973698 0.485063433
 0.242000000 0.970537010 0.119798644 -0.245011364 0.484935624
 0.243000000 0.970291480 0.120283516 -0.246049353 0.484807224
 0.244000000 0.970044912 0.120768258 -0.247087666 0.484678232
 0.245000000 0.969797305 0.121252872 -0.248126306 0.484548648
 0.246000000 0.969548659 0.121737355 -0.249165273 0.484418471
 0.247000000 0.969298974 0.122221709 -0.250204570 0.484287699
 0.248000000 0.969048250 0.122705931 -0.251244197 0.484156333
 0.249000000 0.968796486 0.123190021 -0.252284156 0.484024371
 0.250000000 0.968543681 0.123673979 -0.253324449 0.483891812
 0.251000000 0.968289837 0.124157804 -0.254365077 0.483758657
 0.252000000 0.968034951 0.124641496 -0.255406043 0.483624902
 0.253000000 0.967779024 0.125125054 -0.256447346 0.483490549
 0.254000000 0.967522056 0.125608477 -0.257488989 0.483355596
 0.255000000 0.967264046 0.126091765 -0.258530974 0.483220042
 0.256000000 0.967004994 0.126574917 -0.259573301 0.483083887
 0.257000000 0.966744900 0.127057933 -0.260615973 0.482947129
 0.258000000 0.966483762 0.127540811 -0.261658991 0.482809767
 0.259000000 0.966221581 0.128023552 -0.262702356 0.482671801
 0.260000000 0.965958357 0.128506154 -0.263746071 0.482533230
 0.261000000 0.965694089 0.128988618 -0.264790136 0.482394054
 0.262000000 0.965428777 0.129470942 -0.265834554 0.482254270
 0.263000000 0.965162420 0.129953127 -0.266879325 0.482113878
 0.264000000 0.964895018 0.130435170 -0.267924452 0.481972878
 0.265000000 0.964626571 0.130917072 -0.268969936 0.481831268
 0.266000000 0.964357078 0.131398832 -0.270015778 0.481689047
 0.267000000 0.964086539 0.131880450 -0.271061980 0.481546215
 0.268000000 0.963814954 0.132361925 -0.272108544 0.481402771
 0.269000000 0.963542322 0.132843255 -0.273155471 0.481258713
 0.270000000 0.963268643 0.133324442 -0.274202763 0.481114041
 0.271000000 0.962993916 0.133805483 -0.275250421 0.480968754
 0.272000000 0.962718142 0.134286379 -0.276298448 0.480822851
 0.273000000 0.962441319 0.134767129 -0.277346843 0.480676331
 0.274000000 0.962163448 0.135247731 -0.278395610 0.480529193
 0.275000000 0.961884528 0.135728187 -0.279444750 0.480381436
 0.276000000 0.961604559 0.136208494 -0.280494264 0.480233059
 0.277000000 0.961323539 0.136688653 -0.281544154 0.480084061
 0.278000000 0.961041470 0.137168662 -0.282594422 0.479934442
 0.279000000 0.960758350 0.137648521 -0.283645068 0.479784199
 0.280000000 0.960474180 0.138128230 -0.284696096 0.479633333
 0.281000000 0.960188958 0.138607788 -0.285747505 0.479481842
 0.282000000 0.959902685 0.139087194 -0.286799299 0.479329725
 0.283000000 0.959615359 0.139566447 -0.287851478 0.479176982
 0.284000000 0.959326982 0.140045547 -0.288904045 0.479023611
 0.285000000 0.959037551 0.140524494 -0.289957000 0.478869611
 0.286000000 0.958747068 0.141003287 -0.291010346 0.478714982
 0.287000000 0.958455530 0.141481924 -0.292064083 0.478559721
 0.288000000 0.958162939 0.141960406 -0.293118215 0.478403829
 0.289000000 0.957869294 0.142438731 -0.294172742 0.478247305
 0.290000000 0.957574594 0.142916900 -0.295227666 0.478090146
 0.291000000 0.957278838 0.143394911 -0.296282988 0.477932352
 0.292000000 0.956982027 0.143872765 -0.297338711 0.477773923
 0.293000000 0.956684161 0.144350459 -0.298394835 0.477614857
 0.294000000 0.956385238 0.144827994 -0.299451363 0.477455153
 0.295000000 0.956085258 0.145305369 -0.300508297 0.477294810
 0.296000000 0.955784221 0.145782584 -0.301565637 0.477133826
 0.297000000 0.955482126 0.146259637 -0.302623385 0.476972202
 0.298000000 0.955178974 0.146736528 -0.303681544 0.476809935
 0.299000000 0.954874763 0.147213256 -0.304740115 0.476647025
 0.300000000 0.954569494 0.147689822 -0.305799099 0.476483471
 0.301000000 0.954263165 0.148166223 -0.306858498 0.476319271
 0.302000000 0.953955777 0.148642460 -0.307918315 0.476154425
 0.303000000 0.953647328 0.149118532 -0.308978549 0.475988931
 0.304000000 0.953337819 0.149594438 -0.310039204 0.475822789
 0.305000000 0.953027250 0.150070177 -0.311100281 0.475655996
 0.306000000 0.952715619 0.150545749 -0.312161781 0.475488553
 0.307000000 0.952402926 0.151021154 -0.313223707 0.475320457
 0.308000000 0.952089171 0.151496390 -0.314286059 0.475151709
 0.309000000 0.951774354 0.151971457 -0.315348840 0.474982306
 0.310000000 0.951458473 0.152446354 -0.316412052 0.474812248
 0.311000000 0.951141529 0.152921081 -0.317475695 0.474641533
 0.312000000 0.950823522 0.153395637 -0.318539773 0.474470160
 0.313000000 0.950504450 0.153870021 -0.319604285 0.474298129
 0.314000000 0.950184313 0.154344233 -0.320669235 0.474125437
 0.315000000 0.949863111 0.154818272 -0.321734624 0.473952084
 0.316000000 0.949540844 0.155292137 -0.322800453 0.473778069
 0.317000000 0.949217510 0.155765828 -0.323866725 0.473603391
 0.318000000 0.948893110 0.156239344 -0.324933441 0.473428048
 0.319000000 0.948567643 0.156712684 -0.326000602 0.473252038
 0.320000000 0.948241109 0.157185848 -0.327068211 0.473075362
 0.321000000 0.947913506 0.157658834 -0.328136270 0.472898018
 0.322000000 0.947584836 0.158131643 -0.329204779 0.472720004
 0.323000000 0.947255097 0.158604274 -0.330273741 0.472541319
 0.324000000 0.946924288 0.159076726 -0.331343157 0.472361963
 0.325000000 0.946592410 0.159548998 -0.332413030 0.472181933
 0.326000000 0.946259462 0.160021090 -0.333483360 0.472001229
 0.327000000 0.945925443 0.160493000 -0.334554151 0.471819850
 0.328000000 0.945590354 0.160964729 -0.335625403 0.471637794
 0.329000000 0.945254192 0.161436275 -0.336697118 0.471455059
 0.330000000 0.944916959 0.161907639 -0.337769298 0.471271646
 0.331000000 0.944578654 0.162378819 -0.338841945 0.471087552
 0.332000000 0.944239275 0.162849814 -0.339915060 0.470902776
 0.333000000 0.943898823 0.163320624 -0.340988646 0.470717317
 0.334000000 0.943557298 0.163791248 -0.342062704 0.470531174
 0.335000000 0.943214698 0.164261686 -0.343137236 0.470344345
 0.336000000 0.942871023 0.164731937 -0.344212243 0.470156829
 0.337000000 0.942526273 0.165201999 -0.345287728 0.469968625
 0.338000000 0.942180447 0.165671874 -0.346363693 0.469779732
 0.339000000 0.941833546 0.166141559 -0.347440138 0.469590148
 0.340000000 0.941485567 0.166611054 -0.348517066 0.469399872
 0.341000000 0.941136511 0.167080358 -0.349594479 0.469208902
 0.342000000 0.940786378 0.167549471 -0.350672379 0.469017238
 0.343000000 0.940435166 0.168018392 -0.351750767 0.468824877
 0.344000000 0.940082876 0.168487121 -0.352829645 0.468631820
 0.345000000 0.939729507 0.168955656 -0.353909015 0.468438063
 0.346000000 0.939375058 0.169423997 -0.354988879 0.468243607
 0.347000000 0.939019529 0.169892143 -0.356069238 0.468048449
 0.348000000 0.938662919 0.170360093 -0.357150095 0.467852588
 0.349000000 0.938305229 0.170827848 -0.358231451 0.467656024
 0.350000000 0.937946456 0.171295405 -0.359313308 0.467458753
 0.351000000 0.937586602 0.171762765 -0.360395669 0.467260776
 0.352000000 0.937225665 0.172229926 -0.361478534 0.467062091
 0.353000000 0.936863645 0.172696889 -0.362561906 0.466862696
 0.354000000 0.936500541 0.173163652 -0.363645786 0.466662590
 0.355000000 0.936136353 0.173630214 -0.364730177 0.466461771
 0.356000000 0.935771080 0.174096575 -0.365815080 0.466260239
 0.357000000 0.935404723 0.174562734 -0.366900498 0.466057991
 0.358000000 0.935037279 0.175028691 -0.367986431 0.465855027
 0.359000000 0.934668750 0.175494444 -0.369072883 0.465651344
 0.360000000 0.934299133 0.175959993 -0.370159854 0.465446942
 0.361000000 0.933928430 0.176425338 -0.371247347 0.465241819
 0.362000000 0.933556638 0.176890477 -0.372335363 0.465035974
 0.363000000 0.933183759 0.177355409 -0.373423905 0.464829404
 0.364000000 0.932809790 0.177820135 -0.374512974 0.464622109
 0.365000000 0.932434733 0.178284653 -0.375602573 0.464414088
 0.366000000 0.932058585 0.178748963 -0.376692702 0.464205338
 0.367000000 0.931681347 0.179213064 -0.377783365 0.463995858
 0.368000000 0.931303018 0.179676955 -0.378874563 0.463785646
 0.369000000 0.930923598 0.180140635 -0.379966298 0.463574702
 0.370000000 0.930543085 0.180604104 -0.381058572 0.463363024
 0.371000000 0.930161480 0.181067361 -0.382151386 0.463150610
 0.372000000 0.929778782 0.181530405 -0.383244744 0.462937459
 0.373000000 0.929394991 0.181993235 -0.384338646 0.462723568
 0.374000000 0.929010105 0.182455852 -0.385433094 0.462508938
 0.375000000 0.928624124 0.182918253 -0.386528091 0.462293565
 0.376000000 0.928237049 0.183380438 -0.387623639 0.462077449
 0.377000000 0.927848877 0.183842407 -0.388719739 0.461860587
 0.378000000 0.927459609 0.184304159 -0.389816394 0.461642979
 0.379000000 0.927069244 0.184765693 -0.390913605 0.461424623
 0.380000000 0.926677782 0.185227008 -0.392011374 0.461205518
 0.381000000 0.926285221 0.185688104 -0.393109704 0.460985660
 0.382000000 0.925891562 0.186148979 -0.394208596 0.460765050
 0.383000000 0.925496804 0.186609634 -0.395308053 0.460543686
 0.384000000 0.925100946 0.187070067 -0.396408076 0.460321565
 0.385000000 0.924703987 0.187530277 -0.397508667 0.460098686
 0.386000000 0.924305928 0.187990264 -0.398609828 0.459875048
 0.387000000 0.923906767 0.188450027 -0.399711562 0.459650649
 0.388000000 0.923506505 0.188909565 -0.400813870 0.459425488
 0.389000000 0.923105140 0.189368877 -0.401916754 0.459199562
 0.390000000 0.922702671 0.189827964 -0.403020217 0.458972870
 0.391000000 0.922299099 0.190286823 -0.404124260 0.458745410
 0.392000000 0.921894422 0.190745454 -0.405228885 0.458517182
 0.393000000 0.921488641 0.191203857 -0.406334095 0.458288182
 0.394000000 0.921081754 0.191662030 -0.407439892 0.458058409
 0.395000000 0.920673761 0.192119973 -0.408546277 0.457827863
 0.396000000 0.920264661 0.192577686 -0.409653252 0.457596540
 0.397000000 0.919854454 0.193035166 -0.410760820 0.457364439
 0.398000000 0.919443139 0.193492414 -0.411868983 0.457131559
 0.399000000 0.919030716 0.193949429 -0.412977742 0.456897898
 0.400000000 0.918617184 0.194406210 -0.414087101 0.456663454
 0.401000000 0.918202542 0.194862756 -0.415197060 0.456428226
 0.402000000 0.917786789 0.195319066 -0.416307622 0.456192210
 0.403000000 0.917369926 0.195775140 -0.417418789 0.455955407
 0.404000000 0.916951952 0.196230977 -0.418530563 0.455717814
 0.405000000 0.916532865 0.196686575 -0.419642946 0.455479429
 0.406000000 0.916112666 0.197141935 -0.420755941 0.455240251
 0.407000000 0.915691353 0.197597056 -0.421869549 0.455000277
 0.408000000 0.915268926 0.198051935 -0.422983773 0.454759506
 0.409000000 0.914845385 0.198506574 -0.424098614 0.454517937
 0.410000000 0.914420729 0.198960971 -0.425214075 0.454275567
 0.411000000 0.913994957 0.199415125 -0.426330158 0.454032394
 0.412000000 0.913568068 0.199869036 -0.427446865 0.453788417
 0.413000000 0.913140063 0.200322702 -0.428564198 0.453543634
 0.414000000 0.912710940 0.200776123 -0.429682159 0.453298042
 0.415000000 0.912280698 0.201229298 -0.430800751 0.453051641
 0.416000000 0.911849338 0.201682226 -0.431919975 0.452804428
 0.417000000 0.911416858 0.202134906 -0.433039834 0.452556402
 0.418000000 0.910983258 0.202587338 -0.434160330 0.452307560
 0.419000000 0.910548537 0.203039521 -0.435281465 0.452057900
 0.420000000 0.910112695 0.203491454 -0.436403241 0.451807422
 0.421000000 0.909675731 0.203943136 -0.437525660 0.451556122
 0.422000000 0.909237643 0.204394566 -0.438648725 0.451303999
 0.423000000 0.908798433 0.204845743 -0.439772438 0.451051051
 0.424000000 0.908358098 0.205296667 -0.440896801 0.450797276
 0.425000000 0.907916639 0.205747338 -0.442021816 0.450542672
 0.426000000 0.907474054 0.206197753 -0.443147485 0.450287237
 0.427000000 0.907030344 0.206647912 -0.444273811 0.450030969
 0.428000000 0.906585507 0.207097814 -0.445400796 0.449773867
 0.429000000 0.906139542 0.207547459 -0.446528441 0.449515927
 0.430000000 0.905692449 0.207996846 -0.447656750 0.449257149
 0.431000000 0.905244228 0.208445973 -0.448785725 0.448997530
 0.432000000 0.904794878 0.208894841 -0.449915367 0.448737069
 0.433000000 0.904344397 0.209343447 -0.451045679 0.448475762
 0.434000000 0.903892786 0.209791792 -0.452176663 0.448213609
 0.435000000 0.903440044 0.210239874 -0.453308322 0.447950607
 0.436000000 0.902986169 0.210687693 -0.454440657 0.447686753
 0.437000000 0.902531162 0.211135247 -0.455573672 0.447422047
 0.438000000 0.902075022 0.211582537 -0.456707367 0.447156486
 0.439000000 0.901617747 0.212029560 -0.457841747 0.446890068
 0.440000000 0.901159338 0.212476316 -0.458976812 0.446622790
 0.441000000 0.900699793 0.212922805 -0.460112565 0.446354651
 0.442000000 0.900239113 0.213369025 -0.461249009 0.446085649
 0.443000000 0.899777295 0.213814976 -0.462386145 0.445815781
 0.444000000 0.899314340 0.214260657 -0.463523976 0.445545045
 0.445000000 0.898850247 0.214706066 -0.464662505 0.445273440
 0.446000000 0.898385015 0.215151203 -0.465801734 0.445000963
 0.447000000 0.897918643 0.215596068 -0.466941664 0.444727611
 0.448000000 0.897451131 0.216040658 -0.468082299 0.444453384
 0.449000000 0.896982478 0.216484974 -0.469223641 0.444178278
 0.450000000 0.896512684 0.216929014 -0.470365691 0.443902291
 0.451000000 0.896041747 0.217372778 -0.471508453 0.443625421
 0.452000000 0.895569667 0.217816265 -0.472651929 0.443347667
 0.453000000 0.895096443 0.218259473 -0.473796121 0.443069025
 0.454000000 0.894622074 0.218702403 -0.474941031 0.442789494
 0.455000000 0.894146560 0.219145052 -0.476086662 0.442509071
 0.456000000 0.893669901 0.219587421 -0.477233017 0.442227754
 0.457000000 0.893192094 0.220029507 -0.478380097 0.441945541
 0.458000000 0.892713140 0.220471311 -0.479527905 0.441662429
 0.459000000 0.892233038 0.220912832 -0.480676444 0.441378417
 0.460000000 0.891751787 0.221354068 -0.481825715 0.441093501
 0.461000000 0.891269386 0.221795019 -0.482975722 0.440807680
 0.462000000 0.890785835 0.222235683 -0.484126467 0.440520952
 0.463000000 0.890301133 0.222676060 -0.485277951 0.440233313
 0.464000000 0.889815279 0.223116149 -0.486430179 0.439944762
 0.465000000 0.889328273 0.223555949 -0.487583151 0.439655297
 0.466000000 0.888840113 0.223995460 -0.488736871 0.439364914
 0.467000000 0.888350799 0.224434679 -0.489891341 0.439073612
 0.468000000 0.887860330 0.224873606 -0.491046563 0.438781389
 0.469000000 0.887368705 0.225312241 -0.492202540 0.438488241
 0.470000000 0.886875924 0.225750583 -0.493359274 0.438194166
 0.471000000 0.886381986 0.226188629 -0.494516768 0.437899163
 0.472000000 0.885886891 0.226626381 -0.495675025 0.437603228
 0.473000000 0.885390636 0.227063836 -0.496834047 0.437306359
 0.474000000 0.884893222 0.227500993 -0.497993835 0.437008554
 0.475000000 0.884394648 0.227937852 -0.499154394 0.436709811
 0.476000000 0.883894913 0.228374412 -0.500315725 0.436410126
 0.477000000 0.883394017 0.228810672 -0.501477831 0.436109497
 0.478000000 0.882891957 0.229246631 -0.502640715 0.435807922
 0.479000000 0.882388735 0.229682288 -0.503804378 0.435505399
 0.480000000 0.881884348 0.230117642 -0.504968824 0.435201924
 0.481000000 0.881378797 0.230552691 -0.506134056 0.434897495
 0.482000000 0.880872080 0.230987436 -0.507300074 0.434592111
 0.483000000 0.880364197 0.231421875 -0.508466884 0.434285767
 0.484000000 0.879855146 0.231856007 -0.509634486 0.433978462
 0.485000000 0.879344927 0.232289832 -0.510802883 0.433670193
 0.486000000 0.878833540 0.232723347 -0.511972078 0.433360957
 0.487000000 0.878320983 0.233156553 -0.513142074 0.433050752
 0.488000000 0.877807255 0.233589449 -0.514312874 0.432739576
 0.489000000 0.877292357 0.234022032 -0.515484479 0.432427425
 0.490000000 0.876776286 0.234454303 -0.516656892 0.432114297
 0.491000000 0.876259043 0.234886261 -0.517830117 0.431800189
 0.492000000 0.875740626 0.235317903 -0.519004155 0.431485099
 0.493000000 0.875221034 0.235749230 -0.520179010 0.431169024
 0.494000000 0.874700267 0.236180241 -0.521354684 0.430851961
 0.495000000 0.874178325 0.236610934 -0.522531179 0.430533907
 0.496000000 0.873655205 0.237041308 -0.523708499 0.430214861
 0.497000000 0.873130907 0.237471363 -0.524886646 0.429894818
 0.498000000 0.872605431 0.237901098 -0.526065623 0.429573777
 0.499000000 0.872078776 0.238330511 -0.527245432 0.429251734
 0.500000000 0.871550940 0.238759601 -0.528426076 0.428928688
 0.501000000 0.871021923 0.239188368 -0.529607558 0.428604634
 0.502000000 0.870491725 0.239616810 -0.530789881 0.428279571
 0.503000000 0.869960343 0.240044926 -0.531973047 0.427953495
 0.504000000 0.869427778 0.240472716 -0.533157059 0.427626403
 0.505000000 0.868894029 0.240900179 -0.534341920 0.427298294
 0.506000000 0.868359094 0.241327313 -0.535527632 0.426969163
 0.507000000 0.867822973 0.241754117 -0.536714199 0.426639008
 0.508000000 0.867285666 0.242180590 -0.537901623 0.426307827
 0.509000000 0.866747170 0.242606732 -0.539089906 0.425975616
 0.510000000 0.866207485 0.243032541 -0.540279052 0.425642372
 0.511000000 0.865666611 0.243458017 -0.541469064 0.425308093
 0.512000000 0.865124547 0.243883157 -0.542659944 0.424972775
 0.513000000 0.864581291 0.244307962 -0.543851694 0.424636416
 0.514000000 0.864036843 0.244732430 -0.545044319 0.424299013
 0.515000000 0.863491202 0.245156559 -0.546237820 0.423960562
 0.516000000 0.862944367 0.245580350 -0.547432201 0.423621061
 0.517000000 0.862396338 0.246003801 -0.548627464 0.423280506
 0.518000000 0.861847112 0.246426911 -0.549823612 0.422938895
 0.519000000 0.861296690 0.246849679 -0.551020648 0.422596225
 0.520000000 0.860745071 0.247272103 -0.552218575 0.422252493
 0.521000000 0.860192253 0.247694183 -0.553417396 0.421907694
 0.522000000 0.859638235 0.248115918 -0.554617114 0.421561828
 0.523000000 0.859083018 0.248537307 -0.555817731 0.421214889
 0.524000000 0.858526600 0.248958348 -0.557019251 0.420866876
 0.525000000 0.857968979 0.249379040 -0.558221676 0.420517785
 0.526000000 0.857410156 0.249799383 -0.559425009 0.420167612
 0.527000000 0.856850129 0.250219375 -0.560629254 0.419816356
 0.528000000 0.856288897 0.250639015 -0.561834413 0.419464012
 0.529000000 0.855726460 0.251058303 -0.563040488 0.419110577
 0.530000000 0.855162816 0.251477236 -0.564247484 0.418756049
 0.531000000 0.854597965 0.251895814 -0.565455403 0.418400424
 0.532000000 0.854031905 0.252314036 -0.566664249 0.418043699
 0.533000000 0.853464636 0.252731901 -0.567874023 0.417685870
 0.534000000 0.852896156 0.253149408 -0.569084729 0.417326934
 0.535000000 0.852326466 0.253566555 -0.570296370 0.416966888
 0.536000000 0.851755563 0.253983341 -0.571508949 0.416605729
 0.537000000 0.851183448 0.254399766 -0.572722469 0.416243454
 0.538000000 0.850610118 0.254815828 -0.573936933 0.415880058
 0.539000000 0.850035574 0.255231526 -0.575152345 0.415515539
 0.540000000 0.849459813 0.255646858 -0.576368706 0.415149893
 0.541000000 0.848882836 0.256061825 -0.577586021 0.414783118
 0.542000000 0.848304641 0.256476424 -0.578804292 0.414415209
 0.543000000 0.847725227 0.256890655 -0.580023523 0.414046163
 0.544000000 0.847144593 0.257304516 -0.581243716 0.413675976
 0.545000000 0.846562739 0.257718007 -0.582464874 0.413304646
 0.546000000 0.845979663 0.258131125 -0.583687002 0.412932169
 0.547000000 0.845395365 0.258543871 -0.584910101 0.412558541
 0.548000000 0.844809843 0.258956242 -0.586134175 0.412183759
 0.549000000 0.844223096 0.259368238 -0.587359227 0.411807820
 0.550000000 0.843635124 0.259779857 -0.588585260 0.411430719
 0.551000000 0.843045925 0.260191099 -0.589812278 0.411052453
 0.552000000 0.842455499 0.260601962 -0.591040283 0.410673019
 0.553000000 0.841863844 0.261012444 -0.592269279 0.410292412
 0.554000000 0.841270960 0.261422546 -0.593499269 0.409910631
 0.555000000 0.840676846 0.261832265 -0.594730256 0.409527670
 0.556000000 0.840081499 0.262241601 -0.595962243 0.409143526
 0.557000000 0.839484921 0.262650552 -0.597195234 0.408758196
 0.558000000 0.838887109 0.263059117 -0.598429232 0.408371676
 0.559000000 0.838288062 0.263467295 -0.599664240 0.407983962
 0.560000000 0.837687780 0.263875085 -0.600900261 0.407595051
 0.561000000 0.837086261 0.264282485 -0.602137298 0.407204938
 0.562000000 0.836483505 0.264689494 -0.603375355 0.406813620
 0.563000000 0.835879510 0.265096111 -0.604614436 0.406421093
 0.564000000 0.835274276 0.265502336 -0.605854543 0.406027354
 0.565000000 0.834667801 0.265908166 -0.607095679 0.405632398
 0.566000000 0.834060084 0.266313600 -0.608337849 0.405236222
 0.567000000 0.833451125 0.266718638 -0.609581055 0.404838822
 0.568000000 0.832840922 0.267123277 -0.610825301 0.404440194
 0.569000000 0.832229474 0.267527518 -0.612070589 0.404040334
 0.570000000 0.831616780 0.267931358 -0.613316924 0.403639239
 0.571000000 0.831002839 0.268334796 -0.614564309 0.403236903
 0.572000000 0.830387651 0.268737831 -0.615812747 0.402833324
 0.573000000 0.829771214 0.269140462 -0.617062241 0.402428498
 0.574000000 0.829153526 0.269542688 -0.618312796 0.402022420
 0.575000000 0.828534588 0.269944506 -0.619564414 0.401615087
 0.576000000 0.827914397 0.270345917 -0.620817098 0.401206493
 0.577000000 0.827292953 0.270746919 -0.622070853 0.400796637
 0.578000000 0.826670255 0.271147510 -0.623325682 0.400385512
 0.579000000 0.826046301 0.271547690 -0.624581587 0.399973116
 0.580000000 0.825421091 0.271947456 -0.625838573 0.399559444
 0.581000000 0.824794624 0.272346808 -0.627096644 0.399144491
 0.582000000 0.824166898 0.272745745 -0.628355802 0.398728255
 0.583000000 0.823537912 0.273144264 -0.629616051 0.398310730
 0.584000000 0.822907665 0.273542366 -0.630877394 0.397891913
 0.585000000 0.822276157 0.273940048 -0.632139836 0.397471799
 0.586000000 0.821643385 0.274337309 -0.633403379 0.397050384
 0.587000000 0.821009350 0.274734148 -0.634668028 0.396627664
 0.588000000 0.820374049 0.275130564 -0.635933786 0.396203634
 0.589000000 0.819737482 0.275526555 -0.637200656 0.395778290
 0.590000000 0.819099647 0.275922120 -0.638468642 0.395351628
 0.591000000 0.818460544 0.276317258 -0.639737747 0.394923644
 0.592000000 0.817820171 0.276711967 -0.641007976 0.394494332
 0.593000000 0.817178528 0.277106246 -0.642279331 0.394063690
 0.594000000 0.816535612 0.277500094 -0.643551817 0.393631711
 0.595000000 0.815891424 0.277893509 -0.644825437 0.393198393
 0.596000000 0.815245961 0.278286490 -0.646100195 0.392763730
 0.597000000 0.814599223 0.278679036 -0.647376095 0.392327718
 0.598000000 0.813951208 0.279071145 -0.648653139 0.391890352
 0.599000000 0.813301916 0.279462816 -0.649931333 0.391451628
 0.600000000 0.812651345 0.279854048 -0.651210679 0.391011542
 0.601000000 0.811999495 0.280244839 -0.652491181 0.390570088
 0.602000000 0.811346363 0.280635187 -0.653772844 0.390127263
 0.603000000 0.810691948 0.281025093 -0.655055670 0.389683061
 0.604000000 0.810036251 0.281414553 -0.656339664 0.389237477
 0.605000000 0.809379269 0.281803567 -0.657624829 0.388790508
 0.606000000 0.808721001 0.282192134 -0.658911169 0.388342149
 0.607000000 0.808061446 0.282580251 -0.660198688 0.387892394
 0.608000000 0.807400603 0.282967918 -0.661487390 0.387441239
 0.609000000 0.806738471 0.283355133 -0.662777279 0.386988680
 0.610000000 0.806075048 0.283741895 -0.664068358 0.386534711
 0.611000000 0.805410334 0.284128202 -0.665360631 0.386079328
 0.612000000 0.804744326 0.284514053 -0.666654103 0.385622525
 0.613000000 0.804077025 0.284899447 -0.667948777 0.385164298
 0.614000000 0.803408428 0.285284381 -0.669244656 0.384704643
 0.615000000 0.802738535 0.285668855 -0.670541746 0.384243553
 0.616000000 0.802067345 0.286052868 -0.671840049 0.383781024
 0.617000000 0.801394855 0.286436417 -0.673139570 0.383317052
 0.618000000 0.800721065 0.286819501 -0.674440313 0.382851631
 0.619000000 0.800045974 0.287202120 -0.675742282 0.382384756
 0.620000000 0.799369580 0.287584270 -0.677045480 0.381916422
 0.621000000 0.798691882 0.287965952 -0.678349912 0.381446623
 0.622000000 0.798012880 0.288347163 -0.679655582 0.380975356
 0.623000000 0.797332571 0.288727902 -0.680962493 0.380502615
 0.624000000 0.796650954 0.289108168 -0.682270650 0.380028393
 0.625000000 0.795968029 0.289487959 -0.683580057 0.379552688
 0.626000000 0.795283794 0.289867273 -0.684890718 0.379075492
 0.627000000 0.794598247 0.290246109 -0.686202636 0.378596801
 0.628000000 0.793911388 0.290624466 -0.687515817 0.378116610
 0.629000000 0.793223215 0.291002342 -0.688830264 0.377634913
 0.630000000 0.792533727 0.291379735 -0.690145981 0.377151705
 0.631000000 0.791842923 0.291756645 -0.691462973 0.376666981
 0.632000000 0.791150801 0.292133069 -0.692781243 0.376180735
 0.633000000 0.790457360 0.292509006 -0.694100796 0.375692961
 0.634000000 0.789762599 0.292884454 -0.695421636 0.375203655
 0.635000000 0.789066516 0.293259412 -0.696743768 0.374712811
 0.636000000 0.788369111 0.293633879 -0.698067194 0.374220423
 0.637000000 0.787670381 0.294007853 -0.699391920 0.373726485
 0.638000000 0.786970327 0.294381332 -0.700717950 0.373230993
 0.639000000 0.786268945 0.294754314 -0.702045289 0.372733941
 0.640000000 0.785566236 0.295126799 -0.703373939 0.372235322
 0.641000000 0.784862197 0.295498784 -0.704703907 0.371735132
 0.642000000 0.784156827 0.295870269 -0.706035195 0.371233364
 0.643000000 0.783450126 0.296241251 -0.707367809 0.370730014
 0.644000000 0.782742091 0.296611728 -0.708701752 0.370225074
 0.645000000 0.782032722 0.296981700 -0.710037029 0.369718540
 0.646000000 0.781322017 0.297351165 -0.711373645 0.369210405
 0.647000000 0.780609974 0.297720120 -0.712711604 0.368700664
 0.648000000 0.779896593 0.298088566 -0.714050910 0.368189310
 0.649000000 0.779181872 0.298456499 -0.715391567 0.367676339
 0.650000000 0.778465810 0.298823918 -0.716733581 0.367161743
 0.651000000 0.777748404 0.299190821 -0.718076955 0.366645517
 0.652000000 0.777029655 0.299557208 -0.719421694 0.366127655
 0.653000000 0.776309561 0.299923076 -0.720767802 0.365608152
 0.654000000 0.775588119 0.300288424 -0.722115285 0.365086999
 0.655000000 0.774865330 0.300653250 -0.723464146 0.364564193
 0.656000000 0.774141190 0.301017552 -0.724814390 0.364039726
 0.657000000 0.773415700 0.301381329 -0.726166022 0.363513592
 0.658000000 0.772688858 0.301744578 -0.727519046 0.362985786
 0.659000000 0.771960662 0.302107300 -0.728873466 0.362456300
 0.660000000 0.771231110 0.302469490 -0.730229288 0.361925129
 0.661000000 0.770500203 0.302831149 -0.731586517 0.361392266
 0.662000000 0.769767937 0.303192274 -0.732945155 0.360857705
 0.663000000 0.769034312 0.303552864 -0.734305209 0.360321440
 0.664000000 0.768299326 0.303912917 -0.735666683 0.359783464
 0.665000000 0.767562978 0.304272430 -0.737029582 0.359243770
 0.666000000 0.766825266 0.304631404 -0.738393910 0.358702352
 0.667000000 0.766086190 0.304989835 -0.739759672 0.358159204
 0.668000000 0.765345747 0.305347722 -0.741126873 0.357614319
 0.669000000 0.764603936 0.305705063 -0.742495517 0.357067690
 0.670000000 0.763860755 0.306061856 -0.743865610 0.356519311
 0.671000000 0.763116204 0.306418101 -0.745237156 0.355969176
 0.672000000 0.762370280 0.306773794 -0.746610161 0.355417276
 0.673000000 0.761622983 0.307128935 -0.747984628 0.354863606
 0.674000000 0.760874311 0.307483521 -0.749360562 0.354308159
 0.675000000 0.760124261 0.307837550 -0.750737970 0.353750927
 0.676000000 0.759372834 0.308191022 -0.752116854 0.353191905
 0.677000000 0.758620027 0.308543934 -0.753497221 0.352631085
 0.678000000 0.757865839 0.308896284 -0.754879076 0.352068460
 0.679000000 0.757110269 0.309248070 -0.756262422 0.351504023
 0.680000000 0.756353314 0.309599291 -0.757647266 0.350937768
 0.681000000 0.755594974 0.309949945 -0.759033612 0.350369686
 0.682000000 0.754835246 0.310300030 -0.760421466 0.349799772
 0.683000000 0.754074130 0.310649544 -0.761810831 0.349228017
 0.684000000 0.753311624 0.310998485 -0.763201714 0.348654414
 0.685000000 0.752547726 0.311346852 -0.764594119 0.348078958
 0.686000000 0.751782435 0.311694642 -0.765988052 0.347501639
 0.687000000 0.751015750 0.312041855 -0.767383517 0.346922451
 0.688000000 0.750247668 0.312388487 -0.768780519 0.346341386
 0.689000000 0.749478188 0.312734537 -0.770179065 0.345758437
 0.690000000 0.748707309 0.313080003 -0.771579158 0.345173597
 0.691000000 0.747935029 0.313424883 -0.772980805 0.344586858
 0.692000000 0.747161347 0.313769176 -0.774384010 0.343998212
 0.693000000 0.746386261 0.314112879 -0.775788778 0.343407652
 0.694000000 0.745609769 0.314455991 -0.777195115 0.342815171
 0.695000000 0.744831870 0.314798509 -0.778603026 0.342220760
 0.696000000 0.744052562 0.315140432 -0.780012517 0.341624412
 0.697000000 0.743271844 0.315481757 -0.781423592 0.341026119
 0.698000000 0.742489714 0.315822483 -0.782836257 0.340425873
 0.699000000 0.741706171 0.316162608 -0.784250518 0.339823667
 0.700000000 0.740921213 0.316502130 -0.785666379 0.339219492
 0.701000000 0.740134838 0.316841046 -0.787083846 0.338613341
 0.702000000 0.739347045 0.317179356 -0.788502925 0.338005206
 0.703000000 0.738557832 0.317517056 -0.789923621 0.337395078
 0.704000000 0.737767197 0.317854145 -0.791345938 0.336782950
 0.705000000 0.736975139 0.318190621 -0.792769884 0.336168813
 0.706000000 0.736181657 0.318526482 -0.794195463 0.335552660
 0.707000000 0.735386748 0.318861726 -0.795622681 0.334934481
 0.708000000 0.734590411 0.319196351 -0.797051543 0.334314269
 0.709000000 0.733792644 0.319530354 -0.798482055 0.333692015
 0.710000000 0.732993446 0.319863734 -0.799914223 0.333067712
 0.711000000 0.732192815 0.320196489 -0.801348052 0.332441350
 0.712000000 0.731390749 0.320528616 -0.802783547 0.331812921
 0.713000000 0.730587247 0.320860114 -0.804220715 0.331182416
 0.714000000 0.729782307 0.321190980 -0.805659561 0.330549828
 0.715000000 0.728975928 0.321521213 -0.807100090 0.329915147
 0.716000000 0.728168107 0.321850810 -0.808542310 0.329278364
 0.717000000 0.727358843 0.322179769 -0.809986224 0.328639472
 0.718000000 0.726548134 0.322508088 -0.811431839 0.327998460
 0.719000000 0.725735978 0.322835765 -0.812879161 0.327355321
 0.720000000 0.724922375 0.323162798 -0.814328195 0.326710045
 0.721000000 0.724107321 0.323489184 -0.815778948 0.326062624
 0.722000000 0.723290816 0.323814922 -0.817231425 0.325413048
 0.723000000 0.722472858 0.324140010 -0.818685632 0.324761309
 0.724000000 0.721653444 0.324464444 -0.820141576 0.324107397
 0.725000000 0.720832574 0.324788224 -0.821599261 0.323451303
 0.726000000 0.720010245 0.325111346 -0.823058694 0.322793018
 0.727000000 0.719186456 0.325433809 -0.824519880 0.322132533
 0.728000000 0.718361205 0.325755610 -0.825982827 0.321469838
 0.729000000 0.717534490 0.326076748 -0.827447540 0.320804923
 0.730000000 0.716706309 0.326397220 -0.828914024 0.320137781
 0.731000000 0.715876661 0.326717023 -0.830382286 0.319468400
 0.732000000 0.715045544 0.327036156 -0.831852333 0.318796772
 0.733000000 0.714212956 0.327354616 -0.833324170 0.318122886
 0.734000000 0.713378895 0.327672401 -0.834797803 0.317446733
 0.735000000 0.712543360 0.327989508 -0.836273238 0.316768304
 0.736000000 0.711706348 0.328305937 -0.837750482 0.316087588
 0.737000000 0.710867858 0.328621683 -0.839229542 0.315404577
 0.738000000 0.710027888 0.328936745 -0.840710422 0.314719258
 0.739000000 0.709186437 0.329251121 -0.842193130 0.314031624
 0.740000000 0.708343502 0.329564807 -0.843677671 0.313341663
 0.741000000 0.707499081 0.329877803 -0.845164053 0.312649366
 0.742000000 0.706653173 0.330190105 -0.846652281 0.311954722
 0.743000000 0.705805776 0.330501712 -0.848142362 0.311257722
 0.744000000 0.704956887 0.330812620 -0.849634302 0.310558354
 0.745000000 0.704106506 0.331122828 -0.851128107 0.309856609
 0.746000000 0.703254631 0.331432332 -0.852623785 0.309152476
 0.747000000 0.702401258 0.331741132 -0.854121341 0.308445945
 0.748000000 0.701546387 0.332049223 -0.855620782 0.307737004
 0.749000000 0.700690016 0.332356605 -0.857122115 0.307025645
 0.750000000 0.699832142 0.332663274 -0.858625346 0.306311854
 0.751000000 0.698972765 0.332969228 -0.860130481 0.305595623
 0.752000000 0.698111881 0.333274464 -0.861637528 0.304876940
 0.753000000 0.697249489 0.333578981 -0.863146493 0.304155795
 0.754000000 0.696385587 0.333882775 -0.864657383 0.303432175
 0.755000000 0.695520174 0.334185844 -0.866170204 0.302706071
 0.756000000 0.694653246 0.334488186 -0.867684963 0.301977471
 0.757000000 0.693784803 0.334789799 -0.869201667 0.301246364
 0.758000000 0.692914842 0.335090678 -0.870720322 0.300512738
 0.759000000 0.692043362 0.335390823 -0.872240936 0.299776583
 0.760000000 0.691170360 0.335690231 -0.873763515 0.299037887
 0.761000000 0.690295834 0.335988898 -0.875288067 0.298296639
 0.762000000 0.689419783 0.336286823 -0.876814597 0.297552826
 0.763000000 0.688542204 0.336584003 -0.878343113 0.296806438
 0.764000000 0.687663096 0.336880435 -0.879873623 0.296057462
 0.765000000 0.686782456 0.337176117 -0.881406132 0.295305888
 0.766000000 0.685900283 0.337471046 -0.882940648 0.294551702
 0.767000000 0.685016574 0.337765220 -0.884477178 0.293794894
 0.768000000 0.684131328 0.338058635 -0.886015728 0.293035451
 0.769000000 0.683244542 0.338351290 -0.887556307 0.292273361
 0.770000000 0.682356215 0.338643181 -0.889098922 0.291508612
 0.771000000 0.681466344 0.338934306 -0.890643578 0.290741192
 0.772000000 0.680574927 0.339224662 -0.892190285 0.289971088
 0.773000000 0.679681962 0.339514247 -0.893739048 0.289198288
 0.774000000 0.678787448 0.339803058 -0.895289875 0.288422780
 0.775000000 0.677891382 0.340091092 -0.896842773 0.287644551
 0.776000000 0.676993762 0.340378346 -0.898397750 0.286863588
 0.777000000 0.676094586 0.340664818 -0.899954814 0.286079879
 0.778000000 0.675193852 0.340950505 -0.901513970 0.285293410
 0.779000000 0.674291557 0.341235404 -0.903075228 0.284504170
 0.780000000 0.673387700 0.341519512 -0.904638593 0.283712145
 0.781000000 0.672482279 0.341802827 -0.906204074 0.282917322
 0.782000000 0.671575292 0.342085346 -0.907771679 0.282119687
 0.783000000 0.670666735 0.342367066 -0.909341414 0.281319228
 0.784000000 0.669756608 0.342647984 -0.910913288 0.280515932
 0.785000000 0.668844908 0.342928097 -0.912487307 0.279709784
 0.786000000 0.667931633 0.343207402 -0.914063480 0.278900771
 0.787000000 0.667016780 0.343485897 -0.915641814 0.278088881
 0.788000000 0.666100348 0.343763579 -0.917222317 0.277274098
 0.789000000 0.665182335 0.344040444 -0.918804997 0.276456410
 0.790000000 0.664262738 0.344316491 -0.920389861 0.275635803
 0.791000000 0.663341554 0.344591715 -0.921976917 0.274812262
 0.792000000 0.662418783 0.344866114 -0.923566173 0.273985773
 0.793000000 0.661494421 0.345139686 -0.925157637 0.273156323
 0.794000000 0.660568467 0.345412426 -0.926751317 0.272323897
 0.795000000 0.659640918 0.345684332 -0.928347221 0.271488481
 0.796000000 0.658711772 0.345955402 -0.929945356 0.270650060
 0.797000000 0.657781026 0.346225632 -0.931545731 0.269808620
 0.798000000 0.656848680 0.346495018 -0.933148354 0.268964146
 0.799000000 0.655914729 0.346763559 -0.934753232 0.268116624
 0.800000000 0.654979172 0.347031250 -0.936360374 0.267266038
 0.801000000 0.654042008 0.347298090 -0.937969789 0.266412374
 0.802000000 0.653103232 0.347564074 -0.939581483 0.265555617
 0.803000000 0.652162844 0.347829200 -0.941195466 0.264695751
 0.804000000 0.651220840 0.348093465 -0.942811745 0.263832762
 0.805000000 0.650277220 0.348356865 -0.944430330 0.262966634
 0.806000000 0.649331979 0.348619397 -0.946051227 0.262097351
 0.807000000 0.648385116 0.348881058 -0.947674447 0.261224898
 0.808000000 0.647436629 0.349141846 -0.949299996 0.260349260
 0.809000000 0.646486516 0.349401756 -0.950927884 0.259470420
 0.810000000 0.645534773 0.349660785 -0.952558118 0.258588363
 0.811000000 0.644581398 0.349918931 -0.954190708 0.257703073
 0.812000000 0.643626391 0.350176190 -0.955825662 0.256814533
 0.813000000 0.642669746 0.350432559 -0.957462988 0.255922728
 0.814000000 0.641711464 0.350688035 -0.959102695 0.255027641
 0.815000000 0.640751540 0.350942613 -0.960744792 0.254129255
 0.816000000 0.639789973 0.351196292 -0.962389288 0.253227555
 0.817000000 0.638826761 0.351449067 -0.964036190 0.252322523
 0.818000000 0.637861900 0.351700936 -0.965685509 0.251414143
 0.819000000 0.636895389 0.351951895 -0.967337252 0.250502397
 0.820000000 0.635927225 0.352201940 -0.968991428 0.249587269
 0.821000000 0.634957405 0.352451068 -0.970648047 0.248668742
 0.822000000 0.633985928 0.352699276 -0.972307118 0.247746798
 0.823000000 0.633012790 0.352946561 -0.973968649 0.246821420
 0.824000000 0.632037990 0.353192918 -0.975632648 0.245892590
 0.825000000 0.631061524 0.353438345 -0.977299127 0.244960291
 0.826000000 0.630083391 0.353682837 -0.978968092 0.244024505
 0.827000000 0.629103587 0.353926392 -0.980639555 0.243085214
 0.828000000 0.628122111 0.354169006 -0.982313522 0.242142401
 0.829000000 0.627138959 0.354410676 -0.983990005 0.241196046
 0.830000000 0.626154130 0.354651397 -0.985669012 0.240246132
 0.831000000 0.625167620 0.354891167 -0.987350552 0.239292640
 0.832000000 0.624179428 0.355129981 -0.989034634 0.238335552
 0.833000000 0.623189550 0.355367837 -0.990721269 0.237374849
 0.834000000 0.622197985 0.355604730 -0.992410465 0.236410513
 0.835000000 0.621204728 0.355840657 -0.994102232 0.235442523
 0.836000000 0.620209779 0.356075614 -0.995796580 0.234470862
 0.837000000 0.619213134 0.356309597 -0.997493517 0.233495510
 0.838000000 0.618214791 0.356542604 -0.999193053 0.232516448
 0.839000000 0.617214747 0.356774629 -1.000895199 0.231533656
 0.840000000 0.616213000 0.357005670 -1.002599963 0.230547114
 0.841000000 0.615209547 0.357235722 -1.004307356 0.229556803
 0.842000000 0.614204385 0.357464782 -1.006017387 0.228562703
 0.843000000 0.613197511 0.357692846 -1.007730065 0.227564794
 0.844000000 0.612188923 0.357919910 -1.009445401 0.226563055
 0.845000000 0.611178619 0.358145971 -1.011163405 0.225557466
 0.846000000 0.610166596 0.358371024 -1.012884086 0.224548007
 0.847000000 0.609152850 0.358595066 -1.014607455 0.223534656
 0.848000000 0.608137380 0.358818092 -1.016333521 0.222517394
 0.849000000 0.607120182 0.359040099 -1.018062295 0.221496199
 0.850000000 0.606101254 0.359261083 -1.019793786 0.220471050
 0.851000000 0.605080594 0.359481040 -1.021528004 0.219441926
 0.852000000 0.604058198 0.359699966 -1.023264961 0.218408805
 0.853000000 0.603034063 0.359917856 -1.025004665 0.217371665
 0.854000000 0.602008187 0.360134707 -1.026747128 0.216330485
 0.855000000 0.600980568 0.360350516 -1.028492359 0.215285244
 0.856000000 0.599951202 0.360565277 -1.030240370 0.214235917
 0.857000000 0.598920086 0.360778986 -1.031991169 0.213182485
 0.858000000 0.597887218 0.360991640 -1.033744769 0.212124923
 0.859000000 0.596852596 0.361203235 -1.035501178 0.211063210
 0.860000000 0.595816215 0.361413765 -1.037260409 0.209997323
 0.861000000 0.594778074 0.361623228 -1.039022471 0.208927238
 0.862000000 0.593738169 0.361831618 -1.040787375 0.207852933
 0.863000000 0.592696498 0.362038932 -1.042555132 0.206774384
 0.864000000 0.591653058 0.362245166 -1.044325752 0.205691568
 0.865000000 0.590607846 0.362450314 -1.046099246 0.204604461
 0.866000000 0.589560859 0.362654373 -1.047875625 0.203513039
 0.867000000 0.588512094 0.362857339 -1.049654900 0.202417278
 0.868000000 0.587461548 0.363059206 -1.051437082 0.201317155
 0.869000000 0.586409218 0.363259972 -1.053222182 0.200212644
 0.870000000 0.585355102 0.363459630 -1.055010211 0.199103721
 0.871000000 0.584299197 0.363658177 -1.056801179 0.197990362
 0.872000000 0.583241499 0.363855609 -1.058595098 0.196872540
 0.873000000 0.582182006 0.364051921 -1.060391980 0.195750232
 0.874000000 0.581120714 0.364247108 -1.062191834 0.194623412
 0.875000000 0.580057621 0.364441166 -1.063994673 0.193492053
 0.876000000 0.578992724 0.364634091 -1.065800508 0.192356132
 0.877000000 0.577926019 0.364825877 -1.067609351 0.191215620
 0.878000000 0.576857504 0.365016521 -1.069421212 0.190070493
 0.879000000 0.575787176 0.365206017 -1.071236103 0.188920724
 0.880000000 0.574715031 0.365394360 -1.073054035 0.187766287
 0.881000000 0.573641067 0.365581548 -1.074875021 0.186607153
 0.882000000 0.572565280 0.365767573 -1.076699071 0.185443298
 0.883000000 0.571487667 0.365952433 -1.078526198 0.184274693
 0.884000000 0.570408226 0.366136121 -1.080356412 0.183101311
 0.885000000 0.569326954 0.366318634 -1.082189727 0.181923124
 0.886000000 0.568243846 0.366499966 -1.084026153 0.180740104
 0.887000000 0.567158900 0.366680112 -1.085865703 0.179552224
 0.888000000 0.566072113 0.366859068 -1.087708389 0.178359455
 0.889000000 0.564983482 0.367036829 -1.089554221 0.177161769
 0.890000000 0.563893004 0.367213390 -1.091403213 0.175959136
 0.891000000 0.562800675 0.367388746 -1.093255377 0.174751528
 0.892000000 0.561706492 0.367562892 -1.095110724 0.173538916
 0.893000000 0.560610452 0.367735822 -1.096969267 0.172321269
 0.894000000 0.559512553 0.367907533 -1.098831018 0.171098559
 0.895000000 0.558412789 0.368078018 -1.100695989 0.169870755
 0.896000000 0.557311159 0.368247272 -1.102564193 0.168637828
 0.897000000 0.556207660 0.368415292 -1.104435642 0.167399746
 0.898000000 0.555102287 0.368582070 -1.106310348 0.166156479
 0.899000000 0.553995038 0.368747603 -1.108188324 0.164907997
 0.900000000 0.552885909 0.368911884 -1.110069583 0.163654267
 0.901000000 0.551774898 0.369074910 -1.111954137 0.162395259
 0.902000000 0.550662000 0.369236673 -1.113841998 0.161130941
 0.903000000 0.549547213 0.369397170 -1.115733180 0.159861281
 0.904000000 0.548430533 0.369556394 -1.117627695 0.158586246
 0.905000000 0.547311956 0.369714340 -1.119525556 0.157305804
 0.906000000 0.546191480 0.369871004 -1.121426776 0.156019923
 0.907000000 0.545069101 0.370026378 -1.123331368 0.154728569
 0.908000000 0.543944816 0.370180459 -1.125239345 0.153431709
 0.909000000 0.542818622 0.370333240 -1.127150720 0.152129310
 0.910000000 0.541690514 0.370484716 -1.129065505 0.150821337
 0.911000000 0.540560490 0.370634881 -1.130983715 0.149507756
 0.912000000 0.539428545 0.370783729 -1.132905362 0.148188533
 0.913000000 0.538294678 0.370931256 -1.134830459 0.146863634
 0.914000000 0.537158883 0.371077455 -1.136759020 0.145533023
 0.915000000 0.536021158 0.371222320 -1.138691059 0.144196665
 0.916000000 0.534881500 0.371365846 -1.140626588 0.142854524
 0.917000000 0.533739904 0.371508027 -1.142565622 0.141506564
 0.918000000 0.532596367 0.371648857 -1.144508173 0.140152750
 0.919000000 0.531450887 0.371788331 -1.146454255 0.138793044
 0.920000000 0.530303458 0.371926441 -1.148403882 0.137427410
 0.921000000 0.529154078 0.372063184 -1.150357068 0.136055811
 0.922000000 0.528002742 0.372198551 -1.152313827 0.134678208
 0.923000000 0.526849449 0.372332538 -1.154274171 0.133294566
 0.924000000 0.525694193 0.372465138 -1.156238116 0.131904844
 0.925000000 0.524536971 0.372596346 -1.158205675 0.130509005
 0.926000000 0.523377780 0.372726154 -1.160176861 0.129107010
 0.927000000 0.522216616 0.372854558 -1.162151690 0.127698820
 0.928000000 0.521053476 0.372981550 -1.164130175 0.126284396
 0.929000000 0.519888355 0.373107124 -1.166112331 0.124863697
 0.930000000 0.518721250 0.373231275 -1.168098171 0.123436683
 0.931000000 0.517552157 0.373353995 -1.170087709 0.122003315
 0.932000000 0.516381073 0.373475279 -1.172080961 0.120563550
 0.933000000 0.515207994 0.373595120 -1.174077941 0.119117349
 0.934000000 0.514032916 0.373713512 -1.176078663 0.117664668
 0.935000000 0.512855836 0.373830448 -1.178083141 0.116205468
 0.936000000 0.511676749 0.373945921 -1.180091390 0.114739704
 0.937000000 0.510495651 0.374059925 -1.182103425 0.113267335
 0.938000000 0.509312540 0.374172453 -1.184119260 0.111788317
 0.939000000 0.508127412 0.374283499 -1.186138910 0.110302607
 0.940000000 0.506940261 0.374393056 -1.188162391 0.108810161
 0.941000000 0.505751086 0.374501117 -1.190189716 0.107310935
 0.942000000 0.504559881 0.374607676 -1.192220900 0.105804884
 0.943000000 0.503366643 0.374712725 -1.194255960 0.104291963
 0.944000000 0.502171367 0.374816257 -1.196294909 0.102772127
 0.945000000 0.500974051 0.374918267 -1.198337762 0.101245330
 0.946000000 0.499774691 0.375018746 -1.200384536 0.099711526
 0.947000000 0.498573281 0.375117687 -1.202435244 0.098170668
 0.948000000 0.497369819 0.375215085 -1.204489903 0.096622709
 0.949000000 0.496164300 0.375310930 -1.206548527 0.095067601
 0.950000000 0.494956720 0.375405217 -1.208611133 0.093505297
 0.951000000 0.493747076 0.375497939 -1.210677734 0.091935747
 0.952000000 0.492535364 0.375589087 -1.212748347 0.090358905
 0.953000000 0.491321578 0.375678654 -1.214822988 0.088774719
 0.954000000 0.490105716 0.375766634 -1.216901672 0.087183140
 0.955000000 0.488887774 0.375853018 -1.218984414 0.085584119
 0.956000000 0.487667746 0.375937799 -1.221071230 0.083977604
 0.957000000 0.486445630 0.376020970 -1.223162136 0.082363545
 0.958000000 0.485221420 0.376102524 -1.225257148 0.080741889
 0.959000000 0.483995114 0.376182452 -1.227356282 0.079112585
 0.960000000 0.482766706 0.376260746 -1.229459553 0.077475580
 0.961000000 0.481536194 0.376337400 -1.231566978 0.075830822
 0.962000000 0.480303571 0.376412405 -1.233678572 0.074178256
 0.963000000 0.479068835 0.376485754 -1.235794352 0.072517828
 0.964000000 0.477831981 0.376557438 -1.237914333 0.070849485
 0.965000000 0.476593005 0.376627450 -1.240038532 0.069173170
 0.966000000 0.475351903 0.376695782 -1.242166966 0.067488829
 0.967000000 0.474108670 0.376762425 -1.244299649 0.065796405
 0.968000000 0.472863302 0.376827372 -1.246436600 0.064095842
 0.969000000 0.471615795 0.376890614 -1.248577833 0.062387082
 0.970000000 0.470366145 0.376952144 -1.250723366 0.060670068
 0.971000000 0.469114347 0.377011952 -1.252873215 0.058944742
 0.972000000 0.467860397 0.377070030 -1.255027396 0.057211044
 0.973000000 0.466604291 0.377126371 -1.257185926 0.055468915
 0.974000000 0.465346024 0.377180965 -1.259348822 0.053718296
 0.975000000 0.464085591 0.377233805 -1.261516101 0.051959126
 0.976000000 0.462822990 0.377284881 -1.263687778 0.050191343
 0.977000000 0.461558214 0.377334185 -1.265863872 0.048414886
 0.978000000 0.460291261 0.377381708 -1.268044398 0.046629693
 0.979000000 0.459022124 0.377427441 -1.270229373 0.044835700
 0.980000000 0.457750800 0.377471376 -1.272418815 0.043032845
 0.981000000 0.456477285 0.377513504 -1.274612740 0.041221062
 0.982000000 0.455201573 0.377553815 -1.276811166 0.039400288
 0.983000000 0.453923661 0.377592301 -1.279014109 0.037570457
 0.984000000 0.452643544 0.377628953 -1.281221587 0.035731502
 0.985000000 0.451361217 0.377663761 -1.283433616 0.033883357
 0.986000000 0.450076675 0.377696717 -1.285650213 0.032025956
 0.987000000 0.448789915 0.377727810 -1.287871397 0.030159228
 0.988000000 0.447500931 0.377757032 -1.290097184 0.028283107
 0.989000000 0.446209719 0.377784373 -1.292327592 0.026397522
 0.990000000 0.444916274 0.377809824 -1.294562637 0.024502404
 0.991000000 0.443620592 0.377833375 -1.296802337 0.022597681
 0.992000000 0.442322668 0.377855016 -1.299046710 0.020683283
 0.993000000 0.441022497 0.377874738 -1.301295772 0.018759136
 0.994000000 0.439720075 0.377892531 -1.303549542 0.016825168
 0.995000000 0.438415396 0.377908385 -1.305808037 0.014881306
 0.996000000 0.437108457 0.377922290 -1.308071274 0.012927474
 0.997000000 0.435799252 0.377934237 -1.310339271 0.010963598
 0.998000000 0.434487777 0.377944214 -1.312612045 0.008989602
 0.999000000 0.433174026 0.377952212 -1.314889614 0.007005409
 1.000000000 0.431857996 0.377958221 -1.317171996 0.005010941
