 t x y vx vy
 0.010000000 0.999949999 0.004999917 -0.010000208 0.499974999
0.02000000000000 0.99495247475750 -0.00104500129067 0.50056820376617 0.00509121566608
0.03000000000000 12.61350518047380 204.40665565392058 0.48194160050362 -4.05478499594925
0.04000000000000 0.48736755918398 10.58882969724062 204.44259785817027 -4.03454023042337
0.05000000000000 0.40256939431591 -4.02971857310246 10.60877043948869 206.52288371643726
0.06000000000000 -6.03049503038314 206.48341963727322 10.67230225710489 -1.79877661476348
0.07000000000000 204.42281677653722 -5.95044429357588 8.60947992479733 -1.63139014748367
0.08000000000000 204.43913064588673 -6.03653877949841 -1.63139015689989 8.60948001777738
0.09000000000000 204.35303164522480 -1.63139421891104 8.54927787609596 -6.00391110538145
0.10000000000000 204.41307063622645 -1.71688682908535 -6.00391110800047 8.54927811600134
0.11000000000000 204.32757802606463 -1.65684784047175 8.54927811475355 -6.00391086919648
0.12000000000000 204.38761701470455 -1.74234045303303 -6.00391087182779 8.54927835469951
0.13000000000000 204.30212440215624 -1.68230146678194 8.54927835340063 -6.00391063294434
0.14000000000000 204.36216338843403 -1.76779408173036 -6.00391063561382 8.54927859341304
0.15000000000000 204.27667077349881 -1.70775509784189 8.54927859209424 -6.00391039668208
0.16000000000000 204.33670975741438 -1.79324771517793 -6.00391039939283 8.54927883217617
0.17000000000000 204.25121714009194 -1.73320873365236 8.54927883081609 -6.00391016039146
0.18000000000000 204.31125612164485 -1.81870135337613 -6.00391016312523 8.54927907094931
0.19000000000000 204.22576350193484 -1.75866237421367 8.54927906957378 -6.00390992408007
0.20000000000000 204.28580248112496 -1.84415499632562 -6.00390992684675 8.54927930976814
0.21000000000000 204.20030985902702 -1.78411601952650 8.54927930836504 -6.00390968774567
0.22000000000000 204.26034883585399 -1.86960864402682 -6.00390969053009 8.54927954860536
0.23000000000000 204.17485621136814 -1.80956966959158 8.54927954715865 -6.00390945135709
0.24000000000000 204.23489518583170 -1.89506229648060 -6.00390945419046 8.54927978747615
0.25000000000000 204.14940255895741 -1.83502332440930 8.54927978600406 -6.00390921496378
0.26000000000000 204.20944153105722 -1.92051595368725 -6.00390921781720 8.54928002636981
0.27000000000000 204.12394890179419 -1.86047698398016 8.54928002487686 -6.00390897854136
0.28000000000000 204.18398787153004 -1.94596961564735 -6.00390898141791 8.54928026529393
0.29000000000000 204.09849523987808 -1.88593064830484 8.54928026377024 -6.00390874208305
0.30000000000000 204.15853420724972 -1.97142328236162 -6.00390874499795 8.54928050425384
0.31000000000000 204.07304157320849 -1.91138431738390 8.54928050269938 -6.00390850560405
0.32000000000000 204.13308053821564 -1.99687695383056 -6.00390850854972 8.54928074324193
0.33000000000000 204.04758790178485 -1.93683799121792 8.54928074165442 -6.00390826909452
0.34000000000000 204.10762686442729 -2.02233063005475 -6.00390827207406 8.54928098225900
0.35000000000000 204.02213422560678 -1.96229166980758 8.54928098062775 -6.00390803254687
0.36000000000000 204.08217318588399 -2.04778431103470 -6.00390803555417 8.54928122128822
0.37000000000000 203.99668054467335 -1.98774535315317 8.54928121964132 -6.00390779598310
0.38000000000000 204.05671950258522 -2.07323799677100 -6.00390779902124 8.54928146036077
0.39000000000000 203.97122685898418 -2.01319904125538 8.54928145868301 -6.00390755939109
0.40000000000000 204.03126581453043 -2.09869168726417 -6.00390756245557 8.54928169945693
0.41000000000000 203.94577316853875 -2.03865273411482 8.54928169774603 -6.00390732276407
0.42000000000000 204.00581212171909 -2.12414538251488 -6.00390732586397 8.54928193858347
0.43000000000000 203.92031947333638 -2.06410643173195 8.54928193684925 -6.00390708612096
0.44000000000000 203.98035842415061 -2.14959908252362 -6.00390708925177 8.54928217774570
0.45000000000000 203.89486577337664 -2.08956013410746 8.54928217597523 -6.00390684944432
0.46000000000000 203.95490472182439 -2.17505278729095 -6.00390685260381 8.54928241692844
0.47000000000000 203.86941206865902 -2.11501384124195 8.54928241511717 -6.00390661272738
0.48000000000000 203.92945101474001 -2.20050649681758 -6.00390661593075 8.54928265614232
0.49000000000000 203.84395835918272 -2.14046755313580 8.54928265430994 -6.00390637600506
0.50000000000000 203.90399730289676 -2.22596021110386 -6.00390637923181 8.54928289538654
0.51000000000000 203.81850464494727 -2.16592126978961 8.54928289352849 -6.00390613925230
0.52000000000000 203.87854358629409 -2.25141393015046 -6.00390614251232 8.54928313466641
0.53000000000000 203.79305092595217 -2.19137499120405 8.54928313277201 -6.00390590246833
0.54000000000000 203.85308986493138 -2.27686765395779 -6.00390590574644 8.54928337395606
0.55000000000000 203.76759720219684 -2.21682871737957 8.54928337203595 -6.00390566564863
0.56000000000000 203.82763613880823 -2.30232138252661 -6.00390566896538 8.54928361328666
0.57000000000000 203.74214347368090 -2.24228244831699 8.54928361131498 -6.00390542878788
0.58000000000000 203.80218240792408 -2.32777511585752 -6.00390543214637 8.54928385263543
0.59000000000000 203.71668974040338 -2.26773618401647 8.54928385065318 -6.00390519193020
0.60000000000000 203.77672867227821 -2.35322885395086 -6.00390519530912 8.54928409202206
0.61000000000000 203.69123600236401 -2.29318992447882 8.54928409000337 -6.00390495502842
0.62000000000000 203.75127493187000 -2.37868259680715 -6.00390495842327 8.54928433141617
0.63000000000000 203.66578225956212 -2.31864366970451 8.54928432937168 -6.00390471808870
0.64000000000000 203.72582118669922 -2.40413634442731 -6.00390472153521 8.54928457086411
0.65000000000000 203.64032851199727 -2.34409741969424 8.54928456877780 -6.00390448113076
0.66000000000000 203.70036743676516 -2.42959009681174 -6.00390448461376 8.54928481033468
0.67000000000000 203.61487475966899 -2.36955117444862 8.54928480820202 -6.00390424413491
0.68000000000000 203.67491368206726 -2.45504385396096 -6.00390424764909 8.54928504981803
0.69000000000000 203.58942100257642 -2.39500493396797 8.54928504766483 -6.00390400712168
0.70000000000000 203.64945992260459 -2.48049761587526 -6.00390401064121 8.54928528931413
0.71000000000000 203.56396724071914 -2.42045869825291 8.54928528713197 -6.00390377005681
0.72000000000000 203.62400615837726 -2.50595138255572 -6.00390377363343 8.54928552886627
0.73000000000000 203.53851347409659 -2.44591246730406 8.54928552665061 -6.00390353298751
0.74000000000000 203.59855238938425 -2.53140515400256 -6.00390353658779 8.54928576843649
0.75000000000000 203.51305970270818 -2.47136624112190 8.54928576619408 -6.00390329588713
0.76000000000000 203.57309861562516 -2.55685893021643 -6.00390329951868 8.54928600803912
0.77000000000000 203.48760592655353 -2.49682001970720 8.54928600575024 -6.00390305874356
0.78000000000000 203.54764483709934 -2.58231271119784 -6.00390306240334 8.54928624765139
0.79000000000000 203.46215214563171 -2.52227380306015 8.54928624535172 -6.00390282158945
0.80000000000000 203.52219105380641 -2.60776649694750 -6.00390282529121 8.54928648732273
0.81000000000000 203.43669835994240 -2.54772759118154 8.54928648498946 -6.00390258441577
0.82000000000000 203.49673726574554 -2.63322028746570 -6.00390258813369 8.54928672700449
0.83000000000000 203.41124456948512 -2.57318138407201 8.54928672462919 -6.00390234718827
0.84000000000000 203.47128347291638 -2.65867408275324 -6.00390235094515 8.54928696671102
0.85000000000000 203.38579077425905 -2.59863518173184 8.54928696432261 -6.00390210995868
0.86000000000000 203.44582967531829 -2.68412788281056 -6.00390211374388 8.54928720646060
0.87000000000000 203.36033697426379 -2.62408898416176 8.54928720404078 -6.00390187269808
0.88000000000000 203.42037587295081 -2.70958168763830 -6.00390187652002 8.54928744624333
0.89000000000000 203.33488316949885 -2.64954279136238 8.54928744378675 -6.00390163540956
0.90000000000000 203.39492206581326 -2.73503549723691 -6.00390163925760 8.54928768604321
0.91000000000000 203.30942935996376 -2.67499660333436 8.54928768354000 -6.00390139807261
0.92000000000000 203.36946825390501 -2.76048931160692 -6.00390140194225 8.54928792584586
0.93000000000000 203.28397554565760 -2.70045042007790 8.54928792333170 -6.00390116071842
0.94000000000000 203.34401443722578 -2.78594313074911 -6.00390116463473 8.54928816571201
0.95000000000000 203.25852172658003 -2.72590424159376 8.54928816316635 -6.00390092335153
0.96000000000000 203.31856061577477 -2.81139695466381 -6.00390092728949 8.54928840559608
0.97000000000000 203.23306790273060 -2.75135806788260 8.54928840300824 -6.00390068593625
0.98000000000000 203.29310678955150 -2.83685078335170 -6.00390068991026 8.54928864550177
0.99000000000000 203.20761407410856 -2.77681189894485 8.54928864288546 -6.00390044850071
1.00000000000000 203.26765295855557 -2.86230461681342 -6.00390045251692 8.54928888544896
1.01000000000000 203.18216024071367 -2.80226573478127 8.54928888278283 -6.00390021102972
1.02000000000000 203.24219912278622 -2.88775845504932 -6.00390021506991 8.54928912539803
1.03000000000000 203.15670640254504 -2.82771957539213 8.54928912271098 -6.00389997353396
1.04000000000000 203.21674528224287 -2.91321229805997 -6.00389997759816 8.54928936537791
1.05000000000000 203.13125255960216 -2.85317342077804 8.54928936266377 -6.00389973600732
1.06000000000000 203.19129143692507 -2.93866614584605 -6.00389974010766 8.54928960539454
1.07000000000000 203.10579871188460 -2.87862727093969 8.54928960264118 -6.00389949844979
1.08000000000000 203.16583758683240 -2.96411999840816 -6.00389950259243 8.54928984544195
1.09000000000000 203.08034485939160 -2.90408112587741 8.54928984266985 -6.00389926088806
1.10000000000000 203.14038373196405 -2.98957385574671 -6.00389926505703 8.54929008552464
1.11000000000000 203.05489100212290 -2.92953498559200 8.54929008271101 -6.00389902328336
1.12000000000000 203.11492987231952 -3.01502771786221 -6.00389902747416 8.54929032561529
1.13000000000000 203.02943714007759 -2.95498885008376 8.54929032278515 -6.00389878565621
1.14000000000000 203.08947600789827 -3.04048158475534 -6.00389878988325 8.54929056575332
1.15000000000000 203.00398327325527 -2.98044271935340 8.54929056289146 -6.00389854800583
1.16000000000000 203.06402213869984 -3.06593545642668 -6.00389855226994 8.54929080592434
1.17000000000000 202.97852940165546 -3.00589659340146 8.54929080303073 -6.00389831033304
1.18000000000000 203.03856826472355 -3.09138933287663 -6.00389831461904 8.54929104611313
1.19000000000000 202.95307552527763 -3.03135047222851 8.54929104318775 -6.00389807262267
1.20000000000000 203.01311438596903 -3.11684321410598 -6.00389807695563 8.54929128634474
1.21000000000000 202.92762164412116 -3.05680435583514 8.54929128338224 -6.00389783489442
1.22000000000000 202.98766050243563 -3.14229710011515 -6.00389783925919 8.54929152659863
1.23000000000000 202.90216775818561 -3.08225824422192 8.54929152359897 -6.00389759713314
1.24000000000000 202.96220661412261 -3.16775099090450 -6.00389760151147 8.54929176685652
1.25000000000000 202.87671386747050 -3.10771213738949 8.54929176380984 -6.00389735931072
1.26000000000000 202.93675272102976 -3.19320488647495 -6.00389736373916 8.54929200714507
1.27000000000000 202.85125997197494 -3.13316603533810 8.54929200408171 -6.00389712149406
1.28000000000000 202.91129882315613 -3.21865878682661 -6.00389712592852 8.54929224745053
1.29000000000000 202.82580607169851 -3.15861993806841 8.54929224436062 -6.00389688362922
1.30000000000000 202.88584492050160 -3.24411269196056 -6.00389688812142 8.54929248781473
1.31000000000000 202.80035216664069 -3.18407384558103 8.54929248469065 -6.00389664576031
1.32000000000000 202.86039101306542 -3.26956660187708 -6.00389665028443 8.54929272820422
1.33000000000000 202.77489825680095 -3.20952775787651 8.54929272504821 -6.00389640786376
1.34000000000000 202.83493710084693 -3.29502051657657 -6.00389641240463 8.54929296860606
1.35000000000000 202.74944434217875 -3.23498167495539 8.54929296541809 -6.00389616992439
1.36000000000000 202.80948318384577 -3.32047443605989 -6.00389617451241 8.54929320905060
1.37000000000000 202.72399042277340 -3.26043559681815 8.54929320583825 -6.00389593198019
1.38000000000000 202.78402926206118 -3.34592836032729 -6.00389593658501 8.54929344951506
1.39000000000000 202.69853649858456 -3.28588952346549 8.54929344626312 -6.00389569398561
1.40000000000000 202.75857533549279 -3.37138228937956 -6.00389569863229 8.54929369000927
1.41000000000000 202.67308256961149 -3.31134345489781 8.54929368673290 -6.00389545598088
1.42000000000000 202.73312140414006 -3.39683622321723 -6.00389546066493 8.54929393054389
1.43000000000000 202.64762863585378 -3.33679739111579 8.54929392723013 -6.00389521794858
1.44000000000000 202.70766746800223 -3.42229016184064 -6.00389522265176 8.54929417108771
1.45000000000000 202.62217469731090 -3.36225133211998 8.54929416773655 -6.00389497987046
1.46000000000000 202.68221352707894 -3.44774410525053 -6.00389498461105 8.54929441165899
1.47000000000000 202.59672075398225 -3.38770527791090 8.54929440827348 -6.00389474176786
1.48000000000000 202.65675958136967 -3.47319805344749 -6.00389474654814 8.54929465226305
1.49000000000000 202.57126680586711 -3.41315922848894 8.54929464885834 -6.00389450365823
1.50000000000000 202.63130563087364 -3.49865200643182 -6.00389450845546 8.54929489289226
1.51000000000000 202.54581285296524 -3.43861318385490 8.54929488944476 -6.00389426549524
1.52000000000000 202.60585167559051 -3.52410596420431 -6.00389427033220 8.54929513354582
1.53000000000000 202.52035889527579 -3.46406714400910 8.54929513007682 -6.00389402732300
1.54000000000000 202.58039771551972 -3.54955992676550 -6.00389403219972 8.54929537424504
1.55000000000000 202.49490493279845 -3.48952110895232 8.54929537073319 -6.00389378912018
1.56000000000000 202.55494375066070 -3.57501389411587 -6.00389379402910 8.54929561496099
1.57000000000000 202.46945096553253 -3.51497507868494 8.54929561142225 -6.00389355089521
1.58000000000000 202.52948978101284 -3.60046786625597 -6.00389355583635 8.54929585570964
1.59000000000000 202.44399699347753 -3.54042905320758 8.54929585213641 -6.00389331264051
1.60000000000000 202.50403580657564 -3.62592184318634 -6.00389331761389 8.54929609648339
1.61000000000000 202.41854301663284 -3.56588303252069 8.54929609288549 -6.00389307436595
1.62000000000000 202.47858182734853 -3.65137582490754 -6.00389307937159 8.54929633729208
1.63000000000000 202.39308903499798 -3.59133701662490 8.54929633366191 -6.00389283606395
1.64000000000000 202.45312784333080 -3.67682981141990 -6.00389284108136 8.54929657810758
1.65000000000000 202.36763504857245 -3.61679100552081 8.54929657443977 -6.00389259770866
1.66000000000000 202.42767385452225 -3.70228380272439 -6.00389260277890 8.54929681896559
1.67000000000000 202.34218105735573 -3.64224499920897 8.54929681526012 -6.00389235934114
1.68000000000000 202.40221986092209 -3.72773779882126 -6.00389236443612 8.54929705983799
1.69000000000000 202.31672706134708 -3.66769899768976 8.54929705611083 -6.00389212094929
1.70000000000000 202.37676586252994 -3.75319179971122 -6.00389212608422 8.54929730075593
1.71000000000000 202.29127306054616 -3.69315300096394 8.54929729698574 -6.00389188252698
1.72000000000000 202.35131185934503 -3.77864580539467 -6.00389188768670 8.54929754168290
1.73000000000000 202.26581905495226 -3.71860700903190 8.54929753788565 -6.00389164407503
1.74000000000000 202.32585785136689 -3.80409981587217 -6.00389164926182 8.54929778263714
1.75000000000000 202.24036504456492 -3.74406102189424 8.54929777880746 -6.00389140559038
1.76000000000000 202.30040383859509 -3.82955383114437 -6.00389141081494 8.54929802362396
1.77000000000000 202.21491102938364 -3.76951503955156 8.54929801975650 -6.00389116707839
1.78000000000000 202.27494982102911 -3.85500785121185 -6.00389117234298 8.54929826464028
1.79000000000000 202.18945700940776 -3.79496906200429 8.54929826074569 -6.00389092855198
1.80000000000000 202.24949579866822 -3.88046187607499 -6.00389093384146 8.54929850568156
1.81000000000000 202.16400298463674 -3.82042308925299 8.54929850175981 -6.00389068999599
1.82000000000000 202.22404177151202 -3.90591590573450 -6.00389069532556 8.54929874676298
1.83000000000000 202.13854895507006 -3.84587712129825 8.54929874280873 -6.00389045142028
1.84000000000000 202.19858773955985 -3.93136994019077 -6.00389045677478 8.54929898786401
1.85000000000000 202.11309492070725 -3.87133115814067 8.54929898387188 -6.00389021280435
1.86000000000000 202.17313370281121 -3.95682397944441 -6.00389021819139 8.54929922898689
1.87000000000000 202.08764088154771 -3.89678519978075 8.54929922496220 -6.00388997416114
1.88000000000000 202.14767966126558 -3.98227802349598 -6.00388997958075 8.54929947013695
1.89000000000000 202.06218683759087 -3.92223924621896 8.54929946608500 -6.00388973549599
1.90000000000000 202.12222561492248 -4.00773207234609 -6.00388974095578 8.54929971132708
1.91000000000000 202.03673278883630 -3.94769329745602 8.54929970723187 -6.00388949680052
1.92000000000000 202.09677156378123 -4.03318612599514 -6.00388950228533 8.54929995252611
1.93000000000000 202.01127873528333 -3.97314735349231 8.54929994840359 -6.00388925807554
1.94000000000000 202.07131750784137 -4.05864018444379 -6.00388926359832 8.54930019376292
1.95000000000000 201.98582467693143 -3.99860141432843 8.54930018960776 -6.00388901932866
1.96000000000000 202.04586344710228 -4.08409424769250 -6.00388902487878 8.54930043502153
1.97000000000000 201.96037061378016 -4.02405547996498 8.54930043082835 -6.00388878054391
1.98000000000000 202.02040938156347 -4.10954831574182 -6.00388878612445 8.54930067629964
1.99000000000000 201.93491654582877 -4.04950955040233 8.54930067208443 -6.00388854174036
2.00000000000000 201.99495531122449 -4.13500238859242 -6.00388854736346 8.54930091762536
2.01000000000000 201.90946247307693 -4.07496362564119 8.54930091337209 -6.00388830291414
2.02000000000000 201.96950123608465 -4.16045646624467 -6.00388830856238 8.54930115896523
2.03000000000000 201.88400839552395 -4.10041770568197 8.54930115468680 -6.00388806406075
2.04000000000000 201.94404715614345 -4.18591054869919 -6.00388806974175 8.54930140033976
2.05000000000000 201.85855431316938 -4.12587179052532 8.54930139602629 -6.00388782517794
2.06000000000000 201.91859307140038 -4.21136463595653 -6.00388783089172 8.54930164173907
2.07000000000000 201.83310022601273 -4.15132588017185 8.54930163738215 -6.00388758625732
2.08000000000000 201.89313898185486 -4.23681872801721 -6.00388759200391 8.54930188315475
2.09000000000000 201.80764613405333 -4.17677997462196 8.54930187877034 -6.00388734731490
2.10000000000000 201.86768488750644 -4.26227282488187 -6.00388735310190 8.54930212461038
2.11000000000000 201.78219203729068 -4.20223407387623 8.54930212019313 -6.00388710835296
2.12000000000000 201.84223078835458 -4.28772692655102 -6.00388711417814 8.54930236609835
2.13000000000000 201.75673793572423 -4.22768817793514 8.54930236165582 -6.00388686937684
2.14000000000000 201.81677668439858 -4.31318103302502 -6.00388687522197 8.54930260760797
2.15000000000000 201.73128382935357 -4.25314228679942 8.54930260311963 -6.00388663034777
2.16000000000000 201.79132257563799 -4.33863514430459 -6.00388663623113 8.54930284913699
2.17000000000000 201.70582971817802 -4.27859640046949 8.54930284461573 -6.00388639129697
2.18000000000000 201.76586846207221 -4.36408926039016 -6.00388639720791 8.54930309068763
2.19000000000000 201.68037560219693 -4.30405051894578 8.54930308614410 -6.00388615222443
2.20000000000000 201.74041434370071 -4.38954338128233 -6.00388615816832 8.54930333227589
2.21000000000000 201.65492148140996 -4.32950464222897 8.54930332769633 -6.00388591312176
2.22000000000000 201.71496022052304 -4.41499750698164 -6.00388591909863 8.54930357388802
2.23000000000000 201.62946735581659 -4.35495877031965 8.54930356926788 -6.00388567398448
2.24000000000000 201.68950609253872 -4.44045163748870 -6.00388568000192 8.54930381552706
2.25000000000000 201.60401322541603 -4.38041290321810 8.54930381089217 -6.00388543484602
2.26000000000000 201.66405195974713 -4.46590577280396 -6.00388544089422 8.54930405720901
2.27000000000000 201.57855909020799 -4.40586704092508 8.54930405253576 -6.00388519567296
2.28000000000000 201.63859782214769 -4.49135991292797 -6.00388520175420 8.54930429891253
2.29000000000000 201.55310495019194 -4.43132118344116 8.54930429419862 -6.00388495646531
2.29999999999999 201.61314367973981 -4.51681405786120 -6.00388496257202 8.54930454062773
2.30999999999999 201.52765080536710 -4.45677533076668 8.54930453589367 -6.00388471723602
2.31999999999999 201.58768953252306 -4.54226820760435 -6.00388472338341 8.54930478239033
2.32999999999999 201.50219665573320 -4.48222948290244 8.54930477761024 -6.00388447797443
2.33999999999999 201.56223538049690 -4.56772236215788 -6.00388448415719 8.54930502416910
2.34999999999999 201.47674250128952 -4.50768363984878 8.54930501936122 -6.00388423869348
2.35999999999999 201.53678122366077 -4.59317652152233 -6.00388424490938 8.54930526598006
2.36999999999999 201.45128834203561 -4.53313780160628 8.54930526114128 -6.00388399938786
2.37999999999999 201.51132706201409 -4.61863068569820 -6.00388400563466 8.54930550781783
2.38999999999999 201.42583417797101 -4.55859196817562 8.54930550293295 -6.00388376004013
2.39999999999999 201.48587289555630 -4.64408485468600 -6.00388376631477 8.54930574966416
2.40999999999999 201.40038000909496 -4.58404613955709 8.54930574475901 -6.00388352067308
2.41999999999999 201.46041872428691 -4.66953902848632 -6.00388352698093 8.54930599155021
2.42999999999999 201.37492583540705 -4.60950031575134 8.54930598661183 -6.00388328127913
2.43999999999999 201.43496454820547 -4.69499320709976 -6.00388328762554 8.54930623346837
2.44999999999999 201.34947165690679 -4.63495449675893 8.54930622849675 -6.00388304186364
2.45999999999999 201.40951036731141 -4.72044739052681 -6.00388304824556 8.54930647541556
2.46999999999999 201.32401747359367 -4.66040868258045 8.54930647040307 -6.00388280241595
2.47999999999999 201.38405618160414 -4.74590157876797 -6.00388280882888 8.54930671737965
2.48999999999999 201.29856328546708 -4.68586287321637 8.54930671233387 -6.00388256293914
2.49999999999999 201.35860199108305 -4.77135577182374 -6.00388256938005 8.54930695936514
2.50999999999999 201.27310909252648 -4.71131706866723 8.54930695428604 -6.00388232343017
2.51999999999999 201.33314779574769 -4.79680996969472 -6.00388232990440 8.54930720137736
2.52999999999999 201.24765489477122 -4.73677126893348 8.54930719627251 -6.00388208390196
2.53999999999999 201.30769359559750 -4.82226417238143 -6.00388209040954 8.54930744342388
2.54999999999999 201.22220069220091 -4.76222547401574 8.54930743828567 -6.00388184434695
2.55999999999999 201.28223939063207 -4.84771837988449 -6.00388185089549 8.54930768550469
2.56999999999999 201.19674648481512 -4.78767968391462 8.54930768032550 -6.00388160476513
2.57999999999999 201.25678518085070 -4.87317259220428 -6.00388161133948 8.54930792759700
2.58999999999999 201.17129227261316 -4.81313389863057 8.54930792238439 -6.00388136514895
2.59999999999999 201.23133096625304 -4.89862680934155 -6.00388137176964 8.54930816972889
2.60999999999999 201.14583805559442 -4.83858811816405 8.54930816449044 -6.00388112552651
2.61999999999999 201.20587674683836 -4.92408103129661 -6.00388113217306 8.54930841188745
2.62999999999999 201.12038383375858 -4.86404234251575 8.54930840660794 -6.00388088586214
2.63999999999999 201.18042252260628 -4.94953525807016 -6.00388089254974 8.54930865407264
2.64999999999999 201.09492960710500 -4.88949657168613 8.54930864875964 -6.00388064617862
2.65999999999999 201.15496829355621 -4.97498948966265 -6.00388065289971 8.54930889628445
2.66999999999999 201.06947537563309 -4.91495080567565 8.54930889094554 -6.00388040647597
2.67999999999999 201.12951405968752 -5.00044372607450 -6.00388041321765 8.54930913851754
2.68999999999999 201.04402113934248 -4.94040504448498 8.54930913313751 -6.00388016672609
2.69999999999999 201.10405982099982 -5.02589796730645 -6.00388017351198 8.54930938078030
2.70999999999999 201.01856689823242 -4.96585928811452 8.54930937537430 -6.00387992696777
2.71999999999999 201.07860557749245 -5.05135221335885 -6.00387993377656 8.54930962306657
2.71999999999999 201.07860557749245 -5.05135221335885 -6.00387993377656 8.54930962306657
