 t x y vx vy
-0.000001833 1.000000000 0.000000000 0.000000000 0.500000000
0.00269816744935 0.99999635499723 0.00134999835975 -0.00270000410063 0.49999817749363
0.00539816744935 0.99998541995571 0.00269998687789 -0.00540003280532 0.49999270989814
0.00809816744935 0.99996719477580 0.00404995571241 -0.00810011071929 0.49998359698432
0.01079816744935 0.99994167929139 0.00539989502048 -0.01080026245018 0.49997083837015
0.01349816744935 0.99990887326998 0.00674979495801 -0.01350051260919 0.49995443352075
0.01619816744935 0.99986877641256 0.00809964567927 -0.01620088581230 0.49993438174829
0.01889816744935 0.99982138835369 0.00944943733646 -0.01890140668145 0.49991068221195
0.02159816744935 0.99976670866142 0.01079916007933 -0.02160209984576 0.49988333391782
0.02429816744935 0.99970473683729 0.01214880405471 -0.02430298994268 0.49985233571878
0.02699816744935 0.99963547231631 0.01349835940613 -0.02700410161923 0.49981768631436
0.02969816744935 0.99955891446693 0.01484781627342 -0.02970545953318 0.49977938425065
0.03239816744935 0.99947506259101 0.01619716479225 -0.03240708835425 0.49973742792008
0.03509816744935 0.99938391592379 0.01754639509377 -0.03510901276531 0.49969181556125
0.03779816744935 0.99928547363382 0.01889549730414 -0.03781125746357 0.49964254525878
0.04049816744935 0.99917973482298 0.02024446154416 -0.04051384716182 0.49958961494306
0.04319816744935 0.99906669852639 0.02159327792882 -0.04321680658960 0.49953302239003
0.04589816744935 0.99894636371237 0.02294193656691 -0.04592016049440 0.49947276522091
0.04859816744935 0.99881872928240 0.02429042756058 -0.04862393364291 0.49940884090200
0.05129816744935 0.99868379407107 0.02563874100493 -0.05132815082219 0.49934124674433
0.05399816744935 0.99854155684601 0.02698686698759 -0.05403283684092 0.49926997990340
0.05669816744935 0.99839201630783 0.02833479558830 -0.05673801653058 0.49919503737884
0.05939816744935 0.99823517109007 0.02968251687849 -0.05944371474670 0.49911641601411
0.06209816744935 0.99807101975913 0.03103002092084 -0.06214995637005 0.49903411249613
0.06479816744935 0.99789956081419 0.03237729776891 -0.06485676630788 0.49894812335490
0.06749816744935 0.99772079268714 0.03372433746664 -0.06756416949518 0.49885844496313
0.07019816744935 0.99753471374252 0.03507113004798 -0.07027219089584 0.49876507353583
0.07289816744935 0.99734132227742 0.03641766553646 -0.07298085550394 0.49866800512990
0.07559816744935 0.99714061652139 0.03776393394472 -0.07569018834497 0.49856723564365
0.07829816744935 0.99693259463640 0.03910992527413 -0.07840021447706 0.49846276081641
0.08099816744935 0.99671725471667 0.04045562951435 -0.08111095899224 0.49835457622799
0.08369816744935 0.99649459478868 0.04180103664286 -0.08382244701767 0.49824267729822
0.08639816744935 0.99626461281097 0.04314613662459 -0.08653470371693 0.49812705928643
0.08909816744935 0.99602730667412 0.04449091941143 -0.08924775429122 0.49800771729090
0.09179816744935 0.99578267420060 0.04583537494182 -0.09196162398067 0.49788464624834
0.09449816744935 0.99553071314467 0.04717949314033 -0.09467633806557 0.49775784093330
0.09719816744935 0.99527142119230 0.04852326391717 -0.09739192186768 0.49762729595761
0.09989816744935 0.99500479596101 0.04986667716781 -0.10010840075145 0.49749300576973
0.10259816744935 0.99473083499980 0.05120972277250 -0.10282580012535 0.49735496465415
0.10529816744935 0.99444953578899 0.05255239059582 -0.10554414544312 0.49721316673075
0.10799816744935 0.99416089574011 0.05389467048628 -0.10826346220508 0.49706760595413
0.11069816744935 0.99386491219579 0.05523655227582 -0.11098377595941 0.49691827611292
0.11339816744936 0.99356158242960 0.05657802577940 -0.11370511230347 0.49676517082907
0.11609816744936 0.99325090364594 0.05791908079451 -0.11642749688508 0.49660828355716
0.11879816744936 0.99293287297988 0.05925970710078 -0.11915095540387 0.49644760758362
0.12149816744936 0.99260748749704 0.06059989445945 -0.12187551361253 0.49628313602597
0.12419816744936 0.99227474419343 0.06193963261295 -0.12460119731822 0.49611486183207
0.12689816744936 0.99193463999530 0.06327891128447 -0.12732803238384 0.49594277777928
0.12959816744935 0.99158717175900 0.06461772017744 -0.13005604472939 0.49576687647364
0.13229816744935 0.99123233627083 0.06595604897510 -0.13278526033329 0.49558715034904
0.13499816744935 0.99087013024684 0.06729388734003 -0.13551570523377 0.49540359166636
0.13769816744935 0.99050055033271 0.06863122491368 -0.13824740553020 0.49521619251252
0.14039816744935 0.99012359310358 0.06996805131590 -0.14098038738446 0.49502494479967
0.14309816744935 0.98973925506383 0.07130435614446 -0.14371467702230 0.49482984026417
0.14579816744935 0.98934753264699 0.07264012897459 -0.14645030073474 0.49463087046569
0.14849816744935 0.98894842221548 0.07397535935849 -0.14918728487945 0.49442802678620
0.15119816744935 0.98854192006047 0.07531003682483 -0.15192565588214 0.49422130042901
0.15389816744935 0.98812802240170 0.07664415087832 -0.15466544023794 0.49401068241773
0.15659816744935 0.98770672538726 0.07797769099916 -0.15740666451287 0.49379616359520
0.15929816744935 0.98727802509343 0.07931064664260 -0.16014935534521 0.49357773462248
0.16199816744935 0.98684191752446 0.08064300723843 -0.16289353944693 0.49335538597774
0.16469816744935 0.98639839861237 0.08197476219045 -0.16563924360515 0.49312910795511
0.16739816744935 0.98594746421676 0.08330590087605 -0.16838649468356 0.49289889066359
0.17009816744935 0.98548911012460 0.08463641264563 -0.17113531962389 0.49266472402590
0.17279816744935 0.98502333205000 0.08596628682214 -0.17388574544739 0.49242659777725
0.17549816744935 0.98455012563400 0.08729551270057 -0.17663779925624 0.49218450146414
0.17819816744935 0.98406948644437 0.08862407954742 -0.17939150823511 0.49193842444317
0.18089816744935 0.98358140997534 0.08995197660018 -0.18214689965261 0.49168835587974
0.18359816744935 0.98308589164743 0.09127919306686 -0.18490400086278 0.49143428474678
0.18629816744935 0.98258292680718 0.09260571812541 -0.18766283930665 0.49117619982345
0.18899816744935 0.98207251072689 0.09393154092323 -0.19042344251371 0.49091408969378
0.19169816744935 0.98155463860446 0.09525665057663 -0.19318583810349 0.49064794274534
0.19439816744935 0.98102930556305 0.09658103617029 -0.19595005378706 0.49037774716782
0.19709816744935 0.98049650665090 0.09790468675676 -0.19871611736862 0.49010349095165
0.19979816744935 0.97995623684105 0.09922759135587 -0.20148405674705 0.48982516188653
0.20249816744935 0.97940849103106 0.10054973895422 -0.20425389991751 0.48954274755997
0.20519816744935 0.97885326404280 0.10187111850461 -0.20702567497299 0.48925623535581
0.20789816744935 0.97829055062214 0.10319171892552 -0.20979941010594 0.48896561245266
0.21059816744935 0.97772034543870 0.10451152910051 -0.21257513360988 0.48867086582238
0.21329816744935 0.97714264308556 0.10583053787770 -0.21535287388104 0.48837198222847
0.21599816744935 0.97655743807900 0.10714873406918 -0.21813265941994 0.48806894822448
0.21869816744935 0.97596472485821 0.10846610645046 -0.22091451883314 0.48776175015235
0.22139816744934 0.97536449778498 0.10978264375986 -0.22369848083481 0.48745037414075
0.22409816744934 0.97475675114343 0.11109833469800 -0.22648457424844 0.48713480610338
0.22679816744934 0.97414147913973 0.11241316792713 -0.22927282800858 0.48681503173722
0.22949816744934 0.97351867590174 0.11372713207062 -0.23206327116246 0.48649103652077
0.23219816744934 0.97288833547875 0.11504021571232 -0.23485593287177 0.48616280571229
0.23489816744934 0.97225045184118 0.11635240739597 -0.23765084241437 0.48583032434791
0.23759816744934 0.97160501888021 0.11766369562464 -0.24044802918604 0.48549357723981
0.24029816744934 0.97095203040751 0.11897406886004 -0.24324752270225 0.48515254897432
0.24299816744934 0.97029148015488 0.12028351552198 -0.24604935259991 0.48480722390996
0.24569816744934 0.96962336177395 0.12159202398775 -0.24885354863922 0.48445758617555
0.24839816744934 0.96894766883581 0.12289958259144 -0.25166014070540 0.48410361966812
0.25109816744934 0.96826439483071 0.12420617962337 -0.25446915881057 0.48374530805097
0.25379816744934 0.96757353316768 0.12551180332941 -0.25728063309558 0.48338263475154
0.25649816744934 0.96687507717419 0.12681644191039 -0.26009459383185 0.48301558295931
0.25919816744934 0.96616902009582 0.12812008352141 -0.26291107142325 0.48264413562371
0.26189816744934 0.96545535509585 0.12942271627121 -0.26573009640800 0.48226827545189
0.26459816744934 0.96473407525496 0.13072432822152 -0.26855169946054 0.48188798490653
0.26729816744934 0.96400517357078 0.13202490738637 -0.27137591139351 0.48150324620359
0.26999816744934 0.96326864295759 0.13332444173146 -0.27420276315964 0.48111404131000
0.27269816744934 0.96252447624589 0.13462291917343 -0.27703228585373 0.48072035194135
0.27539816744934 0.96177266618203 0.13592032757924 -0.27986451071464 0.48032215955951
0.27809816744934 0.96101320542783 0.13721665476543 -0.28269946912726 0.47991944537023
0.28079816744934 0.96024608656017 0.13851188849747 -0.28553719262452 0.47951219032066
0.28349816744934 0.95947130207058 0.13980601648901 -0.28837771288948 0.47910037509689
0.28619816744934 0.95868884436483 0.14109902640122 -0.29122106175732 0.47868398012137
0.28889816744934 0.95789870576256 0.14239090584204 -0.29406727121743 0.47826298555039
0.29159816744934 0.95710087849680 0.14368164236547 -0.29691637341552 0.47783737127141
0.29429816744934 0.95629535471358 0.14497122347083 -0.29976840065572 0.47740711690039
0.29699816744934 0.95548212647150 0.14625963660206 -0.30262338540272 0.47697220177913
0.29969816744934 0.95466118574129 0.14754686914693 -0.30548136028392 0.47653260497243
0.30239816744934 0.95383252440534 0.14883290843631 -0.30834235809162 0.47608830526536
0.30509816744934 0.95299613425730 0.15011774174341 -0.31120641178519 0.47563928116035
0.30779816744934 0.95215200700159 0.15140135628302 -0.31407355449333 0.47518551087434
0.31049816744933 0.95130013425296 0.15268373921072 -0.31694381951628 0.47472697233578
0.31319816744933 0.95044050753600 0.15396487762209 -0.31981724032811 0.47426364318166
0.31589816744933 0.94957311828470 0.15524475855196 -0.32269385057897 0.47379550075445
0.31859816744933 0.94869795784194 0.15652336897357 -0.32557368409748 0.47332252209901
0.32129816744933 0.94781501745903 0.15780069579777 -0.32845677489298 0.47284468395941
0.32399816744933 0.94692428829520 0.15907672587222 -0.33134315715794 0.47236196277575
0.32669816744933 0.94602576141712 0.16035144598055 -0.33423286527035 0.47187433468088
0.32939816744933 0.94511942779837 0.16162484284153 -0.33712593379610 0.47138177549710
0.33209816744933 0.94420527831897 0.16289690310822 -0.34002239749145 0.47088426073277
0.33479816744933 0.94328330376482 0.16416761336714 -0.34292229130547 0.47038176557890
0.33749816744933 0.94235349482719 0.16543696013739 -0.34582565038252 0.46987426490563
0.34019816744933 0.94141584210221 0.16670492986977 -0.34873251006483 0.46936173325875
0.34289816744933 0.94047033609032 0.16797150894591 -0.35164290589494 0.46884414485600
0.34559816744933 0.93951696719568 0.16923668367741 -0.35455687361837 0.46832147358351
0.34829816744933 0.93855572572572 0.17050044030489 -0.35747444918616 0.46779369299199
0.35099816744933 0.93758660189048 0.17176276499709 -0.36039566875750 0.46726077629297
0.35369816744933 0.93660958580210 0.17302364384997 -0.36332056870243 0.46672269635497
0.35639816744933 0.93562466747423 0.17428306288577 -0.36624918560447 0.46617942569951
0.35909816744933 0.93463183682146 0.17554100805206 -0.36918155626337 0.46563093649723
0.36179816744933 0.93363108365872 0.17679746522080 -0.37211771769786 0.46507720056372
0.36449816744933 0.93262239770069 0.17805242018737 -0.37505770714839 0.46451818935550
0.36719816744933 0.93160576856119 0.17930585866957 -0.37800156207999 0.46395387396575
0.36989816744933 0.93058118575261 0.18055776630669 -0.38094932018507 0.46338422512012
0.37259816744933 0.92954863868521 0.18180812865844 -0.38390101938630 0.46280921317232
0.37529816744933 0.92850811666660 0.18305693120401 -0.38685669783955 0.46222880809978
0.37799816744933 0.92745960890101 0.18430415934102 -0.38981639393676 0.46164297949911
0.38069816744933 0.92640310448870 0.18554979838444 -0.39278014630898 0.46105169658158
0.38339816744933 0.92533859242531 0.18679383356562 -0.39574799382936 0.46045492816847
0.38609816744933 0.92426606160119 0.18803625003120 -0.39871997561616 0.45985264268635
0.38879816744933 0.92318550080072 0.18927703284200 -0.40169613103586 0.45924480816227
0.39149816744933 0.92209689870168 0.19051616697201 -0.40467649970626 0.45863139221894
0.39419816744933 0.92100024387451 0.19175363730721 -0.40766112149966 0.45801236206967
0.39689816744933 0.91989552478166 0.19298942864453 -0.41065003654599 0.45738768451341
0.39959816744933 0.91878272977689 0.19422352569067 -0.41364328523609 0.45675732592959
0.40229816744932 0.91766184710452 0.19545591306100 -0.41664090822494 0.45612125227285
0.40499816744932 0.91653286489878 0.19668657527836 -0.41964294643500 0.45547942906781
0.40769816744932 0.91539577118301 0.19791549677196 -0.42264944105950 0.45483182140359
0.41039816744932 0.91425055386897 0.19914266187613 -0.42566043356588 0.45417839392838
0.41309816744932 0.91309720075610 0.20036805482914 -0.42867596569916 0.45351911084379
0.41579816744932 0.91193569953072 0.20159165977202 -0.43169607948546 0.45285393589917
0.41849816744932 0.91076603776532 0.20281346074730 -0.43472081723546 0.45218283238587
0.42119816744932 0.90958820291775 0.20403344169775 -0.43775022154799 0.45150576313130
0.42389816744932 0.90840218233046 0.20525158646518 -0.44078433531359 0.45082269049295
0.42659816744932 0.90720796322969 0.20646787878908 -0.44382320171817 0.45013357635231
0.42929816744932 0.90600553272468 0.20768230230540 -0.44686686424670 0.44943838210863
0.43199816744932 0.90479487780685 0.20889484054521 -0.44991536668692 0.44873706867268
0.43469816744932 0.90357598534897 0.21010547693335 -0.45296875313312 0.44802959646024
0.43739816744932 0.90234884210437 0.21131419478713 -0.45602706798999 0.44731592538562
0.44009816744932 0.90111343470602 0.21252097731494 -0.45909035597645 0.44659601485501
0.44279816744932 0.89986974966575 0.21372580761486 -0.46215866212959 0.44586982375970
0.44549816744932 0.89861777337336 0.21492866867328 -0.46523203180866 0.44513731046916
0.44819816744932 0.89735749209571 0.21612954336349 -0.46831051069904 0.44439843282410
0.45089816744932 0.89608889197589 0.21732841444420 -0.47139414481636 0.44365314812928
0.45359816744932 0.89481195903229 0.21852526455814 -0.47448298051061 0.44290141314627
0.45629816744932 0.89352667915770 0.21972007623054 -0.47757706447028 0.44214318408606
0.45899816744932 0.89223303811839 0.22091283186764 -0.48067644372664 0.44137841660154
0.46169816744932 0.89093102155318 0.22210351375520 -0.48378116565800 0.44060706577983
0.46439816744932 0.88962061497249 0.22329210405693 -0.48689127799404 0.43982908613448
0.46709816744932 0.88830180375738 0.22447858481294 -0.49000682882022 0.43904443159757
0.46979816744932 0.88697457315863 0.22566293793818 -0.49312786658223 0.43825305551160
0.47249816744932 0.88563890829568 0.22684514522080 -0.49625444009050 0.43745491062127
0.47519816744932 0.88429479415571 0.22802518832055 -0.49938659852474 0.43664994906511
0.47789816744932 0.88294221559262 0.22920304876714 -0.50252439143864 0.43583812236696
0.48059816744932 0.88158115732599 0.23037870795854 -0.50566786876446 0.43501938142728
0.48329816744932 0.88021160394005 0.23155214715929 -0.50881708081789 0.43419367651431
0.48599816744932 0.87883353988269 0.23272334749882 -0.51197207830278 0.43336095725509
0.48869816744932 0.87744694946435 0.23389228996966 -0.51513291231604 0.43252117262626
0.49139816744932 0.87605181685698 0.23505895542568 -0.51829963435263 0.43167427094475
0.49409816744931 0.87464812609293 0.23622332458031 -0.52147229631048 0.43082019985826
0.49679816744931 0.87323586106391 0.23738537800474 -0.52465095049567 0.42995890633557
0.49949816744931 0.87181500551982 0.23854509612601 -0.52783564962747 0.42909033665672
0.50219816744931 0.87038554306766 0.23970245922519 -0.53102644684364 0.42821443640292
0.50489816744931 0.86894745717039 0.24085744743547 -0.53422339570566 0.42733115044631
0.50759816744931 0.86750073114579 0.24201004074023 -0.53742655020412 0.42644042293960
0.51029816744931 0.86604534816525 0.24316021897105 -0.54063596476409 0.42554219730537
0.51299816744931 0.86458129125264 0.24430796180580 -0.54385169425071 0.42463641622532
0.51569816744931 0.86310854328309 0.24545324876653 -0.54707379397468 0.42372302162919
0.51839816744931 0.86162708698179 0.24659605921750 -0.55030231969797 0.42280195468359
0.52109816744931 0.86013690492274 0.24773637236308 -0.55353732763950 0.42187315578051
0.52379816744931 0.85863797952754 0.24887416724563 -0.55677887448101 0.42093656452566
0.52649816744931 0.85713029306411 0.25000942274335 -0.56002701737289 0.41999211972665
0.52919816744931 0.85561382764544 0.25114211756818 -0.56328181394018 0.41903975938079
0.53189816744931 0.85408856522825 0.25227223026350 -0.56654332228862 0.41807942066281
0.53459816744931 0.85255448761176 0.25339973920196 -0.56981160101076 0.41711103991228
0.53729816744931 0.85101157643629 0.25452462258317 -0.57308670919223 0.41613455262078
0.53999816744931 0.84945981318199 0.25564685843142 -0.57636870641799 0.41514989341880
0.54269816744931 0.84789917916743 0.25676642459332 -0.57965765277878 0.41415699606250
0.54539816744931 0.84632965554824 0.25788329873542 -0.58295360887755 0.41315579342003
0.54809816744931 0.84475122331573 0.25899745834182 -0.58625663583608 0.41214621745780
0.55079816744931 0.84316386329548 0.26010888071168 -0.58956679530164 0.41112819922625
0.55349816744931 0.84156755614590 0.26121754295674 -0.59288414945371 0.41010166884555
0.55619816744931 0.83996228235678 0.26232342199880 -0.59620876101090 0.40906655549089
0.55889816744931 0.83834802224786 0.26342649456714 -0.59954069323786 0.40802278737752
0.56159816744931 0.83672475596728 0.26452673719590 -0.60288000995236 0.40697029174548
0.56429816744931 0.83509246349015 0.26562412622145 -0.60622677553242 0.40590899484408
0.56699816744931 0.83345112461699 0.26671863777966 -0.60958105492356 0.40483882191599
0.56969816744931 0.83180071897218 0.26781024780320 -0.61294291364619 0.40375969718106
0.57239816744931 0.83014122600243 0.26889893201871 -0.61631241780305 0.40267154381984
0.57509816744931 0.82847262497515 0.26998466594401 -0.61968963408678 0.40157428395669
0.57779816744931 0.82679489497690 0.27106742488520 -0.62307462978760 0.40046783864265
0.58049816744931 0.82510801491174 0.27214718393377 -0.62646747280110 0.39935212783786
0.58319816744930 0.82341196349956 0.27322391796359 -0.62986823163615 0.39822707039373
0.58589816744930 0.82170671927446 0.27429760162791 -0.63327697542288 0.39709258403465
0.58859816744930 0.81999226058305 0.27536820935631 -0.63669377392086 0.39594858533938
0.59129816744930 0.81826856558271 0.27643571535155 -0.64011869752731 0.39479498972209
0.59399816744930 0.81653561223989 0.27750009358642 -0.64355181728548 0.39363171141291
0.59669816744930 0.81479337832832 0.27856131780051 -0.64699320489311 0.39245866343816
0.59939816744930 0.81304184142729 0.27961936149694 -0.65044293271111 0.39127575760019
0.60209816744930 0.81128097891979 0.28067419793902 -0.65390107377223 0.39008290445671
0.60479816744930 0.80951076799068 0.28172580014684 -0.65736770178994 0.38888001329979
0.60749816744930 0.80773118562492 0.28277414089387 -0.66084289116746 0.38766699213432
0.61019816744930 0.80594220860559 0.28381919270342 -0.66432671700683 0.38644374765614
0.61289816744930 0.80414381351206 0.28486092784510 -0.66781925511819 0.38521018522959
0.61559816744930 0.80233597671805 0.28589931833116 -0.67132058202922 0.38396620886468
0.61829816744930 0.80051867438967 0.28693433591283 -0.67483077499459 0.38271172119372
0.62099816744930 0.79869188248346 0.28796595207658 -0.67834991200569 0.38144662344747
0.62369816744930 0.79685557674436 0.28899413804025 -0.68187807180042 0.38017081543081
0.62639816744930 0.79500973270371 0.29001886474923 -0.68541533387318 0.37888419549783
0.62909816744930 0.79315432567718 0.29104010287245 -0.68896177848492 0.37758666052646
0.63179816744930 0.79128933076270 0.29205782279842 -0.69251748667345 0.37627810589249
0.63449816744930 0.78941472283831 0.29307199463108 -0.69608254026381 0.37495842544305
0.63719816744930 0.78753047656007 0.29408258818569 -0.69965702187887 0.37362751146955
0.63989816744930 0.78563656635988 0.29508957298453 -0.70324101494999 0.37228525467999
0.64259816744930 0.78373296644323 0.29609291825266 -0.70683460372795 0.37093154417064
0.64529816744930 0.78181965078706 0.29709259291346 -0.71043787329396 0.36956626739722
0.64799816744930 0.77989659313743 0.29808856558422 -0.71405090957084 0.36818931014527
0.65069816744930 0.77796376700727 0.29908080457155 -0.71767379933444 0.36680055650004
0.65339816744930 0.77602114567404 0.30006927786674 -0.72130663022514 0.36539988881560
0.65609816744930 0.77406870217740 0.30105395314110 -0.72494949075956 0.36398718768329
0.65879816744930 0.77210640931682 0.30203479774110 -0.72860247034243 0.36256233189950
0.66149816744930 0.77013423964916 0.30301177868350 -0.73226565927868 0.36112519843270
0.66419816744930 0.76815216548623 0.30398486265038 -0.73593914878564 0.35967566238973
0.66689816744930 0.76616015889230 0.30495401598403 -0.73962303100551 0.35821359698131
0.66959816744930 0.76415819168161 0.30591920468186 -0.74331739901788 0.35673887348687
0.67229816744930 0.76214623541580 0.30688039439103 -0.74702234685262 0.35525136121842
0.67499816744929 0.76012426140131 0.30783755040318 -0.75073796950277 0.35375092748375
0.67769816744929 0.75809224068680 0.30879063764892 -0.75446436293780 0.35223743754867
0.68039816744929 0.75605014406050 0.30973962069229 -0.75820162411688 0.35071075459849
0.68309816744929 0.75399794204747 0.31068446372506 -0.76194985100257 0.34917073969852
0.68579816744929 0.75193560490690 0.31162513056099 -0.76570914257447 0.34761725175369
0.68849816744929 0.74986310262937 0.31256158462989 -0.76947959884327 0.34605014746729
0.69119816744929 0.74778040493400 0.31349378897168 -0.77326132086493 0.34446928129861
0.69389816744929 0.74568748126565 0.31442170623024 -0.77705441075503 0.34287450541977
0.69659816744929 0.74358430079201 0.31534529864714 -0.78085897170340 0.34126566967136
0.69929816744929 0.74147083240068 0.31626452805537 -0.78467510798895 0.33964262151716
0.70199816744929 0.73934704469625 0.31717935587278 -0.78850292499469 0.33800520599774
0.70469816744929 0.73721290599724 0.31808974309552 -0.79234252922301 0.33635326568296
0.70739816744929 0.73506838433311 0.31899565029127 -0.79619402831115 0.33468664062331
0.71009816744929 0.73291344744111 0.31989703759242 -0.80005753104692 0.33300516830016
0.71279816744929 0.73074806276325 0.32079386468901 -0.80393314738464 0.33130868357473
0.71549816744929 0.72857219744301 0.32168609082162 -0.80782098846134 0.32959701863589
0.71819816744929 0.72638581832222 0.32257367477405 -0.81172116661315 0.32787000294665
0.72089816744929 0.72418889193777 0.32345657486595 -0.81563379539194 0.32612746318939
0.72359816744929 0.72198138451827 0.32433474894516 -0.81955898958227 0.32436922320973
0.72629816744929 0.71976326198076 0.32520815438003 -0.82349686521848 0.32259510395901
0.72899816744929 0.71753448992726 0.32607674805149 -0.82744753960207 0.32080492343537
0.73169816744929 0.71529503364135 0.32694048634501 -0.83141113131940 0.31899849662340
0.73439816744929 0.71304485808467 0.32779932514241 -0.83538776025950 0.31717563543225
0.73709816744929 0.71078392789340 0.32865321981339 -0.83937754763230 0.31533614863220
0.73979816744929 0.70851220737462 0.32950212520708 -0.84338061598696 0.31347984178966
0.74249816744929 0.70622966050271 0.33034599564319 -0.84739708923059 0.31160651720056
0.74519816744929 0.70393625091566 0.33118478490315 -0.85142709264712 0.30971597382199
0.74789816744929 0.70163194191129 0.33201844622101 -0.85547075291658 0.30780800720219
0.75059816744929 0.69931669644350 0.33284693227410 -0.85952819813447 0.30588240940868
0.75329816744929 0.69699047711838 0.33367019517353 -0.86359955783156 0.30393896895464
0.75599816744929 0.69465324619033 0.33448818645456 -0.86768496299385 0.30197747072331
0.75869816744929 0.69230496555812 0.33530085706661 -0.87178454608288 0.29999769589049
0.76139816744929 0.68994559676084 0.33610815736320 -0.87589844105625 0.29799942184508
0.76409816744929 0.68757510097384 0.33691003709157 -0.88002678338849 0.29598242210744
0.76679816744928 0.68519343900465 0.33770644538219 -0.88416971009214 0.29394646624574
0.76949816744928 0.68280057128874 0.33849733073789 -0.88832735973916 0.29189131979003
0.77219816744928 0.68039645788532 0.33928264102291 -0.89249987248256 0.28981674414411
0.77489816744928 0.67798105847302 0.34006232345159 -0.89668739007842 0.28772249649501
0.77759816744928 0.67555433234554 0.34083632457690 -0.90089005590807 0.28560832972014
0.78029816744928 0.67311623840723 0.34160459027863 -0.90510801500064 0.28347399229190
0.78299816744928 0.67066673516862 0.34236706575140 -0.90934141405584 0.28131922817975
0.78569816744928 0.66820578074186 0.34312369549235 -0.91359040146709 0.27914377674971
0.78839816744928 0.66573333283613 0.34387442328860 -0.91785512734481 0.27694737266100
0.79109816744928 0.66324934875296 0.34461919220434 -0.92213574354017 0.27472974576007
0.79379816744928 0.66075378538152 0.34535794456775 -0.92643240366895 0.27249062097157
0.79649816744928 0.65824659919380 0.34609062195754 -0.93074526313577 0.27022971818641
0.79919816744928 0.65572774623974 0.34681716518919 -0.93507447915860 0.26794675214676
0.80189816744928 0.65319718214235 0.34753751430090 -0.93942021079351 0.26564143232783
0.80459816744928 0.65065486209264 0.34825160853920 -0.94378261895969 0.26331346281641
0.80729816744928 0.64810074084462 0.34895938634427 -0.94816186646479 0.26096254218595
0.80999816744928 0.64553477271013 0.34966078533481 -0.95255811803049 0.25858836336825
0.81269816744928 0.64295691155366 0.35035574229271 -0.95697154031828 0.25619061352145
0.81539816744928 0.64036711078706 0.35104419314721 -0.96140230195562 0.25376897389435
0.81809816744928 0.63776532336419 0.35172607295880 -0.96585057356221 0.25132311968681
0.82079816744928 0.63515150177554 0.35240131590269 -0.97031652777664 0.24885271990625
0.82349816744928 0.63252559804270 0.35306985525187 -0.97480033928313 0.24635743721997
0.82619816744928 0.62988756371283 0.35373162335982 -0.97930218483862 0.24383692780326
0.82889816744928 0.62723734985302 0.35438655164273 -0.98382224330001 0.24129084118310
0.83159816744928 0.62457490704457 0.35503457056138 -0.98836069565165 0.23871882007730
0.83429816744928 0.62190018537724 0.35567560960249 -0.99291772503295 0.23612050022900
0.83699816744928 0.61921313444334 0.35630959725971 -0.99749351676631 0.23349551023623
0.83969816744928 0.61651370333187 0.35693646101402 -1.00208825838506 0.23084347137654
0.84239816744928 0.61380184062244 0.35755612731379 -1.00670213966167 0.22816399742635
0.84509816744928 0.61107749437924 0.35816852155425 -1.01133535263607 0.22545669447497
0.84779816744928 0.60834061214484 0.35877356805648 -1.01598809164405 0.22272116073307
0.85049816744928 0.60559114093400 0.35937119004587 -1.02066055334584 0.21995698633534
0.85319816744928 0.60282902722731 0.35996130963003 -1.02535293675471 0.21716375313727
0.85589816744927 0.60005421696481 0.36054384777618 -1.03006544326564 0.21434103450567
0.85859816744927 0.59726665553953 0.36111872428793 -1.03479827668404 0.21148839510286
0.86129816744927 0.59446628779095 0.36168585778148 -1.03955164325446 0.20860539066426
0.86399816744927 0.59165305799836 0.36224516566119 -1.04432575168931 0.20569156776909
0.86669816744927 0.58882690987414 0.36279656409458 -1.04912081319748 0.20274646360398
0.86939816744927 0.58598778655704 0.36333996798660 -1.05393704151292 0.19976960571925
0.87209816744927 0.58313563060526 0.36387529095332 -1.05877465292306 0.19676051177756
0.87479816744927 0.58027038398957 0.36440244529483 -1.06363386629708 0.19371868929463
0.87749816744927 0.57739198808624 0.36492134196753 -1.06851490311398 0.19064363537184
0.88019816744927 0.57450038367003 0.36543189055564 -1.07341798749043 0.18753483642027
0.88289816744927 0.57159551090696 0.36593399924191 -1.07834334620822 0.18439176787601
0.88559816744927 0.56867730934715 0.36642757477763 -1.08329120874148 0.18121389390625
0.88829816744927 0.56574571791743 0.36691252245181 -1.08826180728342 0.17800066710601
0.89099816744927 0.56280067491405 0.36738874605946 -1.09325537677260 0.17475152818494
0.89369816744927 0.55984211799516 0.36785614786912 -1.09827215491868 0.17146590564399
0.89639816744927 0.55686998417333 0.36831462858943 -1.10331238222756 0.16814321544145
0.89909816744927 0.55388420980797 0.36876408733477 -1.10837630202583 0.16478286064806
0.90179816744927 0.55088473059768 0.36920442159005 -1.11346416048446 0.16138423109064
0.90449816744927 0.54787148157251 0.36963552717439 -1.11857620664161 0.15794670298392
0.90719816744927 0.54484439708624 0.37005729820390 -1.12371269242457 0.15446963855005
0.90989816744927 0.54180341080849 0.37046962705336 -1.12887387267050 0.15095238562531
0.91259816744927 0.53874845571690 0.37087240431683 -1.13406000514621 0.14739427725356
0.91529816744927 0.53567946408914 0.37126551876715 -1.13927135056648 0.14379463126585
0.91799816744927 0.53259636749497 0.37164885731426 -1.14450817261113 0.14015274984568
0.92069816744927 0.52949909678817 0.37202230496240 -1.14977073794042 0.13646791907936
0.92339816744927 0.52638758209853 0.37238574476596 -1.15505931620891 0.13273940849084
0.92609816744927 0.52326175282370 0.37273905778417 -1.16037418007739 0.12896647056032
0.92879816744927 0.52012153762106 0.37308212303436 -1.16571560522284 0.12514834022619
0.93149816744927 0.51696686439960 0.37341481744397 -1.17108387034625 0.12128423436942
0.93419816744927 0.51379766031174 0.37373701580102 -1.17647925717806 0.11737335127971
0.93689816744927 0.51061385174511 0.37404859070320 -1.18190205048099 0.11341487010280
0.93959816744927 0.50741536431440 0.37434941250540 -1.18735253805016 0.10940795026800
0.94229816744927 0.50420212285315 0.37463934926569 -1.19283101071015 0.10535173089519
0.94499816744927 0.50097405140561 0.37491826668967 -1.19833776230883 0.10124533018044
0.94769816744926 0.49773107321855 0.37518602807309 -1.20387308970755 0.09708784475933
0.95039816744926 0.49447311073318 0.37544249424279 -1.20943729276770 0.09287834904702
0.95309816744926 0.49120008557704 0.37568752349575 -1.21503067433290 0.08861589455417
0.95579816744926 0.48791191855599 0.37592097153632 -1.22065354020696 0.08429950917755
0.95849816744926 0.48460852964627 0.37614269141146 -1.22630619912684 0.07992819646435
0.96119816744926 0.48128983798658 0.37635253344399 -1.23198896273051 0.07550093484904
0.96389816744926 0.47795576187034 0.37655034516371 -1.23770214551919 0.07101667686158
0.96659816744926 0.47460621873800 0.37673597123636 -1.24344606481353 0.06647434830570
0.96929816744926 0.47124112516949 0.37690925339031 -1.24922104070327 0.06187284740604
0.97199816744926 0.46786039687683 0.37707003034091 -1.25502739598992 0.05721104392268
0.97469816744926 0.46446394869686 0.37721813771242 -1.26086545612186 0.05248777823164
0.97739816744926 0.46105169458426 0.37735340795735 -1.26673554912130 0.04770186036987
0.98009816744926 0.45762354760464 0.37747567027326 -1.27263800550250 0.04285206904311
0.98279816744926 0.45417941992795 0.37758475051677 -1.27857315818055 0.03793715059499
0.98549816744926 0.45071922282217 0.37768047111472 -1.28454134236998 0.03295581793551
0.98819816744926 0.44724286664719 0.37776265097243 -1.29054289547255 0.02790674942724
0.99089816744926 0.44375026084913 0.37783110537886 -1.29657815695317 0.02278858772711
0.99359816744926 0.44024131395491 0.37788564590860 -1.30264746820330 0.01759993858182
0.99629816744926 0.43671593356724 0.37792608032051 -1.30875117239069 0.01233936957483
0.99899816744926 0.43317402636009 0.37795221245296 -1.31488961429456 0.00700540882251
1.00169816744926 0.42961549807455 0.37796384211542 -1.32106314012506 0.00159654361713
1.00439816744926 0.42604025351522 0.37796076497635 -1.32727209732577 -0.00388878098570
1.00709816744926 0.42244819654717 0.37794277244721 -1.33351683435808 -0.00945216363795
1.00979816744926 0.41883923009353 0.37790965156236 -1.33979770046605 -0.01509524823109
1.01249816744926 0.41521325613370 0.37786118485481 -1.34611504542014 -0.02081972549201
1.01519816744926 0.41157017570228 0.37779715022751 -1.35246921923842 -0.02662733464591
1.01789816744926 0.40790988888885 0.37771732082007 -1.35886057188339 -0.03251986514953
1.02059816744926 0.40423229483853 0.37762146487076 -1.36528945293266 -0.03849915849807
1.02329816744926 0.40053729175347 0.37750934557342 -1.37175621122146 -0.04456711010938
1.02599816744926 0.39682477689543 0.37738072092929 -1.37826119445483 -0.05072567128927
1.02869816744926 0.39309464658936 0.37723534359333 -1.38480474878726 -0.05697685128191
1.03139816744926 0.38934679622819 0.37707296071492 -1.39138721836711 -0.06332271940960
1.03409816744926 0.38558112027888 0.37689331377266 -1.39800894484344 -0.06976540730629
1.03679816744926 0.38179751228996 0.37669613840303 -1.40467026683195 -0.07630711124966
1.03949816744925 0.37799586490040 0.37648116422254 -1.41137151933728 -0.08295009459668
1.04219816744925 0.37417606985024 0.37624811464323 -1.41811303312809 -0.08969669032784
1.04489816744925 0.37033801799291 0.37599670668114 -1.42489513406122 -0.09654930370580
1.04759816744925 0.36648159930949 0.37572665075739 -1.43171814235123 -0.10351041505411
1.05029816744925 0.36260670292497 0.37543765049164 -1.43858237178085 -0.11058258266229
1.05299816744925 0.35871321712676 0.37512940248754 -1.44548812884777 -0.11776844582386
1.05569816744925 0.35480102938558 0.37480159610969 -1.45243571184287 -0.12507072801417
1.05839816744925 0.35087002637898 0.37445391325198 -1.45942540985448 -0.13249224021540
1.06109816744925 0.34692009401758 0.37408602809659 -1.46645750169268 -0.14003588439648
1.06379816744925 0.34295111747438 0.37369760686347 -1.47353225472763 -0.14770465715609
1.06649816744925 0.33896298121734 0.37328830754976 -1.48064992363471 -0.15550165353745
1.06919816744925 0.33495556904544 0.37285777965857 -1.48781074903937 -0.16343007102400
1.07189816744925 0.33092876412857 0.37240566391686 -1.49501495605344 -0.17149321372583
1.07459816744925 0.32688244905153 0.37193159198162 -1.50226275269422 -0.17969449676691
1.07729816744925 0.32281650586244 0.37143518613396 -1.50955432817693 -0.18803745088424
1.07999816744925 0.31873081612602 0.37091605896058 -1.51688985107010 -0.19652572725023
1.08269816744925 0.31462526098192 0.37037381302171 -1.52426946730290 -0.20516310253062
1.08539816744925 0.31049972120875 0.36980804050526 -1.53169329801202 -0.21395348419077
1.08809816744925 0.30635407729412 0.36921832286616 -1.53916143721510 -0.22290091606409
1.09079816744925 0.30218820951122 0.36860423045033 -1.54667394929624 -0.23200958419695
1.09349816744925 0.29800199800244 0.36796532210255 -1.55423086628785 -0.24128382298545
1.09619816744925 0.29379532287063 0.36730114475720 -1.56183218493204 -0.25072812162027
1.09889816744925 0.28956806427862 0.36661123301131 -1.56947786350268 -0.26034713085677
1.10159816744925 0.28532010255768 0.36589510867882 -1.57716781836815 -0.27014567012843
1.10429816744925 0.28105131832561 0.36515228032508 -1.58490192027252 -0.28012873502304
1.10699816744925 0.27676159261527 0.36438224278076 -1.59267999031115 -0.29030150514168
1.10969816744925 0.27245080701447 0.36358447663395 -1.60050179557450 -0.30066935236240
1.11239816744925 0.26811884381802 0.36275844769935 -1.60836704443117 -0.31123784953097
1.11509816744925 0.26376558619314 0.36190360646346 -1.61627538141907 -0.32201277960300
1.11779816744925 0.25939091835913 0.36101938750436 -1.62422638171016 -0.33300014526277
1.12049816744925 0.25499472578265 0.36010520888494 -1.63221954511132 -0.34420617904551
1.12319816744925 0.25057689538992 0.35916047151802 -1.64025428956020 -0.35563735399160
1.12589816744925 0.24613731579708 0.35818455850196 -1.64832994407097 -0.36730039486235
1.12859816744924 0.24167587756054 0.35717683442524 -1.65644574108069 -0.37920228994896
1.13129816744924 0.23719247344878 0.35613664463828 -1.66460080814208 -0.39135030350759
1.13399816744924 0.23268699873753 0.35506331449078 -1.67279415890346 -0.40375198885540
1.13669816744924 0.22815935153039 0.35395614853281 -1.68102468331045 -0.41641520216413
1.13939816744924 0.22360943310697 0.35281442967770 -1.68929113695814 -0.42934811698915
1.14209816744924 0.21903714830105 0.35163741832455 -1.69759212951477 -0.44255923957437
1.14479816744924 0.21444240591137 0.35042435143844 -1.70592611213058 -0.45605742497442
1.14749816744924 0.20982511914784 0.34917444158590 -1.71429136373670 -0.46985189403767
1.15019816744924 0.20518520611639 0.34788687592333 -1.72268597612909 -0.48395225129517
1.15289816744924 0.20052259034584 0.34656081513585 -1.73110783772250 -0.49836850380206
1.15559816744924 0.19583720136060 0.34519539232389 -1.73955461584697 -0.51311108097948
1.15829816744924 0.19112897530330 0.34378971183490 -1.74802373744695 -0.52819085550609
1.16099816744924 0.18639785561178 0.34234284803706 -1.75651236802832 -0.54361916530936
1.16369816744924 0.18164379375560 0.34085384403217 -1.76501738868261 -0.55940783670710
1.16639816744924 0.17686675003730 0.33932171030440 -1.77353537100022 -0.57556920874999
1.16909816744924 0.17206669446450 0.33774542330165 -1.78206254966417 -0.59211615881522
1.17179816744924 0.16724360769939 0.33612392394604 -1.79059479249471 -0.60906212950013
1.17449816744924 0.16239748209284 0.33445611607003 -1.79912756769014 -0.62642115686255
1.17719816744924 0.15752832281105 0.33274086477436 -1.80765590798285 -0.64420790005125
1.17989816744924 0.15263614906341 0.33097699470413 -1.81617437139906 -0.66243767236507
1.18259816744924 0.14772099544145 0.32916328823902 -1.82467699827797 -0.68112647377309
1.18529816744924 0.14278291337912 0.32729848359367 -1.83315726416897 -0.70029102491936
1.18799816744924 0.13782197274645 0.32538127282434 -1.84160802818449 -0.71994880262484
1.19069816744924 0.13283826358916 0.32341029973755 -1.85002147634100 -0.74011807688491
1.19339816744924 0.12783189802874 0.32138415769693 -1.85838905937007 -0.76081794934291
1.19609816744924 0.12280301233841 0.31930138732422 -1.86670142442602 -0.78206839319760
1.19879816744924 0.11775176921252 0.31716047409064 -1.87494834005459 -0.80389029447468
1.20149816744924 0.11267836024836 0.31495984579510 -1.88311861371954 -0.82630549455780
1.20419816744924 0.10758300866157 0.31269786992606 -1.89120000110843 -0.84933683383221
1.20689816744924 0.10246597225850 0.31037285090424 -1.89917910635643 -0.87300819624240
1.20959816744924 0.09732754669125 0.30798302720411 -1.90704127223586 -0.89734455450146
1.21229816744924 0.09216806902398 0.30552656835276 -1.91477045925970 -0.92237201561350
1.21499816744924 0.08698792164181 0.30300157180594 -1.92234911253843 -0.94811786627695
1.21769816744924 0.08178753653726 0.30040605970229 -1.92975801511138 -0.97461061762403
1.22039816744923 0.07656740001243 0.29773797549837 -1.93697612634569 -1.00188004861595
1.22309816744923 0.07132805783947 0.29499518048931 -1.94398040385880 -1.02995724724980
1.22579816744923 0.06607012092593 0.29217545022227 -1.95074560727336 -1.05887464853660
1.22849816744923 0.06079427153656 0.28927647081314 -1.95724408195929 -1.08866606797474
1.23119816744923 0.05550127012830 0.28629583518067 -1.96344552075633 -1.11936672896091
1.23389816744923 0.05019196286071 0.28323103921683 -1.96931670150583 -1.15101328224386
1.23659816744923 0.04486728985040 0.28007947791796 -1.97482119805601 -1.18364381512508
1.23929816744923 0.03952829424430 0.27683844150794 -1.97991906224643 -1.21729784763246
1.24199816744923 0.03417613219371 0.27350511159302 -1.98456647423248 -1.25201631232584
1.24469816744923 0.02881208381832 0.27007655739765 -1.98871535839097 -1.28784151372172
1.24739816744923 0.02343756525692 0.26654973214267 -1.99231296196651 -1.32481706253114
1.25009816744923 0.01805414190932 0.26292146964152 -1.99530139359663 -1.36298777897076
1.25279816744923 0.01266354298156 0.25918848120666 -1.99761711891504 -1.40239955831252
1.25549816744923 0.00726767745390 0.25534735297903 -1.99919041061248 -1.44309919055851
1.25819816744923 0.00186865159776 0.25139454381696 -1.99994475067435 -1.48513412464311
1.26089816744923 -0.00353121182674 0.24732638390910 -1.99979618307097 -1.52855216585113
1.26359816744923 -0.00892935255765 0.24313907430913 -1.99865261601915 -1.57340109317854
1.26629816744923 -0.01432294986614 0.23882868762896 -1.99641307415114 -1.61972818113707
1.26899816744923 -0.01970889750682 0.23439117017186 -1.99296690263014 -1.66757960801007
1.27169816744923 -0.02508377645891 0.22982234583973 -1.98819292757533 -1.71699972981423
1.27439816744923 -0.03044382534953 0.22511792220821 -1.98195858026876 -1.76803019624485
1.27709816744923 -0.03578490847589 0.22027349923195 -1.97411899670889 -1.82070888174961
1.27979816744923 -0.04110248138140 0.21528458111904 -1.96451610938012 -1.87506860170641
1.28249816744923 -0.04639155399462 0.21014659199860 -1.95297775488724 -1.93113558066530
1.28519816744923 -0.05164665141544 0.20485489609879 -1.93931682964458 -1.98892763703565
1.28789816744923 -0.05686177253329 0.19940482325079 -1.92333053640920 -2.04845204686999
1.29059816744923 -0.06203034679462 0.19379170063628 -1.90479977738719 -2.10970304908677
1.29329816744923 -0.06714518960791 0.18801089179556 -1.88348876514441 -2.17265895636257
1.29599816744923 -0.07219845709047 0.18205784400388 -1.85914494071191 -2.23727884102643
1.29869816744923 -0.07718160113020 0.17592814519493 -1.83149930896335 -2.30349877490058
1.30139816744923 -0.08208532606295 0.16961759164704 -1.80026732406548 -2.37122761773378
1.30409816744923 -0.08689954865657 0.16312226763298 -1.76515048153194 -2.44034237251521
1.30679816744923 -0.09161336354699 0.15643863814115 -1.72583879634959 -2.51068315955823
1.30949816744922 -0.09621501678335 0.14956365557798 -1.68201436598226 -2.58204790680879
1.31219816744922 -0.10069189069404 0.14249488102099 -1.63335622870282 -2.65418691300747
1.31489816744922 -0.10503050385542 0.13523062007331 -1.57954672610421 -2.72679751387648
1.31759816744922 -0.10921653048453 0.12777007263421 -1.52027955673227 -2.79951916853195
1.32029816744922 -0.11323484402132 0.12011349491427 -1.45526965726080 -2.87192938034584
1.32299816744922 -0.11706958992471 0.11226237077036 -1.38426495970085 -2.94354096628552
1.32569816744922 -0.12070429266907 0.10421958792149 -1.30705993995797 -3.01380127934853
1.32839816744922 -0.12412200146298 0.09598961287941 -1.22351068999644 -3.08209405266080
1.33109816744922 -0.12730547818747 0.08757865658915 -1.13355101460618 -3.14774454855284
1.33379816744922 -0.13023742934746 0.07899482099083 -1.03720878580685 -3.21002863562148
1.33649816744922 -0.13290078138066 0.07024821522416 -0.93462150786422 -3.26818625631976
1.33919816744922 -0.13527899548791 0.06135102929607 -0.82604979304812 -3.32143946904797
1.34189816744922 -0.13735641438113 0.05231755304846 -0.71188727500043 -3.36901484951115
1.34459816744922 -0.13911862928298 0.04316412949937 -0.59266545184842 -3.41016953755057
1.34729816744922 -0.14055285160529 0.03390903429355 -0.46905210858941 -3.44421966851197
1.34999816744922 -0.14164827055093 0.02457227711751 -0.34184234995750 -3.47056941206765
1.35269816744922 -0.14239637603302 0.01517532629466 -0.21194187525491 -3.48873845477848
1.35539816744922 -0.14279122631508 0.00574076389443 -0.08034289091239 -3.49838560340122
1.35809816744922 -0.14282964195935 -0.00370811515538 0.05190611798545 -3.49932632526990
1.36079816744922 -0.14251131201512 -0.01314774111588 0.18373478455797 -3.49154249990934
1.36349816744922 -0.14183880449429 -0.02255472208256 0.31408691370077 -3.47518338658560
1.36619816744922 -0.14081748034030 -0.03190628716675 0.44195546040522 -3.45055770768773
1.36889816744922 -0.13945531736089 -0.04118069712625 0.56641384422081 -3.41811765986269
1.37159816744922 -0.13776265700604 -0.05035760264474 0.68664148893901 -3.37843644174348
1.37429816744922 -0.13575189164422 -0.05941833552217 0.80194219341374 -3.33218140980230
1.37699816744922 -0.13343711265208 -0.06834612409311 0.91175476101590 -3.28008518216612
1.37969816744922 -0.13083374009354 -0.07712623038340 1.01565610280408 -3.22291691060234
1.38239816744922 -0.12795815327450 -0.08574601208903 1.11335767141977 -3.16145559540228
1.38509816744922 -0.12482733851294 -0.09419491687469 1.20469651347844 -3.09646682095677
1.38779816744922 -0.12145856666203 -0.10246441947035 1.28962243222272 -3.02868374175662
1.39049816744922 -0.11786910885242 -0.11054791357525 1.36818275475305 -2.95879263420115
1.39319816744922 -0.11407599505835 -0.11844057083346 1.44050604968492 -2.88742290626343
1.39589816744922 -0.11009581676864 -0.12613917841468 1.50678590057714 -2.81514115205379
1.39859816744922 -0.10594457243194 -0.13364196534337 1.56726556245204 -2.74244865356900
1.40129816744921 -0.10163755248480 -0.14094842597672 1.62222405559209 -2.66978165204537
1.40399816744921 -0.09718925960948 -0.14805914718841 1.67196401026173 -2.59751371216640
1.40669816744921 -0.09261335929432 -0.15497564405317 1.71680138215396 -2.52595955779849
1.40939816744921 -0.08792265565102 -0.16170020726182 1.75705701467831 -2.45537984444599
1.41209816744921 -0.08312908764867 -0.16823576418496 1.79304992713483 -2.38598643263075
1.41479816744921 -0.07824374133673 -0.17458575446081 1.82509214998558 -2.31794782478168
1.41749816744921 -0.07327687415480 -0.18075402019549 1.85348490110344 -2.25139451780385
1.42019816744921 -0.06823794799452 -0.18674471030103 1.87851589155422 -2.18642410008858
1.42289816744921 -0.06313566824032 -0.19256219812185 1.90045755878537 -2.12310598397044
1.42559816744921 -0.05797802653791 -0.19821101127384 1.91956604316886 -2.06148571301264
1.42829816744921 -0.05277234550709 -0.20369577250836 1.93608074628672 -2.00158881951473
1.43099816744921 -0.04752532401965 -0.20902115038302 1.95022433308928 -1.94342423324713
1.43369816744921 -0.04224308200379 -0.21419181854943 1.96220306310595 -1.88698725966366
1.43639816744921 -0.03693120401762 -0.21921242253264 1.97220735707011 -1.83226215662172
1.43909816744921 -0.03159478106122 -0.22408755296475 1.98041252404417 -1.77922434459302
1.44179816744921 -0.02623845027651 -0.22882172433327 1.98697959020207 -1.72784228783274
1.44449816744921 -0.02086643232463 -0.23341935840691 1.99205618390217 -1.67807908406540
1.44719816744921 -0.01548256633726 -0.23788477160076 1.99577744276420 -1.62989379876677
1.44989816744921 -0.01009034241847 -0.24222216563741 1.99826691742237 -1.58324257768574
1.45259816744921 -0.00469293173212 -0.24643562094750 1.99963745376069 -1.53807956830026
1.45529816744921 0.00070678574904 -0.25052909233141 1.99999204103518 -1.49435767774658
1.45799816744921 0.00610619572844 -0.25450640647457 1.99942461762046 -1.45202919160830
1.46069816744921 0.01150292618322 -0.25837126096988 1.99802082942128 -1.41104627493369
1.46339816744921 0.01689482594243 -0.26212722455517 1.99585873846748 -1.37136137404539
1.46609816744921 0.02227994511046 -0.26577773831985 1.99300948103491 -1.33292753515487
1.46879816744921 0.02765651719969 -0.26932611767515 1.98953787594695 -1.29569865351159
1.47149816744921 0.03302294284011 -0.27277555491679 1.98550298462620 -1.25962966479841
1.47419816744921 0.03837777493831 -0.27612912223767 1.98095862507784 -1.22467668872007
1.47689816744921 0.04371970516485 -0.27938977507348 1.97595384236740 -1.19079713319902
1.47959816744921 0.04904755165635 -0.28256035568444 1.97053333836588 -1.15794976627246
1.48229816744921 0.05436024782607 -0.28564359689447 1.96473786361945 -1.12609476165146
1.48499816744921 0.05965683218467 -0.28864212592351 1.95860457419420 -1.09519372293658
1.48769816744921 0.06493643908023 -0.29155846826117 1.95216735627630 -1.06520969066275
1.49039816744921 0.07019829027423 -0.29439505154021 1.94545712119514 -1.03610713564932
1.49309816744920 0.07544168727706 -0.29715420937687 1.93850207339631 -1.00785194154344
1.49579816744920 0.08066600437311 -0.29983818515225 1.93132795373501 -0.98041137894862
1.49849816744920 0.08587068227204 -0.30244913571473 1.92395826029679 -0.95375407311351
1.50119816744920 0.09105522232820 -0.30498913498832 1.91641444878738 -0.92784996680653
1.50389816744920 0.09621918127568 -0.30746017747575 1.90871611437129 -0.90267027970838
1.50659816744920 0.10136216643119 -0.30986418164858 1.90088115668271 -0.87818746541030
1.50929816744920 0.10648383132155 -0.31220299321886 1.89292592958373 -0.85437516690121
1.51199816744920 0.11158387169665 -0.31447838828947 1.88486537710544 -0.83120817125700
1.51469816744920 0.11666202189214 -0.31669207638169 1.87671315687763 -0.80866236410375
1.51739816744920 0.12171805150995 -0.31884570334000 1.86848175223211 -0.78671468430941
1.52009816744920 0.12675176238738 -0.32094085411530 1.86018257405428 -0.76534307926149
1.52279816744920 0.13176298582842 -0.32297905542848 1.85182605335571 -0.74452646100794
1.52549816744920 0.13675158007356 -0.32496177831698 1.84342172544798 -0.72424466347273
1.52819816744920 0.14171742798638 -0.32689044056750 1.83497830651336 -0.70447840090320
1.53089816744920 0.14666043493744 -0.32876640903822 1.82650376329128 -0.68520922766214
1.53359816744920 0.15158052686779 -0.33059100187448 1.81800537653010 -0.66641949944126
1.53629816744920 0.15647764851607 -0.33236549062162 1.80948979879037 -0.64809233594381
1.53899816744920 0.16135176179454 -0.33409110223912 1.80096310712919 -0.63021158506011
1.54169816744920 0.16620284430117 -0.33576902102004 1.79243085114368 -0.61276178854132
1.54439816744920 0.17103088795549 -0.33740039041978 1.78389809680519 -0.59572814916153
1.54709816744920 0.17583589774772 -0.33898631479814 1.77536946647409 -0.57909649934669
1.54979816744920 0.18061789059103 -0.34052786107866 1.76684917544712 -0.56285327123986
1.55249816744920 0.18537689426826 -0.34202606032905 1.75834106535558 -0.54698546816528
1.55519816744920 0.19011294646489 -0.34348190926633 1.74984863470170 -0.53148063744882
1.55789816744920 0.19482609388080 -0.34489637169050 1.74137506679304 -0.51632684454872
1.56059816744920 0.19951639141433 -0.34627037984992 1.73292325531013 -0.50151264844804
1.56329816744920 0.20418390141232 -0.34760483574201 1.72449582771991 -0.48702707825899
1.56599816744920 0.20882869298071 -0.34890061235234 1.71609516672738 -0.47285961098845
1.56869816744920 0.21345084135064 -0.35015855483518 1.70772342993997 -0.45900015041407
1.57139816744920 0.21805042729537 -0.35137948163842 1.69938256790234 -0.44543900702069
1.57409816744920 0.22262753659387 -0.35256418557579 1.69107434064493 -0.43216687894778
1.57679816744920 0.22718225953723 -0.35371343484889 1.68280033287603 -0.41917483389952
1.57949816744920 0.23171469047440 -0.35482797402158 1.67456196793507 -0.40645429197074
1.58219816744919 0.23622492739403 -0.35590852494929 1.66636052061434 -0.39399700934325
1.58489816744919 0.24071307153957 -0.35695578766534 1.65819712894595 -0.38179506280863
1.58759816744919 0.24517922705481 -0.35797044122662 1.65007280504268 -0.36984083507573
1.59029816744919 0.24962350065755 -0.35895314452052 1.64198844507265 -0.35812700082207
1.59299816744919 0.25404600133915 -0.35990453703527 1.63394483844124 -0.34664651345092
1.59569816744919 0.25844684008783 -0.36082523959533 1.62594267624641 -0.33539259251697
1.59839816744919 0.26282612963389 -0.36171585506376 1.61798255906825 -0.32435871178552
1.60109816744919 0.26718398421513 -0.36257696901316 1.61006500414787 -0.31353858789173
1.60379816744919 0.27152051936091 -0.36340915036673 1.60219045200597 -0.30292616956826
1.60649816744919 0.27583585169333 -0.36421295201102 1.59435927254701 -0.29251562741087
1.60919816744919 0.28013009874430 -0.36498891138168 1.58657177069102 -0.28230134415367
1.61189816744919 0.28440337878717 -0.36573755102370 1.57882819157117 -0.27227790542660
1.61459816744919 0.28865581068189 -0.36645937912725 1.57112872533226 -0.26244009096957
1.61729816744919 0.29288751373258 -0.36715489004039 1.56347351156208 -0.25278286627897
1.61999816744919 0.29709860755664 -0.36782456475982 1.55586264338487 -0.24330137466337
1.62269816744919 0.30128921196447 -0.36846887140066 1.54829617124379 -0.23399092968679
1.62539816744919 0.30545944684900 -0.36908826564638 1.54077410639682 -0.22484700797882
1.62809816744919 0.30960943208434 -0.36968319117976 1.53329642414871 -0.21586524239227
1.63079816744919 0.31373928743275 -0.37025408009581 1.52586306683947 -0.20704141548977
1.63349816744919 0.31784913245947 -0.37080135329756 1.51847394660851 -0.19837145334216
1.63619816744919 0.32193908645461 -0.37132542087549 1.51112894795151 -0.18985141962204
1.63889816744919 0.32600926836181 -0.37182668247139 1.50382793008623 -0.18147750997718
1.64159816744919 0.33005979671294 -0.37230552762742 1.49657072914173 -0.17324604666895
1.64429816744919 0.33409078956854 -0.37276233612100 1.48935716018460 -0.16515347346212
1.64699816744919 0.33810236446354 -0.37319747828621 1.48218701909433 -0.15719635075278
1.64969816744919 0.34209463835779 -0.37361131532243 1.47506008429955 -0.14937135092226
1.65239816744919 0.34606772759118 -0.37400419959062 1.46797611838533 -0.14167525390514
1.65509816744919 0.35002174784286 -0.37437647489800 1.46093486958129 -0.13410494296055
1.65779816744919 0.35395681409439 -0.37472847677150 1.45393607313949 -0.12665740063631
1.66049816744919 0.35787304059645 -0.37506053272063 1.44697945261011 -0.11932970491596
1.66319816744919 0.36177054083882 -0.37537296249011 1.44006472102267 -0.11211902553959
1.66589816744919 0.36564942752351 -0.37566607830289 1.43319158197962 -0.10502262048949
1.66859816744919 0.36950981254069 -0.37594018509378 1.42635973066879 -0.09803783263253
1.67129816744919 0.37335180694722 -0.37619558073431 1.41956885480064 -0.09116208651129
1.67399816744918 0.37717552094768 -0.37643255624907 1.41281863547573 -0.08439288527653
1.67669816744918 0.38098106387760 -0.37665139602396 1.40610874798758 -0.07772780775409
1.67939816744918 0.38476854418880 -0.37685237800670 1.39943886256553 -0.07116450563948
1.68209816744918 0.38853806943669 -0.37703577389994 1.39280864506192 -0.06470070081396
1.68479816744918 0.39228974626926 -0.37720184934725 1.38621775758766 -0.05833418277612
1.68749816744918 0.39602368041783 -0.37735086411235 1.37966585909984 -0.05206280618342
1.69019816744918 0.39973997668926 -0.37748307225184 1.37315260594485 -0.04588448849825
1.69289816744918 0.40343873895959 -0.37759872228172 1.36667765236014 -0.03979720773363
1.69559816744918 0.40712007016899 -0.37769805733791 1.36024065093763 -0.03379900029366
1.69829816744918 0.41078407231786 -0.37778131533112 1.35384125305146 -0.02788795890424
1.70099816744918 0.41443084646416 -0.37784872909622 1.34747910925255 -0.02206223062979
1.70369816744918 0.41806049272159 -0.37790052653636 1.34115386963249 -0.01632001497194
1.70639816744918 0.42167311025890 -0.37793693076206 1.33486518415869 -0.01065956204633
1.70909816744918 0.42526879729990 -0.37795816022554 1.32861270298306 -0.00507917083376
1.71179816744918 0.42884765112441 -0.37796442885029 1.32239607672592 0.00042281249750
1.71449816744918 0.43240976806983 -0.37795594615639 1.31621495673691 0.00584799620183
1.71719816744918 0.43595524353348 -0.37793291738139 1.31006899533459 0.01119794450165
1.71989816744918 0.43948417197548 -0.37789554359721 1.30395784602616 0.01647417907124
1.72259816744918 0.44299664692227 -0.37784402182307 1.29788116370873 0.02167818046164
1.72529816744918 0.44649276097057 -0.37777854513471 1.29183860485335 0.02681138946940
1.72799816744918 0.44997260579193 -0.37769930276985 1.28582982767322 0.03187520845165
1.73069816744918 0.45343627213755 -0.37760648023035 1.27985449227691 0.03687100258985
1.73339816744918 0.45688384984369 -0.37750025938088 1.27391226080787 0.04180010110464
1.73609816744918 0.46031542783726 -0.37738081854445 1.26800279757107 0.04666379842383
1.73879816744918 0.46373109414184 -0.37724833259481 1.26212576914775 0.05146335530559
1.74149816744918 0.46713093588398 -0.37710297304589 1.25628084449906 0.05619999991890
1.74419816744918 0.47051503929974 -0.37694490813841 1.25046769505936 0.06087492888309
1.74689816744918 0.47388348974150 -0.37677430292366 1.24468599482002 0.06548930826810
1.74959816744918 0.47723637168493 -0.37659131934469 1.23893542040428 0.07004427455740
1.75229816744918 0.48057376873623 -0.37639611631496 1.23321565113383 0.07454093557499
1.75499816744918 0.48389576363947 -0.37618884979447 1.22752636908772 0.07898037137803
1.75769816744918 0.48720243828412 -0.37596967286359 1.22186725915420 0.08336363511664
1.76039816744918 0.49049387371269 -0.37573873579458 1.21623800907583 0.08769175386220
1.76309816744918 0.49377015012848 -0.37549618612089 1.21063830948855 0.09196572940546
1.76579816744917 0.49703134690348 -0.37524216870441 1.20506785395502 0.09618653902575
1.76849816744917 0.50027754258627 -0.37497682580063 1.19952633899265 0.10035513623247
1.77119816744917 0.50350881491002 -0.37470029712184 1.19401346409674 0.10447245148006
1.77389816744917 0.50672524080060 -0.37441271989847 1.18852893175917 0.10853939285742
1.77659816744917 0.50992689638468 -0.37411422893851 1.18307244748272 0.11255684675299
1.77929816744917 0.51311385699784 -0.37380495668532 1.17764371979168 0.11652567849629
1.78199816744917 0.51628619719279 -0.37348503327358 1.17224246023875 0.12044673297708
1.78469816744917 0.51944399074749 -0.37315458658366 1.16686838340863 0.12432083524284
1.78739816744917 0.52258731067341 -0.37281374229449 1.16152120691862 0.12814879107561
1.79009816744917 0.52571622922365 -0.37246262393473 1.15620065141628 0.13193138754888
1.79279816744917 0.52883081790116 -0.37210135293261 1.15090644057454 0.13566939356542
1.79549816744917 0.53193114746688 -0.37173004866425 1.14563830108441 0.13936356037672
1.79819816744917 0.53501728794787 -0.37134882850067 1.14039596264545 0.14301462208483
1.80089816744917 0.53808930864545 -0.37095780785341 1.13517915795423 0.14662329612724
1.80359816744917 0.54114727814322 -0.37055710021889 1.12998762269091 0.15019028374546
1.80629816744917 0.54419126431516 -0.37014681722156 1.12482109550412 0.15371627043804
1.80899816744917 0.54722133433357 -0.36972706865574 1.11967931799427 0.15720192639836
1.81169816744917 0.55023755467703 -0.36929796252645 1.11456203469546 0.16064790693815
1.81439816744917 0.55323999113833 -0.36885960508897 1.10946899305603 0.16405485289692
1.81709816744917 0.55622870883225 -0.36841210088743 1.10439994341799 0.16742339103806
1.81979816744917 0.55920377220339 -0.36795555279224 1.09935463899536 0.17075413443208
1.82249816744917 0.56216524503389 -0.36749006203661 1.09433283585151 0.17404768282737
1.82519816744917 0.56511319045106 -0.36701572825199 1.08933429287568 0.17730462300905
1.82789816744917 0.56804767093501 -0.36653264950263 1.08435877175865 0.18052552914633
1.83059816744917 0.57096874832617 -0.36604092231918 1.07940603696778 0.18371096312876
1.83329816744917 0.57387648383274 -0.36554064173138 1.07447585572137 0.18686147489185
1.83599816744917 0.57677093803812 -0.36503190129995 1.06956799796248 0.18997760273235
1.83869816744917 0.57965217090818 -0.36451479314756 1.06468223633230 0.19305987361372
1.84139816744917 0.58252024179853 -0.36398940798905 1.05981834614305 0.19610880346193
1.84409816744917 0.58537520946173 -0.36345583516082 1.05497610535053 0.19912489745217
1.84679816744917 0.58821713205432 -0.36291416264954 1.05015529452639 0.20210865028664
1.84949816744917 0.59104606714391 -0.36236447711997 1.04535569683007 0.20506054646376
1.85219816744917 0.59386207171609 -0.36180686394223 1.04057709798062 0.20798106053920
1.85489816744916 0.59666520218131 -0.36124140721829 1.03581928622825 0.21087065737886
1.85759816744916 0.59945551438171 -0.36066818980775 1.03108205232581 0.21372979240426
1.86029816744916 0.60223306359777 -0.36008729335307 1.02636518950019 0.21655891183047
1.86299816744916 0.60499790455501 -0.35949879830412 1.02166849342357 0.21935845289688
1.86569816744916 0.60775009143054 -0.35890278394206 1.01699176218478 0.22212884409112
1.86839816744916 0.61048967785952 -0.35829932840271 1.01233479626050 0.22487050536628
1.87109816744916 0.61321671694161 -0.35768850869930 1.00769739848665 0.22758384835166
1.87379816744916 0.61593126124727 -0.35707040074467 1.00307937402970 0.23026927655740
1.87649816744916 0.61863336282401 -0.35644507937293 0.99848053035815 0.23292718557301
1.87919816744916 0.62132307320261 -0.35581261836055 0.99390067721405 0.23555796326015
1.88189816744916 0.62400044340316 -0.35517309044701 0.98933962658466 0.23816198993983
1.88459816744916 0.62666552394115 -0.35452656735490 0.98479719267426 0.24073963857412
1.88729816744916 0.62931836483334 -0.35387311980954 0.98027319187609 0.24329127494269
1.88999816744916 0.63195901560371 -0.35321281755815 0.97576744274445 0.24581725781429
1.89269816744916 0.63458752528922 -0.35254572938856 0.97127976596701 0.24831793911328
1.89539816744916 0.63720394244551 -0.35187192314744 0.96680998433732 0.25079366408149
1.89809816744916 0.63980831515259 -0.35119146575818 0.96235792272746 0.25324477143549
1.90079816744916 0.64240069102042 -0.35050442323824 0.95792340806098 0.25567159351942
1.90349816744916 0.64498111719437 -0.34981086071622 0.95350626928604 0.25807445645354
1.90619816744916 0.64754964036066 -0.34911084244842 0.94910633734876 0.26045368027864
1.90889816744916 0.65010630675177 -0.34840443183505 0.94472344516684 0.26280957909647
1.91159816744916 0.65265116215166 -0.34769169143616 0.94035742760342 0.26514246120624
1.91429816744916 0.65518425190103 -0.34697268298704 0.93600812144120 0.26745262923742
1.91699816744916 0.65770562090246 -0.34624746741341 0.93167536535680 0.26974038027882
1.91969816744916 0.66021531362547 -0.34551610484616 0.92735899989539 0.27200600600425
1.92239816744916 0.66271337411155 -0.34477865463587 0.92305886744563 0.27424979279472
1.92509816744916 0.66519984597912 -0.34403517536687 0.91877481221479 0.27647202185731
1.92779816744916 0.66767477242836 -0.34328572487111 0.91450668020426 0.27867296934088
1.93049816744916 0.67013819624606 -0.34253036024163 0.91025431918522 0.28085290644869
1.93319816744916 0.67259015981036 -0.34176913784576 0.90601757867471 0.28301209954798
1.93589816744916 0.67503070509542 -0.34100211333806 0.90179630991186 0.28515081027666
1.93859816744916 0.67745987367605 -0.34022934167295 0.89759036583449 0.28726929564718
1.94129816744916 0.67987770673225 -0.33945087711702 0.89339960105596 0.28936780814764
1.94399816744916 0.68228424505371 -0.33866677326115 0.88922387184231 0.29144659584030
1.94669816744915 0.68467952904426 -0.33787708303232 0.88506303608965 0.29350590245747
1.94939816744915 0.68706359872622 -0.33708185870518 0.88091695330191 0.29554596749493
1.95209816744915 0.68943649374470 -0.33628115191333 0.87678548456878 0.29756702630292
1.95479816744915 0.69179825337188 -0.33547501366046 0.87266849254400 0.29956931017479
1.95749816744915 0.69414891651120 -0.33466349433113 0.86856584142394 0.30155304643342
1.96019816744915 0.69648852170148 -0.33384664370137 0.86447739692635 0.30351845851531
1.96289816744915 0.69881710712102 -0.33302451094912 0.86040302626955 0.30546576605268
1.96559816744915 0.70113471059158 -0.33219714466435 0.85634259815177 0.30739518495337
1.96829816744915 0.70344136958242 -0.33136459285900 0.85229598273084 0.30930692747881
1.97099816744915 0.70573712121415 -0.33052690297677 0.84826305160410 0.31120120231995
1.97369816744915 0.70802200226262 -0.32968412190261 0.84424367778864 0.31307821467135
1.97639816744915 0.71029604916272 -0.32883629597209 0.84023773570175 0.31493816630339
1.97909816744915 0.71255929801214 -0.32798347098055 0.83624510114169 0.31678125563273
1.98179816744915 0.71481178457507 -0.32712569219204 0.83226565126871 0.31860767779095
1.98449816744915 0.71705354428583 -0.32626300434812 0.82829926458628 0.32041762469158
1.98719816744915 0.71928461225251 -0.32539545167646 0.82434582092271 0.32221128509544
1.98989816744915 0.72150502326051 -0.32452307789925 0.82040520141287 0.32398884467438
1.99259816744915 0.72371481177602 -0.32364592624149 0.81647728848030 0.32575048607353
1.99529816744915 0.72591401194951 -0.32276403943902 0.81256196581949 0.32749638897192
1.99799816744915 0.72810265761911 -0.32187745974651 0.80865911837844 0.32922673014180
2.00069816744915 0.73028078231398 -0.32098622894519 0.80476863234147 0.33094168350635
2.00339816744916 0.73244841925764 -0.32009038835050 0.80089039511229 0.33264142019619
2.00609816744916 0.73460560137122 -0.31918997881951 0.79702429529727 0.33432610860439
2.00879816744917 0.73675236127670 -0.31828504075827 0.79317022268897 0.33599591444027
2.01149816744917 0.73888873130006 -0.31737561412900 0.78932806824995 0.33765100078187
2.01419816744918 0.74101474347447 -0.31646173845707 0.78549772409675 0.33929152812724
2.01689816744918 0.74313042954334 -0.31554345283796 0.78167908348411 0.34091765444444
2.01959816744919 0.74523582096338 -0.31462079594398 0.77787204078947 0.34252953522048
2.02229816744920 0.74733094890763 -0.31369380603094 0.77407649149764 0.34412732350900
2.02499816744920 0.74941584426842 -0.31276252094460 0.77029233218571 0.34571116997695
2.02769816744921 0.75149053766027 -0.31182697812714 0.76651946050820 0.34728122295009
2.03039816744921 0.75355505942284 -0.31088721462333 0.76275777518239 0.34883762845756
2.03309816744922 0.75560943962373 -0.30994326708672 0.75900717597390 0.35038053027529
2.03579816744922 0.75765370806130 -0.30899517178569 0.75526756368244 0.35191006996855
2.03849816744923 0.75968789426745 -0.30804296460928 0.75153884012780 0.35342638693342
2.04119816744924 0.76171202751037 -0.30708668107310 0.74782090813608 0.35492961843738
2.04389816744924 0.76372613679720 -0.30612635632491 0.74411367152598 0.35641989965897
2.04659816744925 0.76573025087674 -0.30516202515032 0.74041703509550 0.35789736372656
2.04929816744925 0.76772439824204 -0.30419372197817 0.73673090460863 0.35936214175621
2.05199816744926 0.76970860713299 -0.30322148088598 0.73305518678240 0.36081436288876
2.05469816744926 0.77168290553892 -0.30224533560523 0.72938978927399 0.36225415432602
2.05739816744927 0.77364732120106 -0.30126531952652 0.72573462066813 0.36368164136618
2.06009816744928 0.77560188161506 -0.30028146570467 0.72208959046461 0.36509694743847
2.06279816744928 0.77754661403346 -0.29929380686374 0.71845460906604 0.36650019413699
2.06549816744929 0.77948154546808 -0.29830237540190 0.71482958776571 0.36789150125385
2.06819816744929 0.78140670269242 -0.29730720339632 0.71121443873570 0.36927098681157
2.07089816744930 0.78332211224401 -0.29630832260782 0.70760907501514 0.37063876709477
2.07359816744930 0.78522780042676 -0.29530576448558 0.70401341049862 0.37199495668117
2.07629816744931 0.78712379331322 -0.29429956017171 0.70042735992479 0.37333966847190
2.07899816744932 0.78901011674689 -0.29328974050567 0.69685083886516 0.37467301372120
2.08169816744932 0.79088679634439 -0.29227633602878 0.69328376371295 0.37599510206546
2.08439816744933 0.79275385749771 -0.29125937698845 0.68972605167226 0.37730604155161
2.08709816744933 0.79461132537640 -0.29023889334249 0.68617762074729 0.37860593866494
2.08979816744934 0.79645922492964 -0.28921491476329 0.68263838973173 0.37989489835630
2.09249816744934 0.79829758088846 -0.28818747064190 0.67910827819833 0.38117302406878
2.09519816744935 0.80012641776773 -0.28715659009209 0.67558720648863 0.38244041776372
2.09789816744936 0.80194575986831 -0.28612230195430 0.67207509570280 0.38369717994630
2.10059816744936 0.80375563127900 -0.28508463479953 0.66857186768967 0.38494340969046
2.10329816744937 0.80555605587863 -0.28404361693322 0.66507744503685 0.38617920466343
2.10599816744937 0.80734705733799 -0.28299927639895 0.66159175106109 0.38740466114966
2.10869816744938 0.80912865912178 -0.28195164098218 0.65811470979863 0.38861987407424
2.11139816744938 0.81090088449059 -0.28090073821388 0.65464624599586 0.38982493702592
2.11409816744939 0.81266375650276 -0.27984659537413 0.65118628509999 0.39101994227961
2.11679816744940 0.81441729801626 -0.27878923949558 0.64773475324990 0.39220498081836
2.11949816744940 0.81616153169057 -0.27772869736697 0.64429157726711 0.39338014235498
2.12219816744941 0.81789647998850 -0.27666499553651 0.64085668464692 0.39454551535318
2.12489816744941 0.81962216517801 -0.27559816031520 0.63743000354961 0.39570118704827
2.12759816744942 0.82133860933396 -0.27452821778016 0.63401146279185 0.39684724346744
2.13029816744942 0.82304583433989 -0.27345519377784 0.63060099183811 0.39798376944964
2.13299816744943 0.82474386188978 -0.27237911392719 0.62719852079233 0.39911084866507
2.13569816744944 0.82643271348973 -0.27130000362283 0.62380398038964 0.40022856363425
2.13839816744944 0.82811241045967 -0.27021788803810 0.62041730198818 0.40133699574672
2.14109816744945 0.82978297393503 -0.26913279212809 0.61703841756106 0.40243622527936
2.14379816744945 0.83144442486838 -0.26804474063262 0.61366725968849 0.40352633141437
2.14649816744946 0.83309678403109 -0.26695375807918 0.61030376154989 0.40460739225686
2.14919816744946 0.83474007201489 -0.26585986878582 0.60694785691625 0.40567948485210
2.15189816744947 0.83637430923349 -0.26476309686397 0.60359948014248 0.40674268520247
2.15459816744948 0.83799951592415 -0.26366346622124 0.60025856616001 0.40779706828397
2.15729816744948 0.83961571214920 -0.26256100056418 0.59692505046930 0.40884270806256
2.15999816744949 0.84122291779759 -0.26145572340097 0.59359886913268 0.40987967751002
2.16269816744949 0.84282115258637 -0.26034765804410 0.59027995876706 0.41090804861964
2.16539816744950 0.84441043606223 -0.25923682761298 0.58696825653695 0.41192789242150
2.16809816744950 0.84599078760291 -0.25812325503650 0.58366370014744 0.41293927899752
2.17079816744951 0.84756222641869 -0.25700696305563 0.58036622783732 0.41394227749617
2.17349816744952 0.84912477155378 -0.25588797422586 0.57707577837232 0.41493695614694
2.17619816744952 0.85067844188780 -0.25476631091968 0.57379229103841 0.41592338227452
2.17889816744953 0.85222325613711 -0.25364199532903 0.57051570563519 0.41690162231266
2.18159816744953 0.85375923285623 -0.25251504946765 0.56724596246943 0.41787174181786
2.18429816744954 0.85528639043917 -0.25138549517344 0.56398300234858 0.41883380548269
2.18699816744954 0.85680474712081 -0.25025335411081 0.56072676657454 0.41978787714897
2.18969816744955 0.85831432097818 -0.24911864777291 0.55747719693734 0.42073401982060
2.19239816744955 0.85981512993182 -0.24798139748389 0.55423423570902 0.42167229567617
2.19509816744956 0.86130719174704 -0.24684162440114 0.55099782563758 0.42260276608142
2.19779816744957 0.86279052403519 -0.24569934951743 0.54776790994094 0.42352549160135
2.20049816744957 0.86426514425496 -0.24455459366307 0.54454443230108 0.42444053201214
2.20319816744958 0.86573106971358 -0.24340737750804 0.54132733685822 0.42534794631289
2.20589816744958 0.86718831756809 -0.24225772156404 0.53811656820502 0.42624779273709
2.20859816744959 0.86863690482652 -0.24110564618659 0.53491207138096 0.42714012876391
2.21129816744959 0.87007684834911 -0.23995117157699 0.53171379186675 0.42802501112924
2.21399816744960 0.87150816484949 -0.23879431778436 0.52852167557877 0.42890249583659
2.21669816744961 0.87293087089584 -0.23763510470759 0.52533566886366 0.42977263816772
2.21939816744961 0.87434498291205 -0.23647355209726 0.52215571849296 0.43063549269310
2.22209816744962 0.87575051717887 -0.23530967955757 0.51898177165778 0.43149111328221
2.22479816744962 0.87714748983502 -0.23414350654820 0.51581377596359 0.43233955311363
2.22749816744963 0.87853591687830 -0.23297505238617 0.51265167942505 0.43318086468490
2.23019816744963 0.87991581416672 -0.23180433624767 0.50949543046094 0.43401509982229
2.23289816744964 0.88128719741953 -0.23063137716985 0.50634497788912 0.43484230969029
2.23559816744965 0.88265008221835 -0.22945619405261 0.50320027092156 0.43566254480104
2.23829816744965 0.88400448400818 -0.22827880566031 0.50006125915950 0.43647585502350
2.24099816744966 0.88535041809847 -0.22709923062355 0.49692789258855 0.43728228959247
2.24369816744966 0.88668789966415 -0.22591748744083 0.49380012157398 0.43808189711753
2.24639816744967 0.88801694374663 -0.22473359448024 0.49067789685601 0.43887472559165
2.24909816744967 0.88933756525483 -0.22354756998112 0.48756116954512 0.43966082239987
2.25179816744968 0.89064977896616 -0.22235943205566 0.48444989111755 0.44044023432759
2.25449816744969 0.89195359952750 -0.22116919869055 0.48134401341070 0.44121300756893
2.25719816744969 0.89324904145619 -0.21997688774854 0.47824348861870 0.44197918773475
2.25989816744970 0.89453611914095 -0.21878251697000 0.47514826928802 0.44273881986069
2.26259816744970 0.89581484684285 -0.21758610397449 0.47205830831309 0.44349194841494
2.26529816744971 0.89708523869626 -0.21638766626224 0.46897355893201 0.44423861730595
2.26799816744971 0.89834730870973 -0.21518722121569 0.46589397472231 0.44497886988999
2.27069816744972 0.89960107076693 -0.21398478610096 0.46281950959679 0.44571274897855
2.27339816744973 0.90084653862754 -0.21278037806929 0.45975011779933 0.44644029684565
2.27609816744973 0.90208372592814 -0.21157401415851 0.45668575390087 0.44716155523497
2.27879816744974 0.90331264618311 -0.21036571129444 0.45362637279533 0.44787656536692
2.28149816744974 0.90453331278543 -0.20915548629231 0.45057192969566 0.44858536794552
2.28419816744975 0.90574573900763 -0.20794335585814 0.44752238012990 0.44928800316524
2.28689816744975 0.90694993800256 -0.20672933659011 0.44447767993729 0.44998451071761
2.28959816744976 0.90814592280425 -0.20551344497988 0.44143778526445 0.45067492979785
2.29229816744977 0.90933370632875 -0.20429569741397 0.43840265256159 0.45135929911126
2.29499816744977 0.91051330137493 -0.20307611017505 0.43537223857877 0.45203765687958
2.29769816744978 0.91168472062526 -0.20185469944323 0.43234650036219 0.45271004084723
2.30039816744978 0.91284797664667 -0.20063148129734 0.42932539525057 0.45337648828738
2.30309816744979 0.91400308189126 -0.19940647171621 0.42630888087152 0.45403703600804
2.30579816744979 0.91515004869715 -0.19817968657992 0.42329691513801 0.45469172035788
2.30849816744980 0.91628888928916 -0.19695114167099 0.42028945624482 0.45534057723212
2.31119816744981 0.91741961577964 -0.19572085267567 0.41728646266507 0.45598364207819
2.31389816744981 0.91854224016920 -0.19448883518508 0.41428789314683 0.45662094990137
2.31659816744982 0.91965677434740 -0.19325510469640 0.41129370670965 0.45725253527030
2.31929816744982 0.92076323009355 -0.19201967661409 0.40830386264130 0.45787843232238
2.32199816744983 0.92186161907738 -0.19078256625099 0.40531832049436 0.45849867476917
2.32469816744983 0.92295195285978 -0.18954378882951 0.40233704008305 0.45911329590153
2.32739816744984 0.92403424289345 -0.18830335948271 0.39935998147990 0.45972232859487
2.33009816744985 0.92510850052368 -0.18706129325546 0.39638710501262 0.46032580531417
2.33279816744985 0.92617473698896 -0.18581760510552 0.39341837126093 0.46092375811894
2.33549816744986 0.92723296342167 -0.18457230990464 0.39045374105341 0.46151621866818
2.33819816744986 0.92828319084880 -0.18332542243960 0.38749317546443 0.46210321822513
2.34089816744987 0.92932543019252 -0.18207695741332 0.38453663581111 0.46268478766204
2.34359816744987 0.93035969227091 -0.18082692944588 0.38158408365031 0.46326095746481
2.34629816744988 0.93138598779858 -0.17957535307557 0.37863548077562 0.46383175773759
2.34899816744989 0.93240432738727 -0.17832224275991 0.37569078921444 0.46439721820724
2.35169816744989 0.93341472154654 -0.17706761287665 0.37274997122505 0.46495736822777
2.35439816744990 0.93441718068434 -0.17581147772479 0.36981298929375 0.46551223678473
2.35709816744990 0.93541171510762 -0.17455385152556 0.36687980613200 0.46606185249941
2.35979816744991 0.93639833502297 -0.17329474842340 0.36395038467361 0.46660624363313
2.36249816744991 0.93737705053722 -0.17203418248694 0.36102468807193 0.46714543809130
2.36519816744992 0.93834787165796 -0.17077216770991 0.35810267969716 0.46767946342756
2.36789816744993 0.93931080829421 -0.16950871801214 0.35518432313354 0.46820834684771
2.37059816744993 0.94026587025692 -0.16824384724047 0.35226958217675 0.46873211521371
2.37329816744994 0.94121306725961 -0.16697756916966 0.34935842083118 0.46925079504749
2.37599816744994 0.94215240891884 -0.16570989750331 0.34645080330733 0.46976441253479
2.37869816744995 0.94308390475487 -0.16444084587480 0.34354669401917 0.47027299352890
2.38139816744995 0.94400756419211 -0.16317042784812 0.34064605758161 0.47077656355431
2.38409816744996 0.94492339655970 -0.16189865691879 0.33774885880792 0.47127514781036
2.38679816744997 0.94583141109207 -0.16062554651474 0.33485506270722 0.47176877117479
2.38949816744997 0.94673161692940 -0.15935110999714 0.33196463448199 0.47225745820723
2.39219816744998 0.94762402311821 -0.15807536066129 0.32907753952556 0.47274123315264
2.39489816744998 0.94850863861180 -0.15679831173744 0.32619374341973 0.47322011994471
2.39759816744999 0.94938547227083 -0.15551997639165 0.32331321193232 0.47369414220917
2.40029816744999 0.95025453286374 -0.15424036772659 0.32043591101478 0.47416332326707
2.40299816745000 0.95111582906733 -0.15295949878237 0.31756180679981 0.47462768613802
2.40569816745001 0.95196936946717 -0.15167738253735 0.31469086559905 0.47508725354332
2.40839816745001 0.95281516255812 -0.15039403190896 0.31182305390073 0.47554204790907
2.41109816745002 0.95365321674478 -0.14910945975445 0.30895833836741 0.47599209136929
2.41379816745002 0.95448354034199 -0.14782367887171 0.30609668583368 0.47643740576887
2.41649816745003 0.95530614157528 -0.14653670200004 0.30323806330391 0.47687801266654
2.41919816745003 0.95612102858129 -0.14524854182091 0.30038243795004 0.47731393333783
2.42189816745004 0.95692820940827 -0.14395921095872 0.29752977710939 0.47774518877786
2.42459816745004 0.95772769201649 -0.14266872198156 0.29468004828243 0.47817179970421
2.42729816745005 0.95851948427869 -0.14137708740197 0.29183321913066 0.47859378655967
2.42999816745006 0.95930359398053 -0.14008431967764 0.28898925747448 0.47901116951498
2.43269816745006 0.96008002882098 -0.13879043121218 0.28614813129102 0.47942396847147
2.43539816745007 0.96084879641274 -0.13749543435582 0.28330980871211 0.47983220306373
2.43809816745007 0.96160990428272 -0.13619934140612 0.28047425802213 0.48023589266219
2.44079816745008 0.96236335987235 -0.13490216460873 0.27764144765603 0.48063505637564
2.44349816745008 0.96310917053807 -0.13360391615802 0.27481134619722 0.48102971305378
2.44619816745009 0.96384734355168 -0.13230460819783 0.27198392237560 0.48141988128964
2.44889816745010 0.96457788610076 -0.13100425282214 0.26915914506554 0.48180557942202
2.45159816745010 0.96530080528901 -0.12970286207576 0.26633698328390 0.48218682553786
2.45429816745011 0.96601610813670 -0.12840044795499 0.26351740618808 0.48256363747461
2.45699816745011 0.96672380158101 -0.12709702240832 0.26070038307405 0.48293603282246
2.45969816745012 0.96742389247637 -0.12579259733706 0.25788588337445 0.48330402892668
2.46239816745012 0.96811638759491 -0.12448718459603 0.25507387665667 0.48366764288980
2.46509816745013 0.96880129362673 -0.12318079599420 0.25226433262093 0.48402689157378
2.46779816745014 0.96947861718032 -0.12187344329532 0.24945722109846 0.48438179160222
2.47049816745014 0.97014836478288 -0.12056513821858 0.24665251204959 0.48473235936240
2.47319816745015 0.97081054288069 -0.11925589243926 0.24385017556195 0.48507861100738
2.47589816745015 0.97146515783941 -0.11794571758931 0.24105018184860 0.48542056245808
2.47859816745016 0.97211221594447 -0.11663462525803 0.23825250124626 0.48575822940520
2.48129816745016 0.97275172340135 -0.11532262699265 0.23545710421346 0.48609162731129
2.48399816745017 0.97338368633595 -0.11400973429897 0.23266396132883 0.48642077141258
2.48669816745018 0.97400811079488 -0.11269595864193 0.22987304328929 0.48674567672098
2.48939816745018 0.97462500274580 -0.11138131144627 0.22708432090829 0.48706635802587
2.49209816745019 0.97523436807771 -0.11006580409708 0.22429776511412 0.48738282989598
2.49479816745019 0.97583621260128 -0.10874944794040 0.22151334694814 0.48769510668120
2.49749816745020 0.97643054204913 -0.10743225428385 0.21873103756310 0.48800320251430
2.50019816745020 0.97701736207616 -0.10611423439715 0.21595080822145 0.48830713131272
2.50289816745021 0.97759667825980 -0.10479539951275 0.21317263029362 0.48860690678028
2.50559816745022 0.97816849610034 -0.10347576082638 0.21039647525641 0.48890254240880
2.50829816745022 0.97873282102120 -0.10215532949764 0.20762231469129 0.48919405147983
2.51099816745023 0.97928965836921 -0.10083411665052 0.20485012028278 0.48948144706620
2.51369816745023 0.97983901341487 -0.09951213337403 0.20207986381683 0.48976474203366
2.51639816745024 0.98038089135266 -0.09818939072270 0.19931151717916 0.49004394904239
2.51909816745024 0.98091529730127 -0.09686589971715 0.19654505235372 0.49031908054858
2.52179816745025 0.98144223630387 -0.09554167134465 0.19378044142104 0.49059014880591
2.52449816745026 0.98196171332840 -0.09421671655967 0.19101765655668 0.49085716586702
2.52719816745026 0.98247373326778 -0.09289104628438 0.18825667002966 0.49112014358497
2.52989816745027 0.98297830094019 -0.09156467140922 0.18549745420089 0.49137909361464
2.53259816745027 0.98347542108930 -0.09023760279346 0.18273998152162 0.49163402741416
2.53529816745028 0.98396509838452 -0.08890985126565 0.17998422453195 0.49188495624624
2.53799816745028 0.98444733742125 -0.08758142762423 0.17723015585922 0.49213189117954
2.54069816745029 0.98492214272109 -0.08625234263800 0.17447774821657 0.49237484308995
2.54339816745030 0.98538951873207 -0.08492260704664 0.17172697440142 0.49261382266192
2.54609816745030 0.98584946982889 -0.08359223156128 0.16897780729394 0.49284884038970
2.54879816745031 0.98630200031315 -0.08226122686492 0.16623021985560 0.49307990657855
2.55149816745031 0.98674711441355 -0.08092960361303 0.16348418512768 0.49330703134604
2.55419816745032 0.98718481628609 -0.07959737243399 0.16073967622984 0.49353022462313
2.55689816745032 0.98761511001431 -0.07826454392963 0.15799666635858 0.49374949615542
2.55959816745033 0.98803799960949 -0.07693112867571 0.15525512878590 0.49396485550425
2.56229816745034 0.98845348901083 -0.07559713722242 0.15251503685778 0.49417631204782
2.56499816745034 0.98886158208568 -0.07426258009489 0.14977636399278 0.49438387498232
2.56769816745035 0.98926228262969 -0.07292746779365 0.14703908368062 0.49458755332293
2.57039816745035 0.98965559436705 -0.07159181079512 0.14430316948079 0.49478735590493
2.57309816745036 0.99004152095065 -0.07025561955215 0.14156859502108 0.49498329138470
2.57579816745036 0.99042006596225 -0.06891890449440 0.13883533399627 0.49517536824072
2.57849816745037 0.99079123291270 -0.06758167602893 0.13610336016666 0.49536359477457
2.58119816745038 0.99115502524207 -0.06624394454059 0.13337264735675 0.49554797911185
2.58389816745038 0.99151144631984 -0.06490572039254 0.13064316945384 0.49572852920316
2.58659816745039 0.99186049944509 -0.06356701392671 0.12791490040667 0.49590525282496
2.58929816745039 0.99220218784662 -0.06222783546426 0.12518781422405 0.49607815758054
2.59199816745040 0.99253651468314 -0.06088819530606 0.12246188497352 0.49624725090081
2.59469816745040 0.99286348304342 -0.05954810373315 0.11973708678002 0.49641254004521
2.59739816745041 0.99318309594646 -0.05820757100719 0.11701339382451 0.49657403210249
2.60009816745042 0.99349535634160 -0.05686660737095 0.11429078034268 0.49673173399157
2.60279816745042 0.99380026710870 -0.05552522304871 0.11156922062360 0.49688565246229
2.60549816745043 0.99409783105826 -0.05418342824680 0.10884868900842 0.49703579409620
2.60819816745043 0.99438805093159 -0.05284123315397 0.10612915988903 0.49718216530730
2.61089816745044 0.99467092940090 -0.05149864794189 0.10341060770677 0.49732477234274
2.61359816745044 0.99494646906949 -0.05015568276560 0.10069300695114 0.49746362128360
2.61629816745045 0.99521467247180 -0.04881234776392 0.09797633215849 0.49759871804550
2.61899816745046 0.99547554207363 -0.04746865305993 0.09526055791071 0.49773006837931
2.62169816745046 0.99572908027218 -0.04612460876142 0.09254565883398 0.49785767787178
2.62439816745047 0.99597528939619 -0.04478022496129 0.08983160959748 0.49798155194621
2.62709816745047 0.99621417170610 -0.04343551173805 0.08711838491210 0.49810169586299
2.62979816745048 0.99644572939409 -0.04209047915618 0.08440595952917 0.49821811472026
2.63249816745048 0.99666996458424 -0.04074513726666 0.08169430823922 0.49833081345446
2.63519816745049 0.99688687933261 -0.03939949610734 0.07898340587069 0.49843979684085
2.63789816745050 0.99709647562735 -0.03805356570338 0.07627322728868 0.49854506949410
2.64059816745050 0.99729875538878 -0.03670735606771 0.07356374739372 0.49864663586878
2.64329816745051 0.99749372046953 -0.03536087720147 0.07085494112047 0.49874450025986
2.64599816745051 0.99768137265456 -0.03401413909437 0.06814678343654 0.49883866680317
2.64869816745052 0.99786171366132 -0.03266715172521 0.06543924934119 0.49892913947590
2.65139816745052 0.99803474513976 -0.03131992506224 0.06273231386414 0.49901592209703
2.65409816745053 0.99820046867249 -0.02997246906363 0.06002595206428 0.49909901832775
2.65679816745053 0.99835888577480 -0.02862479367787 0.05732013902851 0.49917843167185
2.65949816745054 0.99850999789473 -0.02727690884418 0.05461484987045 0.49925416547617
2.66219816745055 0.99865380641321 -0.02592882449300 0.05191005972925 0.49932622293088
2.66489816745055 0.99879031264403 -0.02458055054634 0.04920574376835 0.49939460706994
2.66759816745056 0.99891951783399 -0.02323209691822 0.04650187717428 0.49945932077135
2.67029816745056 0.99904142316289 -0.02188347351511 0.04379843515542 0.49952036675751
2.67299816745057 0.99915602974365 -0.02053469023635 0.04109539294081 0.49957774759552
2.67569816745057 0.99926333862232 -0.01918575697455 0.03839272577892 0.49963146569747
2.67839816745058 0.99936335077814 -0.01783668361601 0.03569040893645 0.49968152332067
2.68109816745059 0.99945606712362 -0.01648748004115 0.03298841769712 0.49972792256796
2.68379816745059 0.99954148850452 -0.01513815612493 0.03028672736046 0.49977066538789
2.68649816745060 0.99961961569996 -0.01378872173722 0.02758531324062 0.49980975357496
2.68919816745060 0.99969044942241 -0.01243918674331 0.02488415066514 0.49984518876982
2.69189816745061 0.99975399031775 -0.01108956100422 0.02218321497380 0.49987697245944
2.69459816745061 0.99981023896528 -0.00973985437718 0.01948248151736 0.49990510597729
2.69729816745062 0.99985919587778 -0.00839007671603 0.01678192565641 0.49992959050346
2.69999816745063 0.99990086150149 -0.00704023787162 0.01408152276013 0.49995042706484
2.70269816745063 0.99993523621619 -0.00569034769226 0.01138124820515 0.49996761653517
2.70539816745064 0.99996232033515 -0.00434041602406 0.00868107737431 0.49998115963518
2.70809816745064 0.99998211410521 -0.00299045271144 0.00598098565546 0.49999105693267
2.71079816745065 0.99999461770674 -0.00164046759747 0.00328094844033 0.49999730884254
2.71349816745065 0.99999983125369 -0.00029047052430 0.00058094112324 0.49999991562686
2.71409816745066 0.99999999981835 0.00000952945936 -0.00001905891760 0.49999999990920
