 t x y vx vy
 0.000001000 1.000000000 0.000000500 -0.000001000 0.500000000
 0.002715000 0.999996316 0.001357498 -0.002715004 0.499998158
 0.005429000 0.999985266 0.002714487 -0.005429033 0.499992633
 0.008143000 0.999966850 0.004071455 -0.008143112 0.499983424
 0.010857000 0.999941067 0.005428393 -0.010857267 0.499970532
 0.013571000 0.999907919 0.006785292 -0.013571521 0.499953956
 0.016285000 0.999867404 0.008142140 -0.016285900 0.499933695
 0.018999000 0.999819522 0.009498929 -0.019000429 0.499909749
 0.021713000 0.999764272 0.010855647 -0.021715133 0.499882115
 0.024427000 0.999701655 0.012212285 -0.024430037 0.499850794
 0.027141000 0.999631668 0.013568834 -0.027145166 0.499815783
 0.029855000 0.999554313 0.014925282 -0.029860545 0.499777082
 0.032569000 0.999469588 0.016281620 -0.032576199 0.499734688
 0.035283000 0.999377492 0.017637839 -0.035292153 0.499688601
 0.037997000 0.999278024 0.018993927 -0.038008433 0.499638817
 0.040711000 0.999171184 0.020349875 -0.040725063 0.499585334
 0.043425000 0.999056971 0.021705673 -0.043442069 0.499528152
 0.046139000 0.998935383 0.023061310 -0.046159475 0.499467266
 0.048853000 0.998806420 0.024416778 -0.048877308 0.499402675
 0.051567000 0.998670080 0.025772065 -0.051595591 0.499334376
 0.054281000 0.998526361 0.027127162 -0.054314350 0.499262365
 0.056995000 0.998375264 0.028482058 -0.057033611 0.499186641
 0.059709000 0.998216785 0.029836743 -0.059753398 0.499107198
 0.062423000 0.998050924 0.031191208 -0.062473737 0.499024036
 0.065137000 0.997877680 0.032545442 -0.065194654 0.498937148
 0.067851000 0.997697050 0.033899436 -0.067916173 0.498846533
 0.070565000 0.997509033 0.035253178 -0.070638320 0.498752185
 0.073279000 0.997313627 0.036606659 -0.073361120 0.498654102
 0.075993000 0.997110831 0.037959869 -0.076084599 0.498552278
 0.078707000 0.996900642 0.039312798 -0.078808782 0.498446710
 0.081421000 0.996683059 0.040665435 -0.081533695 0.498337393
 0.084135000 0.996458079 0.042017770 -0.084259363 0.498224323
 0.086849000 0.996225701 0.043369793 -0.086985812 0.498107493
 0.089563000 0.995985922 0.044721494 -0.089713067 0.497986901
 0.092277000 0.995738741 0.046072863 -0.092441154 0.497862539
 0.094991000 0.995484154 0.047423889 -0.095170099 0.497734404
 0.097705000 0.995222159 0.048774562 -0.097899927 0.497602488
 0.100419000 0.994952755 0.050124872 -0.100630665 0.497466788
 0.103133000 0.994675938 0.051474808 -0.103362337 0.497327297
 0.105847000 0.994391706 0.052824361 -0.106094970 0.497184008
 0.108561000 0.994100056 0.054173520 -0.108828590 0.497036917
 0.111275000 0.993800986 0.055522274 -0.111563223 0.496886015
 0.113989000 0.993494493 0.056870614 -0.114298895 0.496731298
 0.116703000 0.993180573 0.058218528 -0.117035631 0.496572758
 0.119417000 0.992859225 0.059566007 -0.119773458 0.496410388
 0.122131000 0.992530445 0.060913041 -0.122512402 0.496244182
 0.124845000 0.992194230 0.062259618 -0.125252489 0.496074132
 0.127559000 0.991850576 0.063605728 -0.127993746 0.495900230
 0.130273000 0.991499481 0.064951361 -0.130736199 0.495722470
 0.132987000 0.991140942 0.066296506 -0.133479875 0.495540843
 0.135701000 0.990774954 0.067641153 -0.136224799 0.495355342
 0.138415000 0.990401515 0.068985291 -0.138970998 0.495165958
 0.141129000 0.990020621 0.070328910 -0.141718499 0.494972683
 0.143843000 0.989632268 0.071672000 -0.144467329 0.494775510
 0.146557000 0.989236454 0.073014549 -0.147217514 0.494574428
 0.149271000 0.988833173 0.074356546 -0.149969081 0.494369430
 0.151985000 0.988422423 0.075697983 -0.152722057 0.494160506
 0.154699000 0.988004199 0.077038846 -0.155476469 0.493947648
 0.157413000 0.987578498 0.078379127 -0.158232343 0.493730845
 0.160127000 0.987145316 0.079718814 -0.160989708 0.493510089
 0.162841000 0.986704648 0.081057896 -0.163748589 0.493285369
 0.165555000 0.986256490 0.082396364 -0.166509015 0.493056676
 0.168269000 0.985800838 0.083734205 -0.169271012 0.492823999
 0.170983000 0.985337688 0.085071409 -0.172034609 0.492587329
 0.173697000 0.984867035 0.086407965 -0.174799832 0.492346655
 0.176411000 0.984388876 0.087743863 -0.177566709 0.492101965
 0.179125000 0.983903205 0.089079091 -0.180335267 0.491853250
 0.181839000 0.983410017 0.090413639 -0.183105535 0.491600498
 0.184553000 0.982909309 0.091747495 -0.185877540 0.491343698
 0.187267000 0.982401075 0.093080649 -0.188651311 0.491082838
 0.189981000 0.981885311 0.094413090 -0.191426874 0.490817908
 0.192695000 0.981362011 0.095744806 -0.194204258 0.490548894
 0.195409000 0.980831171 0.097075786 -0.196983492 0.490275784
 0.198123000 0.980292786 0.098406019 -0.199764604 0.489998568
 0.200837000 0.979746850 0.099735494 -0.202547621 0.489717231
 0.203551000 0.979193358 0.101064201 -0.205332573 0.489431762
 0.206265000 0.978632306 0.102392127 -0.208119488 0.489142148
 0.208979000 0.978063687 0.103719261 -0.210908395 0.488848375
 0.211693000 0.977487496 0.105045592 -0.213699322 0.488550429
 0.214407000 0.976903728 0.106371109 -0.216492298 0.488248299
 0.217121000 0.976312377 0.107695800 -0.219287353 0.487941969
 0.219835000 0.975713437 0.109019655 -0.222084515 0.487631426
 0.222549000 0.975106903 0.110342660 -0.224883814 0.487316656
 0.225263000 0.974492768 0.111664806 -0.227685279 0.486997644
 0.227977000 0.973871028 0.112986080 -0.230488940 0.486674376
 0.230691000 0.973241675 0.114306471 -0.233294825 0.486346836
 0.233405000 0.972604704 0.115625967 -0.236102965 0.486015010
 0.236119000 0.971960109 0.116944557 -0.238913389 0.485678883
 0.238833000 0.971307883 0.118262228 -0.241726128 0.485338439
 0.241547000 0.970648020 0.119578970 -0.244541211 0.484993661
 0.244261000 0.969980514 0.120894770 -0.247358669 0.484644535
 0.246975000 0.969305358 0.122209617 -0.250178531 0.484291044
 0.249689000 0.968622546 0.123523499 -0.253000829 0.483933171
 0.252403000 0.967932070 0.124836403 -0.255825592 0.483570900
 0.255117000 0.967233925 0.126148318 -0.258652852 0.483204214
 0.257831000 0.966528103 0.127459232 -0.261482640 0.482833096
 0.260545000 0.965814598 0.128769132 -0.264314985 0.482457527
 0.263259000 0.965093402 0.130078007 -0.267149920 0.482077491
 0.265973000 0.964364508 0.131385845 -0.269987475 0.481692970
 0.268687000 0.963627910 0.132692633 -0.272827682 0.481303945
 0.271401000 0.962883600 0.133998359 -0.275670572 0.480910398
 0.274115000 0.962131571 0.135303011 -0.278516178 0.480512310
 0.276829000 0.961371815 0.136606576 -0.281364530 0.480109662
 0.279543000 0.960604324 0.137909043 -0.284215661 0.479702436
 0.282257000 0.959829092 0.139210397 -0.287069603 0.479290611
 0.284971000 0.959046111 0.140510628 -0.289926388 0.478874168
 0.287685000 0.958255372 0.141809723 -0.292786049 0.478453086
 0.290399000 0.957456868 0.143107668 -0.295648618 0.478027346
 0.293113000 0.956650592 0.144404451 -0.298514128 0.477596927
 0.295827000 0.955836534 0.145700060 -0.301382611 0.477161808
 0.298541000 0.955014687 0.146994482 -0.304254102 0.476721967
 0.301255000 0.954185043 0.148287703 -0.307128632 0.476277384
 0.303969000 0.953347593 0.149579712 -0.310006237 0.475828037
 0.306683000 0.952502329 0.150870494 -0.312886948 0.475373904
 0.309397000 0.951649243 0.152160037 -0.315770800 0.474914962
 0.312111000 0.950788325 0.153448328 -0.318657826 0.474451189
 0.314825000 0.949919568 0.154735354 -0.321548062 0.473982562
 0.317539000 0.949042962 0.156021102 -0.324441541 0.473509057
 0.320253000 0.948158499 0.157305557 -0.327338297 0.473030652
 0.322967000 0.947266170 0.158588708 -0.330238366 0.472547323
 0.325681000 0.946365965 0.159870540 -0.333141781 0.472059044
 0.328395000 0.945457876 0.161151041 -0.336048579 0.471565793
 0.331109000 0.944541893 0.162430195 -0.338958794 0.471067544
 0.333823000 0.943618008 0.163707991 -0.341872462 0.470564271
 0.336537000 0.942686209 0.164984414 -0.344789618 0.470055951
 0.339251000 0.941746489 0.166259451 -0.347710299 0.469542556
 0.341965000 0.940798838 0.167533087 -0.350634540 0.469024062
 0.344679000 0.939843245 0.168805309 -0.353562377 0.468500440
 0.347393000 0.938879701 0.170076103 -0.356493847 0.467971666
 0.350107000 0.937908196 0.171345455 -0.359428987 0.467437711
 0.352821000 0.936928720 0.172613351 -0.362367833 0.466898548
 0.355535000 0.935941263 0.173879777 -0.365310423 0.466354150
 0.358249000 0.934945814 0.175144717 -0.368256793 0.465804488
 0.360963000 0.933942364 0.176408159 -0.371206982 0.465249534
 0.363677000 0.932930902 0.177670087 -0.374161027 0.464689258
 0.366391000 0.931911418 0.178930488 -0.377118966 0.464123633
 0.369105000 0.930883900 0.180189346 -0.380080838 0.463552627
 0.371819000 0.929848338 0.181446647 -0.383046680 0.462976211
 0.374533000 0.928804722 0.182702377 -0.386016531 0.462394355
 0.377247000 0.927753040 0.183956520 -0.388990431 0.461807028
 0.379961000 0.926693281 0.185209061 -0.391968419 0.461214198
 0.382675000 0.925625434 0.186459986 -0.394950533 0.460615834
 0.385389000 0.924549489 0.187709279 -0.397936814 0.460011905
 0.388103000 0.923465433 0.188956926 -0.400927302 0.459402378
 0.390817000 0.922373255 0.190202911 -0.403922036 0.458787219
 0.393531000 0.921272943 0.191447219 -0.406921057 0.458166397
 0.396245000 0.920164486 0.192689834 -0.409924406 0.457539876
 0.398959000 0.919047872 0.193930740 -0.412932124 0.456907624
 0.401673000 0.917923090 0.195169924 -0.415944252 0.456269606
 0.404387000 0.916790126 0.196407367 -0.418960831 0.455625786
 0.407101000 0.915648969 0.197643056 -0.421981903 0.454976130
 0.409815000 0.914499607 0.198876973 -0.425007511 0.454320602
 0.412529000 0.913342027 0.200109103 -0.428037697 0.453659165
 0.415243000 0.912176217 0.201339430 -0.431072502 0.452991782
 0.417957000 0.911002165 0.202567938 -0.434111971 0.452318417
 0.420671000 0.909819856 0.203794610 -0.437156147 0.451639032
 0.423385000 0.908629280 0.205019430 -0.440205072 0.450953589
 0.426099000 0.907430422 0.206242381 -0.443258791 0.450262049
 0.428813000 0.906223270 0.207463447 -0.446317347 0.449564372
 0.431527000 0.905007810 0.208682612 -0.449380786 0.448860520
 0.434241000 0.903784029 0.209899857 -0.452449152 0.448150453
 0.436955000 0.902551915 0.211115167 -0.455522490 0.447434128
 0.439669000 0.901311452 0.212328525 -0.458600845 0.446711507
 0.442383000 0.900062628 0.213539912 -0.461684263 0.445982546
 0.445097000 0.898805428 0.214749313 -0.464772790 0.445247204
 0.447811000 0.897539839 0.215956709 -0.467866472 0.444505438
 0.450525000 0.896265847 0.217162083 -0.470965357 0.443757204
 0.453239000 0.894983438 0.218365418 -0.474069491 0.443002459
 0.455953000 0.893692596 0.219566696 -0.477178921 0.442241158
 0.458667000 0.892393309 0.220765898 -0.480293695 0.441473257
 0.461381000 0.891085560 0.221963007 -0.483413862 0.440698710
 0.464095000 0.889769337 0.223158005 -0.486539469 0.439917470
 0.466809000 0.888444622 0.224350874 -0.489670566 0.439129492
 0.469523000 0.887111403 0.225541595 -0.492807202 0.438334727
 0.472237000 0.885769663 0.226730149 -0.495949426 0.437533128
 0.474951000 0.884419387 0.227916519 -0.499097287 0.436724646
 0.477665000 0.883060561 0.229100685 -0.502250838 0.435909232
 0.480379000 0.881693168 0.230282629 -0.505410127 0.435086836
 0.483093000 0.880317193 0.231462331 -0.508575206 0.434257409
 0.485807000 0.878932620 0.232639773 -0.511746127 0.433420897
 0.488521000 0.877539433 0.233814934 -0.514922942 0.432577251
 0.491235000 0.876137616 0.234987796 -0.518105702 0.431726417
 0.493949000 0.874727153 0.236158339 -0.521294461 0.430868343
 0.496663000 0.873308027 0.237326544 -0.524489271 0.430002974
 0.499377000 0.871880222 0.238492390 -0.527690187 0.429130256
 0.502091000 0.870443722 0.239655857 -0.530897261 0.428250133
 0.504805000 0.868998510 0.240816926 -0.534110549 0.427362551
 0.507519000 0.867544568 0.241975575 -0.537330104 0.426467452
 0.510233000 0.866081879 0.243131785 -0.540555984 0.425564778
 0.512947000 0.864610427 0.244285535 -0.543788242 0.424654472
 0.515661000 0.863130194 0.245436803 -0.547026936 0.423736474
 0.518375000 0.861641163 0.246585570 -0.550272122 0.422810725
 0.521089000 0.860143314 0.247731814 -0.553523857 0.421877164
 0.523803000 0.858636632 0.248875513 -0.556782198 0.420935730
 0.526517000 0.857121098 0.250016647 -0.560047204 0.419986361
 0.529231000 0.855596693 0.251155193 -0.563318934 0.419028994
 0.531945000 0.854063400 0.252291130 -0.566597445 0.418063565
 0.534659000 0.852521199 0.253424436 -0.569882799 0.417090009
 0.537373000 0.850970073 0.254555088 -0.573175054 0.416108260
 0.540087000 0.849410002 0.255683065 -0.576474271 0.415118253
 0.542801000 0.847840968 0.256808343 -0.579780511 0.414119920
 0.545515000 0.846262951 0.257930901 -0.583093837 0.413113193
 0.548229000 0.844675931 0.259050715 -0.586414309 0.412098003
 0.550943000 0.843079890 0.260167762 -0.589741991 0.411074279
 0.553657000 0.841474808 0.261282020 -0.593076946 0.410041951
 0.556371000 0.839860665 0.262393463 -0.596419237 0.409000947
 0.559085000 0.838237441 0.263502070 -0.599768930 0.407951193
 0.561799000 0.836605116 0.264607815 -0.603126087 0.406892616
 0.564513000 0.834963670 0.265710676 -0.606490776 0.405825140
 0.567227000 0.833313081 0.266810627 -0.609863062 0.404748691
 0.569941000 0.831653329 0.267907645 -0.613243012 0.403663190
 0.572655000 0.829984394 0.269001704 -0.616630693 0.402568559
 0.575369000 0.828306254 0.270092780 -0.620026172 0.401464720
 0.578083000 0.826618888 0.271180847 -0.623429518 0.400351592
 0.580797000 0.824922275 0.272265881 -0.626840800 0.399229094
 0.583511000 0.823216393 0.273347855 -0.630260089 0.398097142
 0.586225000 0.821501219 0.274426745 -0.633687453 0.396955655
 0.588939000 0.819776733 0.275502523 -0.637122964 0.395804545
 0.591653000 0.818042912 0.276575164 -0.640566693 0.394643729
 0.594367000 0.816299733 0.277644641 -0.644018714 0.393473117
 0.597081000 0.814547174 0.278710928 -0.647479098 0.392292622
 0.599795000 0.812785213 0.279773998 -0.650947919 0.391102155
 0.602509000 0.811013825 0.280833823 -0.654425252 0.389901623
 0.605223000 0.809232988 0.281890376 -0.657911171 0.388690935
 0.607937000 0.807442679 0.282943629 -0.661405752 0.387469997
 0.610651000 0.805642873 0.283993555 -0.664909072 0.386238714
 0.613365000 0.803833548 0.285040125 -0.668421208 0.384996990
 0.616079000 0.802014678 0.286083310 -0.671942237 0.383744726
 0.618793000 0.800186241 0.287123083 -0.675472238 0.382481825
 0.621507000 0.798348210 0.288159413 -0.679011291 0.381208185
 0.624221000 0.796500563 0.289192272 -0.682559475 0.379923704
 0.626935000 0.794643273 0.290221630 -0.686116872 0.378628278
 0.629649000 0.792776315 0.291247458 -0.689683563 0.377321804
 0.632363000 0.790899665 0.292269724 -0.693259630 0.376004173
 0.635077000 0.789013297 0.293288400 -0.696845157 0.374675279
 0.637791000 0.787117185 0.294303453 -0.700440229 0.373335011
 0.640505000 0.785211303 0.295314853 -0.704044929 0.371983258
 0.643219000 0.783295624 0.296322569 -0.707659343 0.370619906
 0.645933000 0.781370122 0.297326569 -0.711283559 0.369244842
 0.648647000 0.779434771 0.298326821 -0.714917664 0.367857949
 0.651361000 0.777489544 0.299323292 -0.718561745 0.366459108
 0.654075000 0.775534413 0.300315951 -0.722215893 0.365048200
 0.656789000 0.773569350 0.301304764 -0.725880197 0.363625104
 0.659503000 0.771594329 0.302289698 -0.729554749 0.362189694
 0.662217000 0.769609322 0.303270720 -0.733239640 0.360741847
 0.664931000 0.767614299 0.304247795 -0.736934963 0.359281434
 0.667645000 0.765609233 0.305220890 -0.740640812 0.357808327
 0.670359000 0.763594095 0.306189969 -0.744357282 0.356322394
 0.673073000 0.761568856 0.307154997 -0.748084469 0.354823502
 0.675787000 0.759533486 0.308115940 -0.751822469 0.353311515
 0.678501000 0.757487957 0.309072762 -0.755571380 0.351786297
 0.681215000 0.755432238 0.310025426 -0.759331301 0.350247706
 0.683929000 0.753366300 0.310973896 -0.763102332 0.348695603
 0.686643000 0.751290113 0.311918135 -0.766884573 0.347129842
 0.689357000 0.749203645 0.312858106 -0.770678127 0.345550278
 0.692071000 0.747106865 0.313793771 -0.774483097 0.343956761
 0.694785000 0.744999744 0.314725092 -0.778299586 0.342349142
 0.697499000 0.742882248 0.315652030 -0.782127699 0.340727266
 0.700213000 0.740754348 0.316574548 -0.785967543 0.339090979
 0.702927000 0.738616010 0.317492605 -0.789819226 0.337440121
 0.705641000 0.736467202 0.318406161 -0.793682856 0.335774532
 0.708355000 0.734307892 0.319315177 -0.797558542 0.334094049
 0.711069000 0.732138047 0.320219612 -0.801446396 0.332398506
 0.713783000 0.729957634 0.321119424 -0.805346530 0.330687734
 0.716497000 0.727766619 0.322014573 -0.809259056 0.328961561
 0.719211000 0.725564968 0.322905015 -0.813184090 0.327219814
 0.721925000 0.723352648 0.323790709 -0.817121747 0.325462315
 0.724639000 0.721129624 0.324671612 -0.821072145 0.323688885
 0.727353000 0.718895861 0.325547680 -0.825035401 0.321899340
 0.730067000 0.716651324 0.326418869 -0.829011635 0.320093494
 0.732781000 0.714395978 0.327285134 -0.833000969 0.318271158
 0.735495000 0.712129787 0.328146431 -0.837003524 0.316432140
 0.738209000 0.709852715 0.329002714 -0.841019425 0.314576244
 0.740923000 0.707564725 0.329853937 -0.845048795 0.312703272
 0.743637000 0.705265782 0.330700054 -0.849091763 0.310813021
 0.746351000 0.702955847 0.331541017 -0.853148455 0.308905286
 0.749065000 0.700634883 0.332376778 -0.857219000 0.306979858
 0.751779000 0.698302853 0.333207289 -0.861303530 0.305036523
 0.754493000 0.695959719 0.334032502 -0.865402177 0.303075066
 0.757207000 0.693605442 0.334852366 -0.869515074 0.301095266
 0.759921000 0.691239982 0.335666832 -0.873642356 0.299096900
 0.762635000 0.688863302 0.336475849 -0.877784161 0.297079739
 0.765349000 0.686475361 0.337279365 -0.881940627 0.295043552
 0.768063000 0.684076119 0.338077330 -0.886111893 0.292988103
 0.770777000 0.681665536 0.338869689 -0.890298100 0.290913151
 0.773491000 0.679243571 0.339656391 -0.894499393 0.288818453
 0.776205000 0.676810184 0.340437380 -0.898715916 0.286703760
 0.778919000 0.674365332 0.341212602 -0.902947815 0.284568818
 0.781633000 0.671908973 0.341982003 -0.907195238 0.282413370
 0.784347000 0.669441066 0.342745526 -0.911458336 0.280237154
 0.787061000 0.666961567 0.343503113 -0.915737259 0.278039903
 0.789775000 0.664470434 0.344254709 -0.920032161 0.275821344
 0.792489000 0.661967623 0.345000254 -0.924343198 0.273581200
 0.795203000 0.659453089 0.345739690 -0.928670525 0.271319191
 0.797917000 0.656926788 0.346472957 -0.933014303 0.269035028
 0.800631000 0.654388676 0.347199995 -0.937374691 0.266728420
 0.803345000 0.651838708 0.347920741 -0.941751853 0.264399067
 0.806059000 0.649276836 0.348635134 -0.946145952 0.262046667
 0.808773000 0.646703016 0.349343111 -0.950557155 0.259670911
 0.811487000 0.644117201 0.350044609 -0.954985630 0.257271483
 0.814201000 0.641519343 0.350739562 -0.959431548 0.254848063
 0.816915000 0.638909395 0.351427905 -0.963895081 0.252400322
 0.819629000 0.636287309 0.352109571 -0.968376403 0.249927929
 0.822343000 0.633653036 0.352784493 -0.972875692 0.247430543
 0.825057000 0.631006528 0.353452603 -0.977393125 0.244907818
 0.827771000 0.628347734 0.354113832 -0.981928883 0.242359400
 0.830485000 0.625676606 0.354768109 -0.986483150 0.239784931
 0.833199000 0.622993091 0.355415363 -0.991056110 0.237184042
 0.835913000 0.620297141 0.356055523 -0.995647951 0.234556360
 0.838627000 0.617588702 0.356688513 -1.000258861 0.231901503
 0.841341000 0.614867723 0.357314262 -1.004889034 0.229219082
 0.844055000 0.612134151 0.357932692 -1.009538663 0.226508700
 0.846769000 0.609387934 0.358543728 -1.014207945 0.223769952
 0.849483000 0.606629017 0.359147292 -1.018897078 0.221002424
 0.852197000 0.603857347 0.359743305 -1.023606263 0.218205697
 0.854911000 0.601072869 0.360331689 -1.028335705 0.215379338
 0.857625000 0.598275527 0.360912360 -1.033085610 0.212522910
 0.860339000 0.595465266 0.361485238 -1.037856185 0.209635965
 0.863053000 0.592642029 0.362050239 -1.042647642 0.206718045
 0.865767000 0.589805760 0.362607278 -1.047460194 0.203768684
 0.868481000 0.586956401 0.363156270 -1.052294059 0.200787405
 0.871195000 0.584093894 0.363697126 -1.057149454 0.197773723
 0.873909000 0.581218179 0.364229759 -1.062026601 0.194727140
 0.876623000 0.578329198 0.364754078 -1.066925724 0.191647149
 0.879337000 0.575426891 0.365269992 -1.071847049 0.188533232
 0.882051000 0.572511197 0.365777408 -1.076790807 0.185384861
 0.884765000 0.569582055 0.366276232 -1.081757229 0.182201494
 0.887479000 0.566639403 0.366766369 -1.086746551 0.178982579
 0.890193000 0.563683179 0.367247720 -1.091759009 0.175727552
 0.892907000 0.560713319 0.367720188 -1.096794846 0.172435836
 0.895621000 0.557729760 0.368183672 -1.101854303 0.169106842
 0.898335000 0.554732437 0.368638069 -1.106937627 0.165739968
 0.901049000 0.551721286 0.369083277 -1.112045069 0.162334597
 0.903763000 0.548696240 0.369519189 -1.117176878 0.158890100
 0.906477000 0.545657233 0.369945700 -1.122333312 0.155405834
 0.909191000 0.542604197 0.370362699 -1.127514627 0.151881140
 0.911905000 0.539537066 0.370770077 -1.132721085 0.148315344
 0.914619000 0.536455769 0.371167720 -1.137952950 0.144707758
 0.917333000 0.533360239 0.371555516 -1.143210488 0.141057678
 0.920047000 0.530250405 0.371933346 -1.148493970 0.137364381
 0.922761000 0.527126195 0.372301094 -1.153803669 0.133627131
 0.925475000 0.523987540 0.372658638 -1.159139861 0.129845173
 0.928189000 0.520834365 0.373005856 -1.164502826 0.126017733
 0.930903000 0.517666599 0.373342624 -1.169892845 0.122144021
 0.933617000 0.514484168 0.373668815 -1.175310205 0.118223227
 0.936331000 0.511286996 0.373984300 -1.180755193 0.114254521
 0.939045000 0.508075009 0.374288948 -1.186228102 0.110237053
 0.941759000 0.504848130 0.374582626 -1.191729225 0.106169955
 0.944473000 0.501606282 0.374865197 -1.197258862 0.102052334
 0.947187000 0.498349388 0.375136524 -1.202817312 0.097883278
 0.949901000 0.495077369 0.375396464 -1.208404880 0.093661851
 0.952615000 0.491790145 0.375644876 -1.214021873 0.089387094
 0.955329000 0.488487637 0.375881613 -1.219668601 0.085058024
 0.958043000 0.485169763 0.376106525 -1.225345376 0.080673634
 0.960757000 0.481836441 0.376319463 -1.231052515 0.076232891
 0.963471000 0.478487588 0.376520270 -1.236790337 0.071734734
 0.966185000 0.475123120 0.376708790 -1.242559163 0.067178078
 0.968899000 0.471742954 0.376884863 -1.248359319 0.062561809
 0.971613000 0.468347003 0.377048326 -1.254191131 0.057884782
 0.974327000 0.464935181 0.377199011 -1.260054931 0.053145824
 0.977041000 0.461507402 0.377336749 -1.265951049 0.048343731
 0.979755000 0.458063575 0.377461367 -1.271879823 0.043477267
 0.982469000 0.454603614 0.377572689 -1.277841589 0.038545164
 0.985183000 0.451127427 0.377670535 -1.283836688 0.033546118
 0.987897000 0.447634924 0.377754720 -1.289865462 0.028478792
 0.990611000 0.444126013 0.377825060 -1.295928256 0.023341810
 0.993325000 0.440600600 0.377881361 -1.302025417 0.018133762
 0.996039000 0.437058593 0.377923429 -1.308157292 0.012853196
 0.998753000 0.433499897 0.377951066 -1.314324232 0.007498622
 1.001467000 0.429924416 0.377964069 -1.320526587 0.002068508
 1.004181000 0.426332053 0.377962230 -1.326764712 -0.003438723
 1.006895000 0.422722710 0.377945338 -1.333038960 -0.009024690
 1.009609000 0.419096290 0.377913177 -1.339349685 -0.014691058
 1.012323000 0.415452693 0.377865526 -1.345697242 -0.020439542
 1.015037000 0.411791818 0.377802161 -1.352081987 -0.026271904
 1.017751000 0.408113565 0.377722851 -1.358504276 -0.032189958
 1.020465000 0.404417829 0.377627360 -1.364964464 -0.038195572
 1.023179000 0.400704509 0.377515450 -1.371462904 -0.044290668
 1.025893000 0.396973500 0.377386874 -1.377999951 -0.050477224
 1.028607000 0.393224697 0.377241381 -1.384575955 -0.056757279
 1.031321000 0.389457993 0.377078715 -1.391191266 -0.063132933
 1.034035000 0.385673282 0.376898614 -1.397846232 -0.069606347
 1.036749000 0.381870454 0.376700808 -1.404541196 -0.076179751
 1.039463000 0.378049402 0.376485024 -1.411276499 -0.082855442
 1.042177000 0.374210015 0.376250981 -1.418052476 -0.089635788
 1.044891000 0.370352183 0.375998391 -1.424869459 -0.096523232
 1.047605000 0.366475793 0.375726961 -1.431727773 -0.103520291
 1.050319000 0.362580734 0.375436388 -1.438627737 -0.110629564
 1.053033000 0.358666891 0.375126367 -1.445569662 -0.117853732
 1.055747000 0.354734151 0.374796579 -1.452553850 -0.125195562
 1.058461000 0.350782397 0.374446703 -1.459580595 -0.132657909
 1.061175000 0.346811515 0.374076408 -1.466650180 -0.140243724
 1.063889000 0.342821388 0.373685354 -1.473762877 -0.147956051
 1.066603000 0.338811898 0.373273193 -1.480918944 -0.155798038
 1.069317000 0.334782928 0.372839570 -1.488118623 -0.163772935
 1.072031000 0.330734358 0.372384118 -1.495362144 -0.171884103
 1.074745000 0.326666070 0.371906464 -1.502649717 -0.180135015
 1.077459000 0.322577943 0.371406224 -1.509981533 -0.188529263
 1.080173000 0.318469857 0.370883003 -1.517357761 -0.197070563
 1.082887000 0.314341692 0.370336397 -1.524778549 -0.205762758
 1.085601000 0.310193326 0.369765991 -1.532244018 -0.214609826
 1.088315000 0.306024638 0.369171360 -1.539754261 -0.223615884
 1.091029000 0.301835507 0.368552066 -1.547309342 -0.232785194
 1.093743000 0.297625810 0.367907660 -1.554909289 -0.242122171
 1.096457000 0.293395426 0.367237680 -1.562554096 -0.251631389
 1.099171000 0.289144234 0.366541654 -1.570243718 -0.261317587
 1.101885000 0.284872111 0.365819094 -1.577978064 -0.271185675
 1.104599000 0.280578936 0.365069499 -1.585756999 -0.281240747
 1.107313000 0.276264589 0.364292355 -1.593580335 -0.291488084
 1.110027000 0.271928950 0.363487133 -1.601447829 -0.301933164
 1.112741000 0.267571899 0.362653288 -1.609359178 -0.312581672
 1.115455000 0.263193317 0.361790261 -1.617314011 -0.323439508
 1.118169000 0.258793087 0.360897475 -1.625311888 -0.334512797
 1.120883000 0.254371094 0.359974336 -1.633352291 -0.345807903
 1.123597000 0.249927221 0.359020234 -1.641434616 -0.357331432
 1.126311000 0.245461357 0.358034540 -1.649558168 -0.369090254
 1.129025000 0.240973391 0.357016605 -1.657722151 -0.381091507
 1.131739000 0.236463214 0.355965761 -1.665925663 -0.393342612
 1.134453000 0.231930720 0.354881321 -1.674167683 -0.405851290
 1.137167000 0.227375806 0.353762573 -1.682447060 -0.418625570
 1.139881000 0.222798373 0.352608786 -1.690762508 -0.431673811
 1.142595000 0.218198324 0.351419205 -1.699112586 -0.445004712
 1.145309000 0.213575568 0.350193050 -1.707495692 -0.458627333
 1.148023000 0.208930018 0.348929517 -1.715910043 -0.472551108
 1.150737000 0.204261590 0.347627775 -1.724353662 -0.486785870
 1.153451000 0.199570210 0.346286967 -1.732824363 -0.501341863
 1.156165000 0.194855806 0.344906206 -1.741319730 -0.516229769
 1.158879000 0.190118315 0.343484577 -1.749837095 -0.531460726
 1.161593000 0.185357681 0.342021132 -1.758373521 -0.547046351
 1.164307000 0.180573858 0.340514893 -1.766925775 -0.562998766
 1.167021000 0.175766806 0.338964848 -1.775490301 -0.579330621
 1.169735000 0.170936497 0.337369948 -1.784063193 -0.596055124
 1.172449000 0.166082916 0.335729110 -1.792640162 -0.613186062
 1.175163000 0.161206056 0.334041211 -1.801216506 -0.630737840
 1.177877000 0.156305926 0.332305088 -1.809787066 -0.648725503
 1.180591000 0.151382550 0.330519538 -1.818346189 -0.667164773
 1.183305000 0.146435968 0.328683313 -1.826887681 -0.686072082
 1.186019000 0.141466235 0.326795119 -1.835404760 -0.705464605
 1.188733000 0.136473428 0.324853616 -1.843889999 -0.725360300
 1.191447000 0.131457644 0.322857411 -1.852335269 -0.745777946
 1.194161000 0.126419005 0.320805064 -1.860731669 -0.766737180
 1.196875000 0.121357654 0.318695075 -1.869069461 -0.788258541
 1.199589000 0.116273767 0.316525890 -1.877337984 -0.810363511
 1.202303000 0.111167545 0.314295896 -1.885525573 -0.833074563
 1.205017000 0.106039227 0.312003415 -1.893619458 -0.856415199
 1.207731000 0.100889084 0.309646706 -1.901605663 -0.880410002
 1.210445000 0.095717430 0.307223959 -1.909468887 -0.905084681
 1.213159000 0.090524621 0.304733292 -1.917192379 -0.930466117
 1.215873000 0.085311061 0.302172750 -1.924757794 -0.956582407
 1.218587000 0.080077204 0.299540298 -1.932145041 -0.983462916
 1.221301000 0.074823566 0.296833821 -1.939332109 -1.011138314
 1.224015000 0.069550720 0.294051119 -1.946294882 -1.039640623
 1.226729000 0.064259311 0.291189903 -1.953006927 -1.069003251
 1.229443000 0.058950058 0.288247790 -1.959439268 -1.099261024
 1.232157000 0.053623762 0.285222302 -1.965560131 -1.130450214
 1.234871000 0.048281316 0.282110861 -1.971334667 -1.162608557
 1.237585000 0.042923711 0.278910783 -1.976724644 -1.195775251
 1.240299000 0.037552046 0.275619277 -1.981688113 -1.229990955
 1.243013000 0.032167540 0.272233440 -1.986179030 -1.265297757
 1.245727000 0.026771543 0.268750251 -1.990146855 -1.301739121
 1.248441000 0.021365550 0.265166570 -1.993536100 -1.339359814
 1.251155000 0.015951211 0.261479135 -1.996285843 -1.378205790
 1.253869000 0.010530352 0.257684558 -1.998329189 -1.418324036
 1.256583000 0.005104987 0.253779319 -1.999592689 -1.459762362
 1.259297000 -0.000322659 0.249759772 -1.999995709 -1.502569141
 1.262011000 -0.005750132 0.245622135 -1.999449740 -1.546792963
 1.264725000 -0.011174727 0.241362499 -1.997857665 -1.592482203
 1.267439000 -0.016593463 0.236976820 -1.995112972 -1.639684489
 1.270153000 -0.022003055 0.232460929 -1.991098914 -1.688446041
 1.272867000 -0.027399889 0.227810534 -1.985687635 -1.738810855
 1.275581000 -0.032779984 0.223021227 -1.978739258 -1.790819727
 1.278295000 -0.038138965 0.218088496 -1.970100952 -1.844509059
 1.281009000 -0.043472022 0.213007738 -1.959606010 -1.899909439
 1.283723000 -0.048773874 0.207774275 -1.947072943 -1.957043944
 1.286437000 -0.054038726 0.202383380 -1.932304656 -2.015926139
 1.289151000 -0.059260225 0.196830305 -1.915087732 -2.076557720
 1.291865000 -0.064431418 0.191110315 -1.895191899 -2.138925774
 1.294579000 -0.069544701 0.185218735 -1.872369768 -2.202999624
 1.297293000 -0.074591779 0.179151001 -1.846356931 -2.268727209
 1.300007000 -0.079563614 0.172902724 -1.816872549 -2.336031012
 1.302721000 -0.084450387 0.166469763 -1.783620594 -2.404803525
 1.305435000 -0.089241455 0.159848318 -1.746291884 -2.474902279
 1.308149000 -0.093925322 0.153035028 -1.704567153 -2.546144539
 1.310863000 -0.098489618 0.146027088 -1.658121323 -2.618301762
 1.313577000 -0.102921088 0.138822383 -1.606629235 -2.691094039
 1.316291000 -0.107205603 0.131419631 -1.549773028 -2.764184793
 1.319005000 -0.111328190 0.123818549 -1.487251333 -2.837176113
 1.321719000 -0.115273094 0.116020018 -1.418790406 -2.909605208
 1.324433000 -0.119023870 0.108026269 -1.344157160 -2.980942558
 1.327147000 -0.122563510 0.099841057 -1.263173925 -3.050592436
 1.329861000 -0.125874619 0.091469842 -1.175734555 -3.117896509
 1.332575000 -0.128939628 0.082919947 -1.081821191 -3.182141192
 1.335289000 -0.131741060 0.074200694 -0.981520754 -3.242569343
 1.338003000 -0.134261831 0.065323501 -0.875039930 -3.298396632
 1.340717000 -0.136485597 0.056301928 -0.762717182 -3.348832557
 1.343431000 -0.138397118 0.047151662 -0.645030219 -3.393105625
 1.346145000 -0.139982643 0.037890425 -0.522597441 -3.430491633
 1.348859000 -0.141230285 0.028537806 -0.396172129 -3.460343436
 1.351573000 -0.142130370 0.019115015 -0.266628715 -3.482120120
 1.354287000 -0.142675735 0.009644555 -0.134941188 -3.495413195
 1.357001000 -0.142861967 0.000149832 -0.002154525 -3.499967459
 1.359715000 -0.142687547 -0.009345277 0.130649100 -3.495694489
 1.362429000 -0.142153901 -0.018816890 0.262386941 -3.482677403
 1.365143000 -0.141265355 -0.028241579 0.392012341 -3.461166382
 1.367857000 -0.140028984 -0.037596804 0.518548654 -3.431565431
 1.370571000 -0.138454389 -0.046861313 0.641118005 -3.394411716
 1.373285000 -0.136553394 -0.056015460 0.758963114 -3.350349500
 1.375999000 -0.134339694 -0.065041459 0.871461279 -3.300101030
 1.378713000 -0.131828489 -0.073923561 0.978130416 -3.244436750
 1.381427000 -0.129036093 -0.082648136 1.078627834 -3.184146951
 1.384141000 -0.125979572 -0.091203699 1.172742920 -3.120016473
 1.386855000 -0.122676395 -0.099580863 1.260385247 -3.052803551
 1.389569000 -0.119144130 -0.107772245 1.341569661 -2.983223304
 1.392283000 -0.115400183 -0.115772328 1.416399816 -2.911935895
 1.394997000 -0.111461575 -0.123577303 1.485051397 -2.839539049
 1.397711000 -0.107344771 -0.131184897 1.547755992 -2.766564351
 1.400425000 -0.103065549 -0.138594187 1.604786273 -2.693476636
 1.403139000 -0.098638907 -0.145805423 1.656442915 -2.620675775
 1.405853000 -0.094079001 -0.152819855 1.703043402 -2.548500179
 1.408567000 -0.089399112 -0.159639576 1.744912769 -2.477231436
 1.411281000 -0.084611640 -0.166267368 1.782376177 -2.407099598
 1.413995000 -0.079728106 -0.172706578 1.815753131 -2.338288744
 1.416709000 -0.074759180 -0.178960994 1.845353162 -2.270942510
 1.419423000 -0.069714705 -0.185034744 1.871472732 -2.205169421
 1.422137000 -0.064603744 -0.190932213 1.894393161 -2.141047857
 1.424851000 -0.059434615 -0.196657958 1.914379367 -2.078630613
 1.427565000 -0.054214941 -0.202216652 1.931679265 -2.017948980
 1.430279000 -0.048951697 -0.207613028 1.946523645 -1.959016380
 1.432993000 -0.043651252 -0.212851833 1.959126434 -1.901831532
 1.435707000 -0.038319419 -0.217937795 1.969685217 -1.846381214
 1.438421000 -0.032961494 -0.222875593 1.978381948 -1.792642619
 1.441135000 -0.027582302 -0.227669833 1.985383777 -1.740585371
 1.443849000 -0.022186231 -0.232325030 1.990843946 -1.690173234
 1.446563000 -0.016777273 -0.236845595 1.994902716 -1.641365538
 1.449277000 -0.011359054 -0.241235822 1.997688301 -1.594118375
 1.451991000 -0.005934869 -0.245499886 1.999317776 -1.548385590
 1.454705000 -0.000507708 -0.249641831 1.999897955 -1.504119595
 1.457419000 0.004919716 -0.253665574 1.999526234 -1.461272034
 1.460133000 0.010344941 -0.257574897 1.998291375 -1.419794322
 1.462847000 0.015765736 -0.261373454 1.996274245 -1.379638083
 1.465561000 0.021180079 -0.265064764 1.993548507 -1.340755487
 1.468275000 0.026586140 -0.268652222 1.990181248 -1.303099523
 1.470989000 0.031982262 -0.272139094 1.986233568 -1.266624210
 1.473703000 0.037366945 -0.275528522 1.981761114 -1.231284746
 1.476417000 0.042738837 -0.278823530 1.976814575 -1.197037627
 1.479131000 0.048096713 -0.282027026 1.971440125 -1.163840728
 1.481845000 0.053439471 -0.285141804 1.965679837 -1.131653349
 1.484559000 0.058766115 -0.288170550 1.959572053 -1.100436248
 1.487273000 0.064075751 -0.291115846 1.953151723 -1.070151649
 1.489987000 0.069367575 -0.293980173 1.946450711 -1.040763238
 1.492701000 0.074640865 -0.296765917 1.939498077 -1.012236146
 1.495415000 0.079894974 -0.299475368 1.932320330 -0.984536925
 1.498129000 0.085129325 -0.302110731 1.924941655 -0.957633513
 1.500843000 0.090343403 -0.304674122 1.917384126 -0.931495202
 1.503557000 0.095536750 -0.307167578 1.909667893 -0.906092589
 1.506271000 0.100708961 -0.309593057 1.901811350 -0.881397541
 1.508985000 0.105859679 -0.311952444 1.893831299 -0.857383140
 1.511699000 0.110988588 -0.314247549 1.885743083 -0.834023646
 1.514413000 0.116095415 -0.316480117 1.877560719 -0.811294443
 1.517127000 0.121179922 -0.318651827 1.869297012 -0.789171996
 1.519841000 0.126241905 -0.320764293 1.860963662 -0.767633806
 1.522555000 0.131281188 -0.322819073 1.852571358 -0.746658359
 1.525269000 0.136297626 -0.324817666 1.844129869 -0.726225091
 1.527983000 0.141291097 -0.326761516 1.835648120 -0.706314338
 1.530697000 0.146261503 -0.328652016 1.827134263 -0.686907297
 1.533411000 0.151208768 -0.330490507 1.818595748 -0.667985987
 1.536125000 0.156132834 -0.332278286 1.810039375 -0.649533209
 1.538839000 0.161033660 -0.334016601 1.801471358 -0.631532510
 1.541553000 0.165911223 -0.335706657 1.792897365 -0.613968148
 1.544267000 0.170765515 -0.337349618 1.784322569 -0.596825057
 1.546981000 0.175596538 -0.338946608 1.775751689 -0.580088817
 1.549695000 0.180404311 -0.340498713 1.767189027 -0.563745620
 1.552409000 0.185188860 -0.342006979 1.758638499 -0.547782242
 1.555123000 0.189950223 -0.343472422 1.750103671 -0.532186018
 1.557837000 0.194688448 -0.344896022 1.741587789 -0.516944811
 1.560551000 0.199403590 -0.346278725 1.733093798 -0.502046988
 1.563265000 0.204095712 -0.347621448 1.724624374 -0.487481397
 1.565979000 0.208764884 -0.348925079 1.716181941 -0.473237344
 1.568693000 0.213411183 -0.350190476 1.707768693 -0.459304572
 1.571407000 0.218034689 -0.351418471 1.699386614 -0.445673237
 1.574121000 0.222635491 -0.352609868 1.691037491 -0.432333892
 1.576835000 0.227213680 -0.353765448 1.682722934 -0.419277467
 1.579549000 0.231769352 -0.354885967 1.674444388 -0.406495252
 1.582263000 0.236302606 -0.355972157 1.666203146 -0.393978880
 1.584977000 0.240813546 -0.357024730 1.658000360 -0.381720311
 1.587691000 0.245302276 -0.358044374 1.649837058 -0.369711815
 1.590405000 0.249768906 -0.359031757 1.641714145 -0.357945963
 1.593119000 0.254213546 -0.359987529 1.633632421 -0.346415607
 1.595833000 0.258636309 -0.360912319 1.625592584 -0.335113873
 1.598547000 0.263037309 -0.361806739 1.617595239 -0.324034144
 1.601261000 0.267416663 -0.362671383 1.609640910 -0.313170051
 1.603975000 0.271774487 -0.363506826 1.601730039 -0.302515461
 1.606689000 0.276110901 -0.364313631 1.593862999 -0.292064467
 1.609403000 0.280426023 -0.365092342 1.586040094 -0.281811380
 1.612117000 0.284719974 -0.365843488 1.578261571 -0.271750713
 1.614831000 0.288992875 -0.366567584 1.570527619 -0.261877182
 1.617545000 0.293244847 -0.367265131 1.562838375 -0.252185687
 1.620259000 0.297476010 -0.367936618 1.555193931 -0.242671312
 1.622973000 0.301686487 -0.368582517 1.547594334 -0.233329313
 1.625687000 0.305876400 -0.369203290 1.540039593 -0.224155112
 1.628401000 0.310045870 -0.369799388 1.532529679 -0.215144289
 1.631115000 0.314195019 -0.370371246 1.525064530 -0.206292578
 1.633829000 0.318323969 -0.370919293 1.517644055 -0.197595857
 1.636543000 0.322432839 -0.371443942 1.510268132 -0.189050144
 1.639257000 0.326521751 -0.371945598 1.502936617 -0.180651593
 1.641971000 0.330590826 -0.372424657 1.495649340 -0.172396483
 1.644685000 0.334640183 -0.372881501 1.488406110 -0.164281221
 1.647399000 0.338669942 -0.373316507 1.481206719 -0.156302328
 1.650113000 0.342680220 -0.373730039 1.474050938 -0.148456441
 1.652827000 0.346671136 -0.374122453 1.466938526 -0.140740306
 1.655541000 0.350642808 -0.374494099 1.459869223 -0.133150773
 1.658255000 0.354595352 -0.374845315 1.452842760 -0.125684794
 1.660969000 0.358528884 -0.375176433 1.445858855 -0.118339416
 1.663683000 0.362443519 -0.375487775 1.438917213 -0.111111782
 1.666397000 0.366339372 -0.375779659 1.432017533 -0.103999120
 1.669111000 0.370216555 -0.376052391 1.425159504 -0.096998749
 1.671825000 0.374075182 -0.376306274 1.418342808 -0.090108067
 1.674539000 0.377915364 -0.376541601 1.411567119 -0.083324553
 1.677253000 0.381737212 -0.376758661 1.404832108 -0.076645764
 1.679967000 0.385540836 -0.376957734 1.398137437 -0.070069329
 1.682681000 0.389326345 -0.377139094 1.391482769 -0.063592949
 1.685395000 0.393093847 -0.377303011 1.384867757 -0.057214392
 1.688109000 0.396843449 -0.377449747 1.378292057 -0.050931495
 1.690823000 0.400575258 -0.377579558 1.371755317 -0.044742157
 1.693537000 0.404289378 -0.377692696 1.365257188 -0.038644336
 1.696251000 0.407985915 -0.377789407 1.358797316 -0.032636053
 1.698965000 0.411664971 -0.377869930 1.352375346 -0.026715383
 1.701679000 0.415326649 -0.377934501 1.345990924 -0.020880459
 1.704393000 0.418971050 -0.377983351 1.339643694 -0.015129464
 1.707107000 0.422598274 -0.378016704 1.333333302 -0.009460634
 1.709821000 0.426208422 -0.378034782 1.327059392 -0.003872254
 1.712535000 0.429801592 -0.378037800 1.320821609 0.001637343
 1.715249000 0.433377880 -0.378025970 1.314619600 0.007069779
 1.717963000 0.436937385 -0.377999499 1.308453013 0.012426629
 1.720677000 0.440480201 -0.377958590 1.302321494 0.017709429
 1.723391000 0.444006424 -0.377903443 1.296224696 0.022919669
 1.726105000 0.447516146 -0.377834252 1.290162269 0.028058802
 1.728819000 0.451009461 -0.377751208 1.284133867 0.033128241
 1.731533000 0.454486461 -0.377654498 1.278139146 0.038129360
 1.734247000 0.457947237 -0.377544307 1.272177762 0.043063499
 1.736961000 0.461391878 -0.377420814 1.266249377 0.047931962
 1.739675000 0.464820474 -0.377284196 1.260353652 0.052736019
 1.742389000 0.468233113 -0.377134625 1.254490251 0.057476907
 1.745103000 0.471629882 -0.376972272 1.248658843 0.062155830
 1.747817000 0.475010867 -0.376797303 1.242859097 0.066773964
 1.750531000 0.478376155 -0.376609881 1.237090685 0.071332451
 1.753245000 0.481725829 -0.376410168 1.231353283 0.075832409
 1.755959000 0.485059974 -0.376198319 1.225646570 0.080274923
 1.758673000 0.488378672 -0.375974491 1.219970225 0.084661055
 1.761387000 0.491682005 -0.375738833 1.214323934 0.088991837
 1.764101000 0.494970055 -0.375491496 1.208707382 0.093268279
 1.766815000 0.498242901 -0.375232626 1.203120261 0.097491364
 1.769529000 0.501500624 -0.374962365 1.197562263 0.101662051
 1.772243000 0.504743301 -0.374680855 1.192033084 0.105781277
 1.774957000 0.507971010 -0.374388234 1.186532423 0.109849955
 1.777671000 0.511183830 -0.374084638 1.181059982 0.113868978
 1.780385000 0.514381835 -0.373770201 1.175615467 0.117839216
 1.783099000 0.517565101 -0.373445054 1.170198585 0.121761519
 1.785813000 0.520733703 -0.373109326 1.164809049 0.125636716
 1.788527000 0.523887714 -0.372763144 1.159446573 0.129465619
 1.791241000 0.527027208 -0.372406632 1.154110875 0.133249019
 1.793955000 0.530152257 -0.372039912 1.148801674 0.136987690
 1.796669000 0.533262933 -0.371663106 1.143518696 0.140682386
 1.799383000 0.536359306 -0.371276331 1.138261666 0.144333847
 1.802097000 0.539441446 -0.370879704 1.133030315 0.147942793
 1.804811000 0.542509422 -0.370473339 1.127824376 0.151509929
 1.807525000 0.545563304 -0.370057349 1.122643584 0.155035946
 1.810239000 0.548603159 -0.369631844 1.117487679 0.158521516
 1.812953000 0.551629055 -0.369196934 1.112356403 0.161967299
 1.815667000 0.554641057 -0.368752725 1.107249500 0.165373938
 1.818381000 0.557639232 -0.368299322 1.102166718 0.168742064
 1.821095000 0.560623645 -0.367836830 1.097107809 0.172072293
 1.823809000 0.563594360 -0.367365351 1.092072525 0.175365227
 1.826523000 0.566551441 -0.366884984 1.087060624 0.178621457
 1.829237000 0.569494951 -0.366395829 1.082071864 0.181841560
 1.831951000 0.572424952 -0.365897984 1.077106008 0.185026099
 1.834665000 0.575341508 -0.365391543 1.072162821 0.188175628
 1.837379000 0.578244677 -0.364876601 1.067242071 0.191290688
 1.840093000 0.581134523 -0.364353251 1.062343528 0.194371807
 1.842807000 0.584011103 -0.363821584 1.057466966 0.197419505
 1.845521000 0.586874478 -0.363281690 1.052612160 0.200434289
 1.848235000 0.589724706 -0.362733659 1.047778889 0.203416656
 1.850949000 0.592561846 -0.362177577 1.042966934 0.206367093
 1.853663000 0.595385954 -0.361613530 1.038176079 0.209286075
 1.856377000 0.598197089 -0.361041603 1.033406110 0.212174071
 1.859091000 0.600995306 -0.360461879 1.028656816 0.215031537
 1.861805000 0.603780662 -0.359874442 1.023927989 0.217858922
 1.864519000 0.606553210 -0.359279371 1.019219423 0.220656665
 1.867233000 0.609313007 -0.358676746 1.014530913 0.223425196
 1.869947000 0.612060107 -0.358066647 1.009862259 0.226164937
 1.872661000 0.614794562 -0.357449151 1.005213262 0.228876301
 1.875375000 0.617516427 -0.356824335 1.000583725 0.231559694
 1.878089000 0.620225753 -0.356192273 0.995973454 0.234215512
 1.880803000 0.622922592 -0.355553040 0.991382257 0.236844145
 1.883517000 0.625606997 -0.354906710 0.986809945 0.239445974
 1.886231000 0.628279018 -0.354253354 0.982256330 0.242021375
 1.888945000 0.630938706 -0.353593044 0.977721227 0.244570714
 1.891659000 0.633586110 -0.352925850 0.973204454 0.247094352
 1.894373000 0.636221281 -0.352251841 0.968705829 0.249592642
 1.897087000 0.638844266 -0.351571086 0.964225174 0.252065930
 1.899801000 0.641455115 -0.350883652 0.959762312 0.254514556
 1.902515000 0.644053876 -0.350189606 0.955317069 0.256938854
 1.905229000 0.646640597 -0.349489012 0.950889273 0.259339151
 1.907943000 0.649215323 -0.348781937 0.946478752 0.261715768
 1.910657000 0.651778103 -0.348068443 0.942085340 0.264069021
 1.913371000 0.654328982 -0.347348593 0.937708868 0.266399219
 1.916085000 0.656868007 -0.346622451 0.933349174 0.268706665
 1.918799000 0.659395221 -0.345890076 0.929006094 0.270991658
 1.921513000 0.661910671 -0.345151530 0.924679467 0.273254491
 1.924227000 0.664414400 -0.344406873 0.920369135 0.275495450
 1.926941000 0.666906453 -0.343656163 0.916074941 0.277714817
 1.929655000 0.669386874 -0.342899458 0.911796729 0.279912871
 1.932369000 0.671855705 -0.342136817 0.907534347 0.282089882
 1.935083000 0.674312989 -0.341368295 0.903287643 0.284246118
 1.937797000 0.676758768 -0.340593950 0.899056466 0.286381842
 1.940511000 0.679193085 -0.339813835 0.894840669 0.288497311
 1.943225000 0.681615981 -0.339028006 0.890640105 0.290592779
 1.945939000 0.684027498 -0.338236517 0.886454630 0.292668494
 1.948653000 0.686427675 -0.337439421 0.882284100 0.294724701
 1.951367000 0.688816553 -0.336636771 0.878128374 0.296761640
 1.954081000 0.691194173 -0.335828619 0.873987312 0.298779547
 1.956795000 0.693560574 -0.335015015 0.869860776 0.300778654
 1.959509000 0.695915794 -0.334196011 0.865748628 0.302759189
 1.962223000 0.698259874 -0.333371657 0.861650734 0.304721376
 1.964937000 0.700592852 -0.332542002 0.857566960 0.306665436
 1.967651000 0.702914764 -0.331707095 0.853497174 0.308591584
 1.970365000 0.705225651 -0.330866984 0.849441245 0.310500033
 1.973079000 0.707525548 -0.330021718 0.845399043 0.312390994
 1.975793000 0.709814493 -0.329171344 0.841370442 0.314264671
 1.978507000 0.712092523 -0.328315907 0.837355314 0.316121267
 1.981221000 0.714359674 -0.327455454 0.833353534 0.317960981
 1.983935000 0.716615982 -0.326590032 0.829364979 0.319784008
 1.986649000 0.718861483 -0.325719684 0.825389526 0.321590540
 1.989363000 0.721096212 -0.324844455 0.821427055 0.323380768
 1.992077000 0.723320204 -0.323964389 0.817477446 0.325154877
 1.994791000 0.725533495 -0.323079530 0.813540580 0.326913050
 1.997505000 0.727736118 -0.322189921 0.809616340 0.328655468
 2.000219000 0.729928108 -0.321295604 0.805704611 0.330382307
 2.002933000 0.732109498 -0.320396622 0.801805278 0.332093741
 2.005647000 0.734280322 -0.319493015 0.797918228 0.333789943
 2.008361000 0.736440613 -0.318584825 0.794043348 0.335471081
 2.011075000 0.738590404 -0.317672093 0.790180528 0.337137321
 2.013789000 0.740729727 -0.316754859 0.786329658 0.338788826
 2.016503000 0.742858616 -0.315833162 0.782490629 0.340425758
 2.019217000 0.744977101 -0.314907042 0.778663335 0.342048275
 2.021931000 0.747085215 -0.313976539 0.774847667 0.343656532
 2.024645000 0.749182988 -0.313041689 0.771043523 0.345250683
 2.027359000 0.751270453 -0.312102532 0.767250797 0.346830879
 2.030073000 0.753347640 -0.311159105 0.763469386 0.348397268
 2.032787000 0.755414579 -0.310211446 0.759699189 0.349949996
 2.035501000 0.757471301 -0.309259590 0.755940104 0.351489209
 2.038215000 0.759517835 -0.308303576 0.752192032 0.353015047
 2.040929000 0.761554213 -0.307343438 0.748454875 0.354527650
 2.043643000 0.763580462 -0.306379213 0.744728533 0.356027156
 2.046357000 0.765596613 -0.305410936 0.741012912 0.357513700
 2.049071000 0.767602693 -0.304438642 0.737307914 0.358987416
 2.051785000 0.769598733 -0.303462365 0.733613444 0.360448435
 2.054499000 0.771584760 -0.302482140 0.729929411 0.361896885
 2.057213000 0.773560803 -0.301498002 0.726255719 0.363332896
 2.059927000 0.775526889 -0.300509982 0.722592277 0.364756591
 2.062641000 0.777483047 -0.299518115 0.718938995 0.366168095
 2.065355000 0.779429303 -0.298522434 0.715295782 0.367567530
 2.068069000 0.781365685 -0.297522971 0.711662549 0.368955015
 2.070783000 0.783292220 -0.296519758 0.708039207 0.370330669
 2.073497000 0.785208934 -0.295512828 0.704425669 0.371694608
 2.076211000 0.787115855 -0.294502212 0.700821849 0.373046946
 2.078925000 0.789013008 -0.293487941 0.697227661 0.374387798
 2.081639000 0.790900419 -0.292470046 0.693643019 0.375717274
 2.084353000 0.792778114 -0.291448559 0.690067840 0.377035484
 2.087067000 0.794646119 -0.290423509 0.686502040 0.378342536
 2.089781000 0.796504459 -0.289394927 0.682945537 0.379638538
 2.092495000 0.798353159 -0.288362842 0.679398250 0.380923593
 2.095209000 0.800192245 -0.287327285 0.675860097 0.382197806
 2.097923000 0.802021740 -0.286288284 0.672330998 0.383461278
 2.100637000 0.803841669 -0.285245868 0.668810874 0.384714111
 2.103351000 0.805652057 -0.284200066 0.665299646 0.385956403
 2.106065000 0.807452927 -0.283150907 0.661797237 0.387188252
 2.108779000 0.809244303 -0.282098419 0.658303569 0.388409755
 2.111493000 0.811026210 -0.281042630 0.654818566 0.389621006
 2.114207000 0.812798670 -0.279983567 0.651342152 0.390822100
 2.116921000 0.814561706 -0.278921258 0.647874253 0.392013128
 2.119635000 0.816315342 -0.277855730 0.644414793 0.393194182
 2.122349000 0.818059601 -0.276787010 0.640963701 0.394365352
 2.125063000 0.819794504 -0.275715125 0.637520901 0.395526725
 2.127777000 0.821520075 -0.274640101 0.634086323 0.396678390
 2.130491000 0.823236336 -0.273561964 0.630659895 0.397820432
 2.133205000 0.824943308 -0.272480741 0.627241545 0.398952937
 2.135919000 0.826641013 -0.271396457 0.623831204 0.400075988
 2.138633000 0.828329474 -0.270309138 0.620428802 0.401189667
 2.141347000 0.830008711 -0.269218809 0.617034269 0.402294056
 2.144061000 0.831678747 -0.268125495 0.613647538 0.403389236
 2.146775000 0.833339601 -0.267029222 0.610268541 0.404475286
 2.149489000 0.834991295 -0.265930013 0.606897210 0.405552283
 2.152203000 0.836633849 -0.264827893 0.603533479 0.406620305
 2.154917000 0.838267284 -0.263722887 0.600177282 0.407679428
 2.157631000 0.839891621 -0.262615018 0.596828553 0.408729727
 2.160345000 0.841506880 -0.261504311 0.593487228 0.409771276
 2.163059000 0.843113080 -0.260390789 0.590153242 0.410804148
 2.165773000 0.844710242 -0.259274475 0.586826532 0.411828415
 2.168487000 0.846298384 -0.258155393 0.583507034 0.412844148
 2.171201000 0.847877528 -0.257033566 0.580194686 0.413851416
 2.173915000 0.849447691 -0.255909016 0.576889426 0.414850291
 2.176629000 0.851008893 -0.254781767 0.573591191 0.415840838
 2.179343000 0.852561153 -0.253651840 0.570299922 0.416823127
 2.182057000 0.854104491 -0.252519259 0.567015557 0.417797223
 2.184771000 0.855638923 -0.251384045 0.563738037 0.418763191
 2.187485000 0.857164470 -0.250246221 0.560467301 0.419721097
 2.190199000 0.858681149 -0.249105807 0.557203292 0.420671005
 2.192913000 0.860188979 -0.247962827 0.553945950 0.421612977
 2.195627000 0.861687977 -0.246817300 0.550695218 0.422547076
 2.198341000 0.863178162 -0.245669249 0.547451037 0.423473362
 2.201055000 0.864659550 -0.244518695 0.544213351 0.424391897
 2.203769000 0.866132161 -0.243365658 0.540982104 0.425302741
 2.206483000 0.867596010 -0.242210159 0.537757238 0.426205951
 2.209197000 0.869051116 -0.241052220 0.534538699 0.427101588
 2.211911000 0.870497495 -0.239891860 0.531326430 0.427989707
 2.214625000 0.871935165 -0.238729099 0.528120378 0.428870365
 2.217339000 0.873364141 -0.237563959 0.524920488 0.429743620
 2.220053000 0.874784442 -0.236396458 0.521726705 0.430609525
 2.222767000 0.876196083 -0.235226618 0.518538977 0.431468136
 2.225481000 0.877599080 -0.234054457 0.515357250 0.432319506
 2.228195000 0.878993450 -0.232879995 0.512181472 0.433163689
 2.230909000 0.880379209 -0.231703251 0.509011590 0.434000736
 2.233623000 0.881756374 -0.230524246 0.505847553 0.434830701
 2.236337000 0.883124958 -0.229342998 0.502689308 0.435653633
 2.239051000 0.884484980 -0.228159525 0.499536806 0.436469584
 2.241765000 0.885836452 -0.226973848 0.496389994 0.437278602
 2.244479000 0.887179393 -0.225785984 0.493248824 0.438080738
 2.247193000 0.888513815 -0.224595953 0.490113245 0.438876041
 2.249907000 0.889839736 -0.223403772 0.486983208 0.439664557
 2.252621000 0.891157168 -0.222209460 0.483858662 0.440446334
 2.255335000 0.892466128 -0.221013036 0.480739561 0.441221419
 2.258049000 0.893766631 -0.219814517 0.477625854 0.441989859
 2.260763000 0.895058689 -0.218613922 0.474517495 0.442751698
 2.263477000 0.896342319 -0.217411268 0.471414435 0.443506982
 2.266191000 0.897617535 -0.216206572 0.468316628 0.444255755
 2.268905000 0.898884350 -0.214999854 0.465224025 0.444998061
 2.271619000 0.900142779 -0.213791130 0.462136580 0.445733944
 2.274333000 0.901392835 -0.212580417 0.459054248 0.446463445
 2.277047000 0.902634533 -0.211367732 0.455976981 0.447186608
 2.279761000 0.903867886 -0.210153094 0.452904735 0.447903474
 2.282475000 0.905092907 -0.208936519 0.449837464 0.448614084
 2.285189000 0.906309611 -0.207718023 0.446775123 0.449318478
 2.287903000 0.907518010 -0.206497624 0.443717667 0.450016698
 2.290617000 0.908718118 -0.205275339 0.440665052 0.450708782
 2.293331000 0.909909947 -0.204051183 0.437617233 0.451394770
 2.296045000 0.911093512 -0.202825174 0.434574167 0.452074700
 2.298759000 0.912268823 -0.201597328 0.431535811 0.452748611
 2.301473000 0.913435895 -0.200367661 0.428502121 0.453416540
 2.304187000 0.914594740 -0.199136189 0.425473054 0.454078524
 2.306901000 0.915745370 -0.197902929 0.422448568 0.454734601
 2.309615000 0.916887798 -0.196667896 0.419428620 0.455384805
 2.312329000 0.918022036 -0.195431106 0.416413169 0.456029174
 2.315043000 0.919148096 -0.194192575 0.413402172 0.456667743
 2.317757000 0.920265990 -0.192952319 0.410395589 0.457300546
 2.320471000 0.921375730 -0.191710353 0.407393377 0.457927619
 2.323185000 0.922477328 -0.190466694 0.404395496 0.458548994
 2.325899000 0.923570795 -0.189221355 0.401401905 0.459164706
 2.328613000 0.924656144 -0.187974353 0.398412564 0.459774788
 2.331327000 0.925733386 -0.186725703 0.395427433 0.460379273
 2.334041000 0.926802531 -0.185475420 0.392446471 0.460978193
 2.336755000 0.927863592 -0.184223519 0.389469640 0.461571580
 2.339469000 0.928916579 -0.182970015 0.386496899 0.462159466
 2.342183000 0.929961504 -0.181714923 0.383528210 0.462741881
 2.344897000 0.930998377 -0.180458258 0.380563534 0.463318858
 2.347611000 0.932027209 -0.179200034 0.377602831 0.463890425
 2.350325000 0.933048011 -0.177940266 0.374646064 0.464456613
 2.353039000 0.934060794 -0.176678969 0.371693194 0.465017452
 2.355753000 0.935065569 -0.175416157 0.368744184 0.465572972
 2.358467000 0.936062344 -0.174151844 0.365798995 0.466123200
 2.361181000 0.937051132 -0.172886045 0.362857590 0.466668165
 2.363895000 0.938031942 -0.171618775 0.359919932 0.467207896
 2.366609000 0.939004784 -0.170350046 0.356985984 0.467742420
 2.369323000 0.939969668 -0.169079874 0.354055709 0.468271766
 2.372037000 0.940926604 -0.167808272 0.351129070 0.468795959
 2.374751000 0.941875603 -0.166535255 0.348206031 0.469315027
 2.377465000 0.942816673 -0.165260835 0.345286555 0.469828996
 2.380179000 0.943749824 -0.163985028 0.342370607 0.470337893
 2.382893000 0.944675066 -0.162707846 0.339458151 0.470841742
 2.385607000 0.945592409 -0.161429304 0.336549151 0.471340570
 2.388321000 0.946501861 -0.160149415 0.333643571 0.471834401
 2.391035000 0.947403432 -0.158868192 0.330741377 0.472323261
 2.393749000 0.948297131 -0.157585649 0.327842534 0.472807173
 2.396463000 0.949182967 -0.156301800 0.324947006 0.473286163
 2.399177000 0.950060949 -0.155016657 0.322054760 0.473760253
 2.401891000 0.950931086 -0.153730234 0.319165760 0.474229467
 2.404605000 0.951793387 -0.152442544 0.316279972 0.474693829
 2.407319000 0.952647860 -0.151153601 0.313397363 0.475153361
 2.410033000 0.953494514 -0.149863416 0.310517898 0.475608086
 2.412747000 0.954333357 -0.148572005 0.307641543 0.476058027
 2.415461000 0.955164398 -0.147279378 0.304768266 0.476503204
 2.418175000 0.955987644 -0.145985550 0.301898032 0.476943641
 2.420889000 0.956803106 -0.144690533 0.299030808 0.477379358
 2.423603000 0.957610789 -0.143394339 0.296166562 0.477810377
 2.426317000 0.958410703 -0.142096983 0.293305261 0.478236719
 2.429031000 0.959202856 -0.140798475 0.290446871 0.478658404
 2.431745000 0.959987254 -0.139498830 0.287591360 0.479075452
 2.434459000 0.960763907 -0.138198058 0.284738697 0.479487883
 2.437173000 0.961532821 -0.136896174 0.281888847 0.479895718
 2.439887000 0.962294005 -0.135593189 0.279041781 0.480298976
 2.442601000 0.963047466 -0.134289116 0.276197464 0.480697676
 2.445315000 0.963793210 -0.132983966 0.273355867 0.481091837
 2.448029000 0.964531246 -0.131677754 0.270516957 0.481481477
 2.450743000 0.965261581 -0.130370489 0.267680702 0.481866616
 2.453457000 0.965984223 -0.129062186 0.264847071 0.482247271
 2.456171000 0.966699177 -0.127752856 0.262016034 0.482623461
 2.458885000 0.967406451 -0.126442510 0.259187559 0.482995203
 2.461599000 0.968106052 -0.125131162 0.256361614 0.483362514
 2.464313000 0.968797987 -0.123818823 0.253538170 0.483725412
 2.467027000 0.969482262 -0.122505505 0.250717196 0.484083914
 2.469741000 0.970158885 -0.121191220 0.247898660 0.484438037
 2.472455000 0.970827861 -0.119875979 0.245082534 0.484787796
 2.475169000 0.971489198 -0.118559796 0.242268785 0.485133209
 2.477883000 0.972142901 -0.117242681 0.239457385 0.485474290
 2.480597000 0.972788977 -0.115924646 0.236648304 0.485811057
 2.483311000 0.973427433 -0.114605702 0.233841510 0.486143524
 2.486025000 0.974058274 -0.113285863 0.231036976 0.486471708
 2.488739000 0.974681506 -0.111965138 0.228234670 0.486795622
 2.491453000 0.975297136 -0.110643540 0.225434563 0.487115282
 2.494167000 0.975905170 -0.109321081 0.222636627 0.487430703
 2.496881000 0.976505613 -0.107997771 0.219840831 0.487741898
 2.499595000 0.977098471 -0.106673622 0.217047147 0.488048883
 2.502309000 0.977683749 -0.105348645 0.214255546 0.488351670
 2.505023000 0.978261454 -0.104022853 0.211465997 0.488650275
 2.507737000 0.978831591 -0.102696256 0.208678474 0.488944710
 2.510451000 0.979394166 -0.101368865 0.205892946 0.489234989
 2.513165000 0.979949183 -0.100040692 0.203109386 0.489521124
 2.515879000 0.980496648 -0.098711748 0.200327764 0.489803130
 2.518593000 0.981036566 -0.097382045 0.197548052 0.490081018
 2.521307000 0.981568943 -0.096051593 0.194770222 0.490354801
 2.524021000 0.982093784 -0.094720403 0.191994246 0.490624491
 2.526735000 0.982611092 -0.093388487 0.189220095 0.490890101
 2.529449000 0.983120875 -0.092055855 0.186447741 0.491151642
 2.532163000 0.983623135 -0.090722520 0.183677157 0.491409125
 2.534877000 0.984117879 -0.089388491 0.180908315 0.491662564
 2.537591000 0.984605110 -0.088053779 0.178141186 0.491911968
 2.540305000 0.985084833 -0.086718396 0.175375743 0.492157349
 2.543019000 0.985557054 -0.085382353 0.172611959 0.492398718
 2.545733000 0.986021775 -0.084045660 0.169849805 0.492636085
 2.548447000 0.986479003 -0.082708328 0.167089255 0.492869461
 2.551161000 0.986928740 -0.081370368 0.164330281 0.493098857
 2.553875000 0.987370991 -0.080031791 0.161572856 0.493324282
 2.556589000 0.987805761 -0.078692608 0.158816952 0.493545746
 2.559303000 0.988233054 -0.077352829 0.156062543 0.493763260
 2.562017000 0.988652873 -0.076012465 0.153309601 0.493976832
 2.564731000 0.989065223 -0.074671526 0.150558099 0.494186472
 2.567445000 0.989470106 -0.073330024 0.147808011 0.494392189
 2.570159000 0.989867528 -0.071987969 0.145059310 0.494593993
 2.572873000 0.990257492 -0.070645372 0.142311969 0.494791892
 2.575587000 0.990640002 -0.069302243 0.139565961 0.494985895
 2.578301000 0.991015060 -0.067958592 0.136821259 0.495176009
 2.581015000 0.991382671 -0.066614431 0.134077838 0.495362245
 2.583729000 0.991742839 -0.065269770 0.131335669 0.495544609
 2.586443000 0.992095565 -0.063924619 0.128594729 0.495723109
 2.589157000 0.992440855 -0.062578988 0.125854988 0.495897754
 2.591871000 0.992778710 -0.061232889 0.123116422 0.496068550
 2.594585000 0.993109134 -0.059886332 0.120379005 0.496235506
 2.597299000 0.993432131 -0.058539326 0.117642709 0.496398629
 2.600013000 0.993747703 -0.057191884 0.114907509 0.496557925
 2.602727000 0.994055853 -0.055844014 0.112173379 0.496713401
 2.605441000 0.994356584 -0.054495727 0.109440292 0.496865065
 2.608155000 0.994649898 -0.053147034 0.106708223 0.497012922
 2.610869000 0.994935799 -0.051797944 0.103977146 0.497156980
 2.613583000 0.995214290 -0.050448469 0.101247035 0.497297243
 2.616297000 0.995485372 -0.049098618 0.098517864 0.497433719
 2.619011000 0.995749048 -0.047748403 0.095789607 0.497566414
 2.621725000 0.996005321 -0.046397832 0.093062239 0.497695332
 2.624439000 0.996254194 -0.045046916 0.090335733 0.497820479
 2.627153000 0.996495667 -0.043695666 0.087610065 0.497941862
 2.629867000 0.996729745 -0.042344091 0.084885208 0.498059484
 2.632581000 0.996956428 -0.040992202 0.082161137 0.498173351
 2.635295000 0.997175719 -0.039640009 0.079437827 0.498283468
 2.638009000 0.997387620 -0.038287523 0.076715251 0.498389840
 2.640723000 0.997592132 -0.036934753 0.073993386 0.498492471
 2.643437000 0.997789259 -0.035581709 0.071272204 0.498591365
 2.646151000 0.997979001 -0.034228402 0.068551681 0.498686528
 2.648865000 0.998161361 -0.032874842 0.065831791 0.498777962
 2.651579000 0.998336339 -0.031521039 0.063112509 0.498865671
 2.654293000 0.998503939 -0.030167003 0.060393810 0.498949660
 2.657007000 0.998664160 -0.028812744 0.057675668 0.499029932
 2.659721000 0.998817005 -0.027458272 0.054958059 0.499106491
 2.662435000 0.998962476 -0.026103597 0.052240956 0.499179339
 2.665149000 0.999100572 -0.024748730 0.049524336 0.499248480
 2.667863000 0.999231297 -0.023393680 0.046808171 0.499313917
 2.670577000 0.999354650 -0.022038457 0.044092439 0.499375652
 2.673291000 0.999470634 -0.020683072 0.041377113 0.499433688
 2.676005000 0.999579248 -0.019327535 0.038662168 0.499488028
 2.678719000 0.999680495 -0.017971855 0.035947579 0.499538674
 2.681433000 0.999774375 -0.016616042 0.033233321 0.499585628
 2.684147000 0.999860889 -0.015260107 0.030519369 0.499628891
 2.686861000 0.999940037 -0.013904060 0.027805699 0.499668467
 2.689575000 1.000011821 -0.012547910 0.025092284 0.499704356
 2.692289000 1.000076241 -0.011191668 0.022379100 0.499736561
 2.695003000 1.000133297 -0.009835343 0.019666122 0.499765081
 2.697717000 1.000182991 -0.008478947 0.016953326 0.499789919
 2.700431000 1.000225323 -0.007122487 0.014240685 0.499811076
 2.703145000 1.000260293 -0.005765975 0.011528175 0.499828553
 2.705859000 1.000287901 -0.004409421 0.008815771 0.499842350
 2.708573000 1.000308147 -0.003052834 0.006103449 0.499852467
 2.711287000 1.000321033 -0.001696225 0.003391183 0.499858906
 2.714001000 1.000326558 -0.000339604 0.000678947 0.499861667
